Simultaneous Fit:
Rsquared = 0.981453
p        = 0.990708
corr        = -0.993049
Ebind   = 11.795846 +/- 0.816750
Lp      = 0.877241 +/- 0.128281

