#E                   2            3            4 
-5.000000e+00 9.999998e-01 1.544453e-07 5.488563e-15 
-4.824121e+00 9.999998e-01 1.841443e-07 7.802352e-15 
-4.648241e+00 9.999998e-01 2.195542e-07 1.109155e-14 
-4.472362e+00 9.999997e-01 2.617731e-07 1.576737e-14 
-4.296482e+00 9.999997e-01 3.121106e-07 2.241435e-14 
-4.120603e+00 9.999996e-01 3.721277e-07 3.186347e-14 
-3.944724e+00 9.999996e-01 4.436856e-07 4.529601e-14 
-3.768844e+00 9.999995e-01 5.290038e-07 6.439124e-14 
-3.592965e+00 9.999994e-01 6.307281e-07 9.153636e-14 
-3.417085e+00 9.999992e-01 7.520134e-07 1.301249e-13 
-3.241206e+00 9.999991e-01 8.966212e-07 1.849811e-13 
-3.065327e+00 9.999989e-01 1.069036e-06 2.629627e-13 
-2.889447e+00 9.999987e-01 1.274605e-06 3.738187e-13 
-2.713568e+00 9.999985e-01 1.519704e-06 5.314076e-13 
-2.537688e+00 9.999982e-01 1.811934e-06 7.554306e-13 
-2.361809e+00 9.999978e-01 2.160358e-06 1.073894e-12 
-2.185930e+00 9.999974e-01 2.575781e-06 1.526610e-12 
-2.010050e+00 9.999969e-01 3.071088e-06 2.170175e-12 
-1.834171e+00 9.999963e-01 3.661638e-06 3.085044e-12 
-1.658291e+00 9.999956e-01 4.365747e-06 4.385589e-12 
-1.482412e+00 9.999948e-01 5.205250e-06 6.234398e-12 
-1.306533e+00 9.999938e-01 6.206184e-06 8.862597e-12 
-1.130653e+00 9.999926e-01 7.399589e-06 1.259875e-11 
-9.547739e-01 9.999912e-01 8.822474e-06 1.790992e-11 
-7.788945e-01 9.999895e-01 1.051897e-05 2.546008e-11 
-6.030151e-01 9.999875e-01 1.254168e-05 3.619310e-11 
-4.271357e-01 9.999850e-01 1.495334e-05 5.145075e-11 
-2.512563e-01 9.999822e-01 1.782873e-05 7.314040e-11 
-7.537688e-02 9.999787e-01 2.125701e-05 1.039735e-10 
1.005025e-01 9.999747e-01 2.534451e-05 1.478046e-10 
2.763819e-01 9.999698e-01 3.021797e-05 2.101129e-10 
4.522613e-01 9.999640e-01 3.602850e-05 2.986875e-10 
6.281407e-01 9.999570e-01 4.295628e-05 4.246009e-10 
8.040201e-01 9.999488e-01 5.121610e-05 6.035931e-10 
9.798995e-01 9.999389e-01 6.106406e-05 8.580387e-10 
1.155779e+00 9.999272e-01 7.280547e-05 1.219744e-09 
1.331658e+00 9.999132e-01 8.680433e-05 1.733922e-09 
1.507538e+00 9.998965e-01 1.034946e-04 2.464843e-09 
1.683417e+00 9.998766e-01 1.233935e-04 3.503866e-09 
1.859296e+00 9.998529e-01 1.471179e-04 4.980857e-09 
2.035176e+00 9.998246e-01 1.754029e-04 7.080414e-09 
2.211055e+00 9.997909e-01 2.091248e-04 1.006493e-08 
2.386935e+00 9.997507e-01 2.493283e-04 1.430739e-08 
2.562814e+00 9.997027e-01 2.972584e-04 2.033791e-08 
2.738693e+00 9.996456e-01 3.543992e-04 2.891003e-08 
2.914573e+00 9.995774e-01 4.225194e-04 4.109470e-08 
3.090452e+00 9.994962e-01 5.037265e-04 5.841406e-08 
3.266332e+00 9.993994e-01 6.005320e-04 8.303138e-08 
3.442211e+00 9.992840e-01 7.159282e-04 1.180209e-07 
3.618090e+00 9.991464e-01 8.534795e-04 1.677514e-07 
3.793970e+00 9.989823e-01 1.017432e-03 2.384304e-07 
3.969849e+00 9.987868e-01 1.212840e-03 3.388782e-07 
4.145729e+00 9.985538e-01 1.445725e-03 4.816251e-07 
4.321608e+00 9.982761e-01 1.723251e-03 6.844713e-07 
4.497487e+00 9.979451e-01 2.053941e-03 9.726982e-07 
4.673367e+00 9.975507e-01 2.447934e-03 1.382208e-06 
4.849246e+00 9.970808e-01 2.917282e-03 1.963973e-06 
5.025126e+00 9.965209e-01 3.476306e-03 2.790350e-06 
5.201005e+00 9.958540e-01 4.142006e-03 3.964010e-06 
5.376884e+00 9.950598e-01 4.934552e-03 5.630607e-06 
5.552764e+00 9.941142e-01 5.877846e-03 7.996670e-06 
5.728643e+00 9.929885e-01 7.000186e-03 1.135492e-05 
5.904523e+00 9.916489e-01 8.335022e-03 1.611998e-05 
6.080402e+00 9.900553e-01 9.921829e-03 2.287879e-05 
6.256281e+00 9.881604e-01 1.180710e-02 3.246145e-05 
6.432161e+00 9.859085e-01 1.404546e-02 4.604092e-05 
6.608040e+00 9.832338e-01 1.670088e-02 6.527263e-05 
6.783920e+00 9.800594e-01 1.984808e-02 9.248976e-05 
6.959799e+00 9.762952e-01 2.357386e-02 1.309753e-04 
7.135678e+00 9.718361e-01 2.797860e-02 1.853395e-04 
7.311558e+00 9.665603e-01 3.317764e-02 2.620420e-04 
7.487437e+00 9.603275e-01 3.930242e-02 3.701078e-04 
7.663317e+00 9.529765e-01 4.650135e-02 5.221051e-04 
7.839196e+00 9.443246e-01 5.493993e-02 7.354683e-04 
8.015075e+00 9.341658e-01 6.479989e-02 1.034269e-03 
8.190955e+00 9.222716e-01 7.627682e-02 1.451561e-03 
8.366834e+00 9.083918e-01 8.957574e-02 2.032435e-03 
8.542714e+00 8.922583e-01 1.049038e-01 2.837925e-03 
8.718593e+00 8.735907e-01 1.224594e-01 3.949892e-03 
8.894472e+00 8.521062e-01 1.424168e-01 5.476938e-03 
9.070352e+00 8.275328e-01 1.649059e-01 7.561295e-03 
9.246231e+00 7.996274e-01 1.899862e-01 1.038641e-02 
9.422111e+00 7.681990e-01 2.176164e-01 1.418465e-02 
9.597990e+00 7.331359e-01 2.476201e-01 1.924404e-02 
9.773869e+00 6.944360e-01 2.796514e-01 2.591259e-02 
9.949749e+00 6.522368e-01 3.131652e-01 3.459798e-02 
1.012563e+01 6.068419e-01 3.473979e-01 4.576020e-02 
1.030151e+01 5.587381e-01 3.813673e-01 5.989459e-02 
1.047739e+01 5.085983e-01 4.138982e-01 7.750347e-02 
1.065327e+01 4.572644e-01 4.436796e-01 9.905594e-02 
1.082915e+01 4.057088e-01 4.693533e-01 1.249379e-01 
1.100503e+01 3.549746e-01 4.896279e-01 1.553975e-01 
1.118090e+01 3.061015e-01 5.034054e-01 1.904931e-01 
1.135678e+01 2.600455e-01 5.099003e-01 2.300542e-01 
1.153266e+01 2.176052e-01 5.087314e-01 2.736635e-01 
1.170854e+01 1.793656e-01 4.999678e-01 3.206666e-01 
1.188442e+01 1.456690e-01 4.841205e-01 3.702105e-01 
1.206030e+01 1.166135e-01 4.620812e-01 4.213053e-01 
1.223618e+01 9.207803e-02 4.350199e-01 4.729021e-01 
1.241206e+01 7.176713e-02 4.042613e-01 5.239716e-01 
1.258794e+01 5.526392e-02 3.711604e-01 5.735756e-01 
1.276382e+01 4.208430e-02 3.369951e-01 6.209206e-01 
1.293970e+01 3.172436e-02 3.028864e-01 6.653892e-01 
1.311558e+01 2.369703e-02 2.697518e-01 7.065512e-01 
1.329146e+01 1.755687e-02 2.382874e-01 7.441558e-01 
1.346734e+01 1.291391e-02 2.089754e-01 7.781107e-01 
1.364322e+01 9.438550e-03 1.821067e-01 8.084547e-01 
1.381910e+01 6.860235e-03 1.578131e-01 8.353266e-01 
1.399497e+01 4.962226e-03 1.361019e-01 8.589359e-01 
1.417085e+01 3.574397e-03 1.168890e-01 8.795366e-01 
1.434673e+01 2.565492e-03 1.000288e-01 8.974057e-01 
1.452261e+01 1.835707e-03 8.533777e-02 9.128265e-01 
1.469849e+01 1.310072e-03 7.261335e-02 9.260766e-01 
1.487437e+01 9.328568e-04 6.164813e-02 9.374190e-01 
1.505025e+01 6.629933e-04 5.223931e-02 9.470977e-01 
1.522613e+01 4.704385e-04 4.419515e-02 9.553344e-01 
1.540201e+01 3.333524e-04 3.733867e-02 9.623280e-01 
1.557789e+01 2.359409e-04 3.150952e-02 9.682545e-01 
1.575377e+01 1.668320e-04 2.656450e-02 9.732687e-01 
1.592965e+01 1.178688e-04 2.237713e-02 9.775050e-01 
1.610553e+01 8.321801e-05 1.883677e-02 9.810800e-01 
1.628141e+01 5.871953e-05 1.584729e-02 9.840940e-01 
1.645729e+01 4.141281e-05 1.332572e-02 9.866329e-01 
1.663317e+01 2.919493e-05 1.120074e-02 9.887701e-01 
1.680905e+01 2.057452e-05 9.411362e-03 9.905681e-01 
1.698492e+01 1.449523e-05 7.905537e-03 9.920800e-01 
1.716080e+01 1.020973e-05 6.639018e-03 9.933508e-01 
1.733668e+01 7.189750e-06 5.574257e-03 9.944186e-01 
1.751256e+01 5.062190e-06 4.679453e-03 9.953155e-01 
1.768844e+01 3.563691e-06 3.927717e-03 9.960687e-01 
1.786432e+01 2.508470e-06 3.296343e-03 9.967011e-01 
1.804020e+01 1.765522e-06 2.766179e-03 9.972321e-01 
1.821608e+01 1.242511e-06 2.321084e-03 9.976777e-01 
1.839196e+01 8.743719e-07 1.947467e-03 9.980517e-01 
1.856784e+01 6.152701e-07 1.633891e-03 9.983655e-01 
1.874372e+01 4.329258e-07 1.370737e-03 9.986288e-01 
1.891960e+01 3.046089e-07 1.149918e-03 9.988498e-01 
1.909548e+01 2.143169e-07 9.646373e-04 9.990351e-01 
1.927136e+01 1.507846e-07 8.091857e-04 9.991907e-01 
1.944724e+01 1.060833e-07 6.787681e-04 9.993211e-01 
1.962312e+01 7.463241e-08 5.693582e-04 9.994306e-01 
1.979899e+01 5.250498e-08 4.775754e-04 9.995224e-01 
1.997487e+01 3.693746e-08 4.005825e-04 9.995994e-01 
2.015075e+01 2.598533e-08 3.359979e-04 9.996640e-01 
2.032663e+01 1.828036e-08 2.818232e-04 9.997182e-01 
2.050251e+01 1.285990e-08 2.363812e-04 9.997636e-01 
2.067839e+01 9.046640e-09 1.982650e-04 9.998017e-01 
2.085427e+01 6.364060e-09 1.662940e-04 9.998337e-01 
2.103015e+01 4.476917e-09 1.394777e-04 9.998605e-01 
2.120603e+01 3.149357e-09 1.169852e-04 9.998830e-01 
2.138191e+01 2.215456e-09 9.811960e-05 9.999019e-01 
2.155779e+01 1.558487e-09 8.229609e-05 9.999177e-01 
2.173367e+01 1.096332e-09 6.902422e-05 9.999310e-01 
2.190955e+01 7.712230e-10 5.789258e-05 9.999421e-01 
2.208543e+01 5.425217e-10 4.855607e-05 9.999514e-01 
2.226131e+01 3.816398e-10 4.072522e-05 9.999593e-01 
2.243719e+01 2.684662e-10 3.415725e-05 9.999658e-01 
2.261307e+01 1.888535e-10 2.864849e-05 9.999714e-01 
2.278894e+01 1.328496e-10 2.402815e-05 9.999760e-01 
2.296482e+01 9.345336e-11 2.015295e-05 9.999798e-01 
2.314070e+01 6.573996e-11 1.690272e-05 9.999831e-01 
2.331658e+01 4.624489e-11 1.417667e-05 9.999858e-01 
2.349246e+01 3.253103e-11 1.189027e-05 9.999881e-01 
2.366834e+01 2.288399e-11 9.972618e-06 9.999900e-01 
2.384422e+01 1.609776e-11 8.364239e-06 9.999916e-01 
2.402010e+01 1.132398e-11 7.015257e-06 9.999930e-01 
2.419598e+01 7.965863e-12 5.883837e-06 9.999941e-01 
2.437186e+01 5.603590e-12 4.934891e-06 9.999951e-01 
2.454774e+01 3.941847e-12 4.138991e-06 9.999959e-01 
2.472362e+01 2.772893e-12 3.471453e-06 9.999965e-01 
2.489950e+01 1.950592e-12 2.911576e-06 9.999971e-01 
2.507538e+01 1.372144e-12 2.441996e-06 9.999976e-01 
2.525126e+01 9.652350e-13 2.048149e-06 9.999980e-01 
2.542714e+01 6.789946e-13 1.717822e-06 9.999983e-01 
2.560302e+01 4.776387e-13 1.440771e-06 9.999986e-01 
2.577889e+01 3.359949e-13 1.208402e-06 9.999988e-01 
2.595477e+01 2.363556e-13 1.013510e-06 9.999990e-01 
2.613065e+01 1.662643e-13 8.500507e-07 9.999991e-01 
2.630653e+01 1.169586e-13 7.129539e-07 9.999993e-01 
2.648241e+01 8.227452e-14 5.979681e-07 9.999994e-01 
2.665829e+01 5.787600e-14 5.015274e-07 9.999995e-01 
2.683417e+01 4.071286e-14 4.206406e-07 9.999996e-01 
2.701005e+01 2.863946e-14 3.527994e-07 9.999996e-01 
2.718593e+01 2.014642e-14 2.958996e-07 9.999997e-01 
2.736181e+01 1.417200e-14 2.481767e-07 9.999998e-01 
2.753769e+01 9.969287e-15 2.081505e-07 9.999998e-01 
2.771357e+01 7.012893e-15 1.745798e-07 9.999998e-01 
2.788945e+01 4.933218e-15 1.464234e-07 9.999999e-01 
2.806533e+01 3.470271e-15 1.228082e-07 9.999999e-01 
2.824121e+01 2.441162e-15 1.030015e-07 9.999999e-01 
2.841709e+01 1.717235e-15 8.638937e-08 9.999999e-01 
2.859296e+01 1.207988e-15 7.245642e-08 9.999999e-01 
2.876884e+01 8.497592e-16 6.077058e-08 9.999999e-01 
2.894472e+01 5.977629e-16 5.096945e-08 9.999999e-01 
2.912060e+01 4.204962e-16 4.274905e-08 1.000000e+00 
2.929648e+01 2.957979e-16 3.585445e-08 1.000000e+00 
2.947236e+01 2.080790e-16 3.007181e-08 1.000000e+00 
2.964824e+01 1.463731e-16 2.522181e-08 1.000000e+00 
2.982412e+01 1.029661e-16 2.115401e-08 1.000000e+00 
3.000000e+01 7.243151e-17 1.774227e-08 1.000000e+00 
