#E                   5            6            7            8 
-5.000000e+00 9.999998e-01 1.700817e-07 8.062009e-15 1.223930e-22 
-4.824121e+00 9.999998e-01 2.027874e-07 1.146067e-14 2.074468e-22 
-4.648241e+00 9.999998e-01 2.417823e-07 1.629210e-14 3.516067e-22 
-4.472362e+00 9.999997e-01 2.882756e-07 2.316029e-14 5.959468e-22 
-4.296482e+00 9.999997e-01 3.437093e-07 3.292387e-14 1.010085e-21 
-4.120603e+00 9.999996e-01 4.098026e-07 4.680343e-14 1.712017e-21 
-3.944724e+00 9.999995e-01 4.886052e-07 6.653414e-14 2.901740e-21 
-3.768844e+00 9.999994e-01 5.825612e-07 9.458264e-14 4.918229e-21 
-3.592965e+00 9.999993e-01 6.945843e-07 1.344554e-13 8.336026e-21 
-3.417085e+00 9.999992e-01 8.281487e-07 1.911372e-13 1.412893e-20 
-3.241206e+00 9.999990e-01 9.873968e-07 2.717140e-13 2.394747e-20 
-3.065327e+00 9.999988e-01 1.177267e-06 3.862592e-13 4.058915e-20 
-2.889447e+00 9.999986e-01 1.403649e-06 5.490926e-13 6.879552e-20 
-2.713568e+00 9.999983e-01 1.673562e-06 7.805709e-13 1.166032e-19 
-2.537688e+00 9.999980e-01 1.995378e-06 1.109632e-12 1.976335e-19 
-2.361809e+00 9.999976e-01 2.379076e-06 1.577415e-12 3.349738e-19 
-2.185930e+00 9.999972e-01 2.836558e-06 2.242397e-12 5.677550e-19 
-2.010050e+00 9.999966e-01 3.382010e-06 3.187713e-12 9.623013e-19 
-1.834171e+00 9.999960e-01 4.032348e-06 4.531541e-12 1.631027e-18 
-1.658291e+00 9.999952e-01 4.807742e-06 6.441877e-12 2.764466e-18 
-1.482412e+00 9.999943e-01 5.732237e-06 9.157542e-12 4.685556e-18 
-1.306533e+00 9.999932e-01 6.834506e-06 1.301803e-11 7.941655e-18 
-1.130653e+00 9.999919e-01 8.148732e-06 1.850596e-11 1.346049e-17 
-9.547739e-01 9.999903e-01 9.715671e-06 2.630740e-11 2.281447e-17 
-7.788945e-01 9.999884e-01 1.158392e-05 3.739762e-11 3.866874e-17 
-6.030151e-01 9.999862e-01 1.381141e-05 5.316306e-11 6.554045e-17 
-4.271357e-01 9.999835e-01 1.646722e-05 7.557457e-11 1.110858e-16 
-2.512563e-01 9.999804e-01 1.963371e-05 1.074339e-10 1.882815e-16 
-7.537688e-02 9.999766e-01 2.340907e-05 1.527237e-10 3.191217e-16 
1.005025e-01 9.999721e-01 2.791037e-05 2.171058e-10 5.408847e-16 
2.763819e-01 9.999667e-01 3.327720e-05 3.086285e-10 9.167538e-16 
4.522613e-01 9.999603e-01 3.967596e-05 4.387328e-10 1.553819e-15 
6.281407e-01 9.999527e-01 4.730505e-05 6.236827e-10 2.633585e-15 
8.040201e-01 9.999436e-01 5.640103e-05 8.865979e-10 4.463687e-15 
9.798995e-01 9.999328e-01 6.724589e-05 1.260343e-09 7.565530e-15 
1.155779e+00 9.999198e-01 8.017586e-05 1.791638e-09 1.282284e-14 
1.331658e+00 9.999044e-01 9.559174e-05 2.546891e-09 2.173341e-14 
1.507538e+00 9.998860e-01 1.139714e-04 3.620506e-09 3.683580e-14 
1.683417e+00 9.998641e-01 1.358845e-04 5.146674e-09 6.243254e-14 
1.859296e+00 9.998380e-01 1.620100e-04 7.316144e-09 1.058157e-13 
2.035176e+00 9.998068e-01 1.931576e-04 1.040005e-08 1.793440e-13 
2.211055e+00 9.997697e-01 2.302921e-04 1.478381e-08 3.039632e-13 
2.386935e+00 9.997254e-01 2.745638e-04 2.101522e-08 5.151719e-13 
2.562814e+00 9.996726e-01 3.273436e-04 2.987294e-08 8.731313e-13 
2.738693e+00 9.996097e-01 3.902653e-04 4.246367e-08 1.479799e-12 
2.914573e+00 9.995347e-01 4.652762e-04 6.036037e-08 2.507959e-12 
3.090452e+00 9.994452e-01 5.546965e-04 8.579854e-08 4.250420e-12 
3.266332e+00 9.993386e-01 6.612908e-04 1.219552e-07 7.203372e-12 
3.442211e+00 9.992115e-01 7.883530e-04 1.733453e-07 1.220762e-11 
3.618090e+00 9.990599e-01 9.398062e-04 2.463844e-07 2.068785e-11 
3.793970e+00 9.988793e-01 1.120323e-03 3.501882e-07 3.505801e-11 
3.969849e+00 9.986640e-01 1.335467e-03 4.977082e-07 5.940788e-11 
4.145729e+00 9.984074e-01 1.591860e-03 7.073431e-07 1.006660e-10 
4.321608e+00 9.981016e-01 1.897384e-03 1.005227e-06 1.705690e-10 
4.497487e+00 9.977372e-01 2.261414e-03 1.428474e-06 2.889960e-10 
4.673367e+00 9.973029e-01 2.695098e-03 2.029785e-06 4.896132e-10 
4.849246e+00 9.967854e-01 3.211682e-03 2.883976e-06 8.294268e-10 
5.025126e+00 9.961690e-01 3.826902e-03 4.097226e-06 1.404946e-09 
5.201005e+00 9.954347e-01 4.559431e-03 5.820182e-06 2.379523e-09 
5.376884e+00 9.945603e-01 5.431408e-03 8.266502e-06 4.029569e-09 
5.552764e+00 9.935192e-01 6.469057e-03 1.173907e-05 6.822665e-09 
5.728643e+00 9.922799e-01 7.703399e-03 1.666705e-05 1.154948e-08 
5.904523e+00 9.908053e-01 9.171068e-03 2.365809e-05 1.954640e-08 
6.080402e+00 9.890511e-01 1.091525e-02 3.357198e-05 3.307102e-08 
6.256281e+00 9.869656e-01 1.298675e-02 4.762414e-05 5.593469e-08 
6.432161e+00 9.844872e-01 1.544515e-02 6.753084e-05 9.456701e-08 
6.608040e+00 9.815440e-01 1.836011e-02 9.571252e-05 1.598048e-07 
6.783920e+00 9.780514e-01 2.181276e-02 1.355775e-04 2.698932e-07 
6.959799e+00 9.739105e-01 2.589712e-02 1.919163e-04 4.555119e-07 
7.135678e+00 9.690063e-01 3.072150e-02 2.714478e-04 7.681705e-07 
7.311558e+00 9.632053e-01 3.640979e-02 3.835707e-04 1.294197e-06 
7.487437e+00 9.563540e-01 4.310239e-02 5.413924e-04 2.177963e-06 
7.663317e+00 9.482765e-01 5.095668e-02 7.631245e-04 3.660303e-06 
7.839196e+00 9.387734e-01 6.014650e-02 1.073960e-03 6.141765e-06 
8.015075e+00 9.276208e-01 7.086038e-02 1.508567e-03 1.028616e-05 
8.190955e+00 9.145706e-01 8.329784e-02 2.114357e-03 1.718899e-05 
8.366834e+00 8.993527e-01 9.766298e-02 2.955684e-03 2.864927e-05 
8.542714e+00 8.816786e-01 1.141547e-01 4.119127e-03 4.760408e-05 
8.718593e+00 8.612490e-01 1.329522e-01 5.719928e-03 7.881574e-05 
8.894472e+00 8.377648e-01 1.541957e-01 7.909532e-03 1.299441e-04 
9.070352e+00 8.109423e-01 1.779605e-01 1.088393e-02 2.131940e-04 
9.246231e+00 7.805349e-01 2.042253e-01 1.489206e-02 3.477984e-04 
9.422111e+00 7.463583e-01 2.328349e-01 2.024309e-02 5.636805e-04 
9.597990e+00 7.083226e-01 2.634603e-01 2.731036e-02 9.067072e-04 
9.773869e+00 6.664652e-01 2.955596e-01 3.652925e-02 1.445985e-03 
9.949749e+00 6.209850e-01 3.283463e-01 4.838506e-02 2.283588e-03 
1.012563e+01 5.722713e-01 3.607750e-01 6.338683e-02 3.566884e-03 
1.030151e+01 5.209213e-01 3.915525e-01 8.202307e-02 5.503126e-03 
1.047739e+01 4.677411e-01 4.191862e-01 1.046975e-01 8.375164e-03 
1.065327e+01 4.137237e-01 4.420742e-01 1.316461e-01 1.255592e-02 
1.082915e+01 3.600004e-01 4.586393e-01 1.628424e-01 1.851789e-02 
1.100503e+01 3.077687e-01 4.674941e-01 1.979046e-01 2.683263e-02 
1.118090e+01 2.582011e-01 4.676201e-01 2.360242e-01 3.815463e-02 
1.135678e+01 2.123478e-01 4.585285e-01 2.759390e-01 5.318476e-02 
1.153266e+01 1.710471e-01 4.403700e-01 3.159715e-01 7.261151e-02 
1.170854e+01 1.348587e-01 4.139658e-01 3.541426e-01 9.703294e-02 
1.188442e+01 1.040313e-01 3.807439e-01 3.883561e-01 1.268687e-01 
1.206030e+01 7.850846e-02 3.425854e-01 4.166289e-01 1.622772e-01 
1.223618e+01 5.797046e-02 3.016078e-01 4.373273e-01 2.030944e-01 
1.241206e+01 4.190146e-02 2.599253e-01 4.493616e-01 2.488117e-01 
1.258794e+01 2.966847e-02 2.194310e-01 4.523024e-01 2.985982e-01 
1.276382e+01 2.059776e-02 1.816378e-01 4.463963e-01 3.513681e-01 
1.293970e+01 1.403799e-02 1.475960e-01 4.324862e-01 4.058798e-01 
1.311558e+01 9.404053e-03 1.178876e-01 4.118599e-01 4.608485e-01 
1.329146e+01 6.200952e-03 9.268191e-02 3.860643e-01 5.150528e-01 
1.346734e+01 4.030527e-03 7.182604e-02 3.567221e-01 5.674213e-01 
1.364322e+01 2.586144e-03 5.494854e-02 3.253777e-01 6.170876e-01 
1.381910e+01 1.640368e-03 4.155546e-02 2.933886e-01 6.634156e-01 
1.399497e+01 1.029931e-03 3.110845e-02 2.618647e-01 7.059970e-01 
1.417085e+01 6.409068e-04 2.308069e-02 2.316492e-01 7.446293e-01 
1.434673e+01 3.957303e-04 1.699169e-02 2.033303e-01 7.792823e-01 
1.452261e+01 2.427009e-04 1.242488e-02 1.772723e-01 8.100601e-01 
1.469849e+01 1.479837e-04 9.032708e-03 1.536563e-01 8.371630e-01 
1.487437e+01 8.978076e-05 6.533876e-03 1.325216e-01 8.608547e-01 
1.505025e+01 5.423666e-05 4.706131e-03 1.138055e-01 8.814341e-01 
1.522613e+01 3.264492e-05 3.377305e-03 9.737622e-02 8.992138e-01 
1.540201e+01 1.958791e-05 2.416162e-03 8.306005e-02 9.145042e-01 
1.557789e+01 1.172233e-05 1.723992e-03 7.066183e-02 9.276025e-01 
1.575377e+01 6.999517e-06 1.227363e-03 5.997994e-02 9.387857e-01 
1.592965e+01 4.171577e-06 8.721449e-04 5.081654e-02 9.483071e-01 
1.610553e+01 2.482207e-06 6.187423e-04 4.298429e-02 9.563945e-01 
1.628141e+01 1.474992e-06 4.383740e-04 3.631016e-02 9.632500e-01 
1.645729e+01 8.754816e-07 3.102314e-04 3.063745e-02 9.690514e-01 
1.663317e+01 5.191445e-07 2.193363e-04 2.582621e-02 9.739539e-01 
1.680905e+01 3.075949e-07 1.549476e-04 2.175296e-02 9.780918e-01 
1.698492e+01 1.821273e-07 1.093866e-04 1.830971e-02 9.815807e-01 
1.716080e+01 1.077763e-07 7.717842e-05 1.540269e-02 9.845200e-01 
1.733668e+01 6.374750e-08 5.442759e-05 1.295100e-02 9.869945e-01 
1.751256e+01 3.769015e-08 3.836784e-05 1.088516e-02 9.890764e-01 
1.768844e+01 2.227643e-08 2.703762e-05 9.145754e-03 9.908272e-01 
1.786432e+01 1.316254e-08 1.904786e-05 7.682112e-03 9.922988e-01 
1.804020e+01 7.775536e-09 1.341591e-05 6.451163e-03 9.935354e-01 
1.821608e+01 4.592338e-09 9.447286e-06 5.416371e-03 9.945742e-01 
1.839196e+01 2.711841e-09 6.651520e-06 4.546799e-03 9.954465e-01 
1.856784e+01 1.601155e-09 4.682453e-06 3.816293e-03 9.961790e-01 
1.874372e+01 9.452593e-10 3.295904e-06 3.202774e-03 9.967939e-01 
1.891960e+01 5.579887e-10 2.319703e-06 2.687619e-03 9.973101e-01 
1.909548e+01 3.293545e-10 1.632504e-06 2.255136e-03 9.977432e-01 
1.927136e+01 1.943889e-10 1.148803e-06 1.892115e-03 9.981067e-01 
1.944724e+01 1.147239e-10 8.083720e-07 1.587438e-03 9.984118e-01 
1.962312e+01 6.770407e-11 5.687948e-07 1.331756e-03 9.986677e-01 
1.979899e+01 3.995377e-11 4.002046e-07 1.117209e-03 9.988824e-01 
1.997487e+01 2.357685e-11 2.815746e-07 9.371938e-04 9.990625e-01 
2.015075e+01 1.391237e-11 1.981036e-07 7.861612e-04 9.992136e-01 
2.032663e+01 8.209295e-12 1.393736e-07 6.594521e-04 9.993404e-01 
2.050251e+01 4.843973e-12 9.805276e-08 5.531540e-04 9.994467e-01 
2.067839e+01 2.858183e-12 6.898135e-08 4.639822e-04 9.995359e-01 
2.085427e+01 1.686445e-12 4.852854e-08 3.891799e-04 9.996108e-01 
2.103015e+01 9.950598e-13 3.413954e-08 3.264331e-04 9.996735e-01 
2.120603e+01 5.871130e-13 2.401671e-08 2.738001e-04 9.997262e-01 
2.138191e+01 3.464101e-13 1.689530e-08 2.296515e-04 9.997703e-01 
2.155779e+01 2.043884e-13 1.188543e-08 1.926203e-04 9.998074e-01 
2.173367e+01 1.205922e-13 8.361066e-09 1.615593e-04 9.998384e-01 
2.190955e+01 7.115089e-14 5.881743e-09 1.355064e-04 9.998645e-01 
2.208543e+01 4.197971e-14 4.137601e-09 1.136543e-04 9.998863e-01 
2.226131e+01 2.476835e-14 2.910648e-09 9.532580e-05 9.999047e-01 
2.243719e+01 1.461347e-14 2.047526e-09 7.995280e-05 9.999200e-01 
2.261307e+01 8.622013e-15 1.440350e-09 6.705881e-05 9.999329e-01 
2.278894e+01 5.087015e-15 1.013225e-09 5.624411e-05 9.999438e-01 
2.296482e+01 3.001350e-15 7.127595e-10 4.717344e-05 9.999528e-01 
2.314070e+01 1.770800e-15 5.013943e-10 3.956557e-05 9.999604e-01 
2.331658e+01 1.044773e-15 3.527080e-10 3.318461e-05 9.999668e-01 
2.349246e+01 6.164160e-16 2.481137e-10 2.783272e-05 9.999722e-01 
2.366834e+01 3.636851e-16 1.745363e-10 2.334394e-05 9.999767e-01 
2.384422e+01 2.145738e-16 1.227780e-10 1.957908e-05 9.999804e-01 
2.402010e+01 1.265983e-16 8.636841e-11 1.642140e-05 9.999836e-01 
2.419598e+01 7.469278e-17 6.075600e-11 1.377298e-05 9.999862e-01 
2.437186e+01 4.406860e-17 4.273889e-11 1.155169e-05 9.999884e-01 
2.454774e+01 2.600038e-17 3.006472e-11 9.688639e-06 9.999903e-01 
2.472362e+01 1.534016e-17 2.114905e-11 8.126059e-06 9.999919e-01 
2.489950e+01 9.050659e-18 1.487732e-11 6.815490e-06 9.999932e-01 
2.507538e+01 5.339866e-18 1.046546e-11 5.716288e-06 9.999943e-01 
2.525126e+01 3.150506e-18 7.361930e-12 4.794365e-06 9.999952e-01 
2.542714e+01 1.858790e-18 5.178752e-12 4.021129e-06 9.999960e-01 
2.560302e+01 1.096681e-18 3.642994e-12 3.372600e-06 9.999966e-01 
2.577889e+01 6.470386e-19 2.562665e-12 2.828665e-06 9.999972e-01 
2.595477e+01 3.817508e-19 1.802707e-12 2.372457e-06 9.999976e-01 
2.613065e+01 2.252319e-19 1.268114e-12 1.989826e-06 9.999980e-01 
2.630653e+01 1.328861e-19 8.920550e-13 1.668905e-06 9.999983e-01 
2.648241e+01 7.840240e-20 6.275160e-13 1.399743e-06 9.999986e-01 
2.665829e+01 4.625718e-20 4.414261e-13 1.173992e-06 9.999988e-01 
2.683417e+01 2.729159e-20 3.105212e-13 9.846495e-07 9.999990e-01 
2.701005e+01 1.610195e-20 2.184361e-13 8.258445e-07 9.999992e-01 
2.718593e+01 9.500102e-21 1.536588e-13 6.926517e-07 9.999993e-01 
2.736181e+01 5.605030e-21 1.080913e-13 5.809403e-07 9.999994e-01 
2.753769e+01 3.306950e-21 7.603680e-14 4.872458e-07 9.999995e-01 
2.771357e+01 1.951090e-21 5.348807e-14 4.086624e-07 9.999996e-01 
2.788945e+01 1.151137e-21 3.762617e-14 3.427530e-07 9.999997e-01 
2.806533e+01 6.791671e-22 2.646813e-14 2.874735e-07 9.999997e-01 
2.824121e+01 4.007064e-22 1.861900e-14 2.411095e-07 9.999998e-01 
2.841709e+01 2.364155e-22 1.309753e-14 2.022232e-07 9.999998e-01 
2.859296e+01 1.394844e-22 9.213455e-15 1.696085e-07 9.999998e-01 
2.876884e+01 8.229535e-23 6.481203e-15 1.422539e-07 9.999999e-01 
2.894472e+01 4.855399e-23 4.559201e-15 1.193110e-07 9.999999e-01 
2.912060e+01 2.864670e-23 3.207169e-15 1.000685e-07 9.999999e-01 
2.929648e+01 1.690146e-23 2.256082e-15 8.392933e-08 9.999999e-01 
2.947236e+01 9.971808e-24 1.587041e-15 7.039313e-08 9.999999e-01 
2.964824e+01 5.883335e-24 1.116403e-15 5.904007e-08 9.999999e-01 
2.982412e+01 3.471149e-24 7.853337e-16 4.951804e-08 1.000000e+00 
3.000000e+01 2.047967e-24 5.524428e-16 4.153172e-08 1.000000e+00 
