#E                   1            2            3 
-5.000000e+00 9.999993e-01 6.706769e-07 7.283208e-15 
-4.824121e+00 9.999992e-01 7.996441e-07 1.035356e-14 
-4.648241e+00 9.999990e-01 9.534109e-07 1.471826e-14 
-4.472362e+00 9.999989e-01 1.136746e-06 2.092297e-14 
-4.296482e+00 9.999986e-01 1.355336e-06 2.974336e-14 
-4.120603e+00 9.999984e-01 1.615958e-06 4.228213e-14 
-3.944724e+00 9.999981e-01 1.926697e-06 6.010680e-14 
-3.768844e+00 9.999977e-01 2.297189e-06 8.544573e-14 
-3.592965e+00 9.999973e-01 2.738924e-06 1.214667e-13 
-3.417085e+00 9.999967e-01 3.265602e-06 1.726727e-13 
-3.241206e+00 9.999961e-01 3.893556e-06 2.454654e-13 
-3.065327e+00 9.999954e-01 4.642261e-06 3.489450e-13 
-2.889447e+00 9.999945e-01 5.534937e-06 4.960477e-13 
-2.713568e+00 9.999934e-01 6.599266e-06 7.051636e-13 
-2.537688e+00 9.999921e-01 7.868257e-06 1.002435e-12 
-2.361809e+00 9.999906e-01 9.381263e-06 1.425025e-12 
-2.185930e+00 9.999888e-01 1.118521e-05 2.025763e-12 
-2.010050e+00 9.999867e-01 1.333603e-05 2.879749e-12 
-1.834171e+00 9.999841e-01 1.590043e-05 4.093741e-12 
-1.658291e+00 9.999810e-01 1.895793e-05 5.819504e-12 
-1.482412e+00 9.999774e-01 2.260335e-05 8.272776e-12 
-1.306533e+00 9.999731e-01 2.694973e-05 1.176024e-11 
-1.130653e+00 9.999679e-01 3.213184e-05 1.671787e-11 
-9.547739e-01 9.999617e-01 3.831037e-05 2.376540e-11 
-7.788945e-01 9.999543e-01 4.567690e-05 3.378383e-11 
-6.030151e-01 9.999455e-01 5.445983e-05 4.802551e-11 
-4.271357e-01 9.999351e-01 6.493146e-05 6.827069e-11 
-2.512563e-01 9.999226e-01 7.741644e-05 9.705005e-11 
-7.537688e-02 9.999077e-01 9.230180e-05 1.379610e-10 
1.005025e-01 9.998900e-01 1.100490e-04 1.961171e-10 
2.763819e-01 9.998688e-01 1.312080e-04 2.787874e-10 
4.522613e-01 9.998436e-01 1.564346e-04 3.963046e-10 
6.281407e-01 9.998135e-01 1.865104e-04 5.633560e-10 
8.040201e-01 9.997776e-01 2.223673e-04 8.008188e-10 
9.798995e-01 9.997349e-01 2.651159e-04 1.138368e-09 
1.155779e+00 9.996839e-01 3.160801e-04 1.618182e-09 
1.331658e+00 9.996232e-01 3.768376e-04 2.300212e-09 
1.507538e+00 9.995507e-01 4.492687e-04 3.269665e-09 
1.683417e+00 9.994644e-01 5.356142e-04 4.647642e-09 
1.859296e+00 9.993614e-01 6.385440e-04 6.606247e-09 
2.035176e+00 9.992388e-01 7.612389e-04 9.390061e-09 
2.211055e+00 9.990925e-01 9.074879e-04 1.334663e-08 
2.386935e+00 9.989182e-01 1.081804e-03 1.896981e-08 
2.562814e+00 9.987104e-01 1.289560e-03 2.696121e-08 
2.738693e+00 9.984628e-01 1.537154e-03 3.831763e-08 
2.914573e+00 9.981677e-01 1.832198e-03 5.445493e-08 
3.090452e+00 9.978162e-01 2.183750e-03 7.738399e-08 
3.266332e+00 9.973973e-01 2.602580e-03 1.099602e-07 
3.442211e+00 9.968984e-01 3.101489e-03 1.562375e-07 
3.618090e+00 9.963041e-01 3.695683e-03 2.219694e-07 
3.793970e+00 9.955965e-01 4.403212e-03 3.153200e-07 
3.969849e+00 9.947541e-01 5.245482e-03 4.478688e-07 
4.145729e+00 9.937515e-01 6.247855e-03 6.360332e-07 
4.321608e+00 9.925588e-01 7.440340e-03 9.030777e-07 
4.497487e+00 9.911403e-01 8.858397e-03 1.281950e-06 
4.673367e+00 9.894543e-01 1.054385e-02 1.819275e-06 
4.849246e+00 9.874515e-01 1.254593e-02 2.580984e-06 
5.025126e+00 9.850739e-01 1.492242e-02 3.660204e-06 
5.201005e+00 9.822538e-01 1.774098e-02 5.188325e-06 
5.376884e+00 9.789121e-01 2.108050e-02 7.350452e-06 
5.552764e+00 9.749570e-01 2.503261e-02 1.040693e-05 
5.728643e+00 9.702821e-01 2.970313e-02 1.472320e-05 
5.904523e+00 9.647657e-01 3.521352e-02 2.081100e-05 
6.080402e+00 9.582685e-01 4.170213e-02 2.938496e-05 
6.256281e+00 9.506335e-01 4.932506e-02 4.143983e-05 
6.432161e+00 9.416852e-01 5.825641e-02 5.835492e-05 
6.608040e+00 9.312303e-01 6.868763e-02 8.203435e-05 
6.783920e+00 9.190594e-01 8.082551e-02 1.150931e-04 
6.959799e+00 9.049505e-01 9.488841e-02 1.611006e-04 
7.135678e+00 8.886749e-01 1.111002e-01 2.248963e-04 
7.311558e+00 8.700057e-01 1.296813e-01 3.129885e-04 
7.487437e+00 8.487290e-01 1.508369e-01 4.340524e-04 
7.663317e+00 8.246588e-01 1.747417e-01 5.995347e-04 
7.839196e+00 7.976546e-01 2.015211e-01 8.243693e-04 
8.015075e+00 7.676407e-01 2.312315e-01 1.127799e-03 
8.190955e+00 7.346266e-01 2.638391e-01 1.534290e-03 
8.366834e+00 6.987250e-01 2.992005e-01 2.074503e-03 
8.542714e+00 6.601654e-01 3.370483e-01 2.786296e-03 
8.718593e+00 6.192996e-01 3.769847e-01 3.715714e-03 
8.894472e+00 5.765977e-01 4.184844e-01 4.917918e-03 
9.070352e+00 5.326315e-01 4.609105e-01 6.458060e-03 
9.246231e+00 4.880469e-01 5.035410e-01 8.412087e-03 
9.422111e+00 4.435281e-01 5.456044e-01 1.086752e-02 
9.597990e+00 3.997557e-01 5.863201e-01 1.392421e-02 
9.773869e+00 3.573663e-01 6.249384e-01 1.769524e-02 
9.949749e+00 3.169176e-01 6.607746e-01 2.230777e-02 
1.012563e+01 2.788620e-01 6.932340e-01 2.790398e-02 
1.030151e+01 2.435331e-01 7.218250e-01 3.464189e-02 
1.047739e+01 2.111425e-01 7.461617e-01 4.269589e-02 
1.065327e+01 1.817872e-01 7.659563e-01 5.225653e-02 
1.082915e+01 1.554642e-01 7.810064e-01 6.352938e-02 
1.100503e+01 1.320891e-01 7.911787e-01 7.673227e-02 
1.118090e+01 1.115159e-01 7.963937e-01 9.209048e-02 
1.135678e+01 9.355639e-02 7.966142e-01 1.098294e-01 
1.153266e+01 7.799715e-02 7.918389e-01 1.301639e-01 
1.170854e+01 6.461325e-02 7.821015e-01 1.532853e-01 
1.188442e+01 5.317904e-02 7.674772e-01 1.793437e-01 
1.206030e+01 4.347582e-02 7.480941e-01 2.084301e-01 
1.223618e+01 3.529680e-02 7.241479e-01 2.405553e-01 
1.241206e+01 2.845004e-02 6.959182e-01 2.756318e-01 
1.258794e+01 2.275970e-02 6.637819e-01 3.134584e-01 
1.276382e+01 1.806634e-02 6.282211e-01 3.537126e-01 
1.293970e+01 1.422640e-02 5.898218e-01 3.959518e-01 
1.311558e+01 1.111144e-02 5.492617e-01 4.396269e-01 
1.329146e+01 8.607168e-03 5.072860e-01 4.841068e-01 
1.346734e+01 6.612602e-03 4.646741e-01 5.287133e-01 
1.364322e+01 5.039166e-03 4.221999e-01 5.727609e-01 
1.381910e+01 3.809921e-03 3.805914e-01 6.155987e-01 
1.399497e+01 2.858797e-03 3.404942e-01 6.566470e-01 
1.417085e+01 2.129783e-03 3.024442e-01 6.954260e-01 
1.434673e+01 1.576069e-03 2.668509e-01 7.315731e-01 
1.452261e+01 1.159113e-03 2.339929e-01 7.648480e-01 
1.469849e+01 8.476588e-04 2.040240e-01 7.951283e-01 
1.487437e+01 6.167341e-04 1.769871e-01 8.223962e-01 
1.505025e+01 4.466733e-04 1.528330e-01 8.467203e-01 
1.522613e+01 3.221968e-04 1.314413e-01 8.682365e-01 
1.540201e+01 2.315806e-04 1.126409e-01 8.871275e-01 
1.557789e+01 1.659312e-04 9.622889e-02 9.036052e-01 
1.575377e+01 1.185703e-04 8.198545e-02 9.178960e-01 
1.592965e+01 8.452891e-05 6.968666e-02 9.302288e-01 
1.610553e+01 6.013927e-05 5.911340e-02 9.408265e-01 
1.628141e+01 4.271293e-05 5.005768e-02 9.498996e-01 
1.645729e+01 3.029134e-05 4.232658e-02 9.576431e-01 
1.663317e+01 2.145509e-05 3.574444e-02 9.642341e-01 
1.680905e+01 1.518019e-05 3.015357e-02 9.698312e-01 
1.698492e+01 1.073073e-05 2.541409e-02 9.745752e-01 
1.716080e+01 7.579624e-06 2.140308e-02 9.785893e-01 
1.733668e+01 5.350366e-06 1.801339e-02 9.819813e-01 
1.751256e+01 3.774686e-06 1.515222e-02 9.848440e-01 
1.768844e+01 2.661810e-06 1.273960e-02 9.872577e-01 
1.786432e+01 1.876306e-06 1.070696e-02 9.892912e-01 
1.804020e+01 1.322171e-06 8.995668e-03 9.910030e-01 
1.821608e+01 9.314326e-07 7.555804e-03 9.924433e-01 
1.839196e+01 6.560157e-07 6.344931e-03 9.936544e-01 
1.856784e+01 4.619469e-07 5.327067e-03 9.946725e-01 
1.874372e+01 3.252359e-07 4.471756e-03 9.955279e-01 
1.891960e+01 2.289523e-07 3.753254e-03 9.962465e-01 
1.909548e+01 1.611540e-07 3.149833e-03 9.968500e-01 
1.927136e+01 1.134214e-07 2.643168e-03 9.973567e-01 
1.944724e+01 7.982026e-08 2.217821e-03 9.977821e-01 
1.962312e+01 5.616964e-08 1.860795e-03 9.981391e-01 
1.979899e+01 3.952438e-08 1.561153e-03 9.984388e-01 
1.997487e+01 2.781042e-08 1.309698e-03 9.986903e-01 
2.015075e+01 1.956737e-08 1.098701e-03 9.989013e-01 
2.032663e+01 1.376710e-08 9.216650e-04 9.990783e-01 
2.050251e+01 9.685903e-09 7.731330e-04 9.992269e-01 
2.067839e+01 6.814396e-09 6.485223e-04 9.993515e-01 
2.085427e+01 4.794087e-09 5.439850e-04 9.994560e-01 
2.103015e+01 3.372695e-09 4.562906e-04 9.995437e-01 
2.120603e+01 2.372696e-09 3.827279e-04 9.996173e-01 
2.138191e+01 1.669176e-09 3.210210e-04 9.996790e-01 
2.155779e+01 1.174242e-09 2.692604e-04 9.997307e-01 
2.173367e+01 8.260562e-10 2.258436e-04 9.997742e-01 
2.190955e+01 5.811102e-10 1.894263e-04 9.998106e-01 
2.208543e+01 4.087943e-10 1.588803e-04 9.998411e-01 
2.226131e+01 2.875737e-10 1.332594e-04 9.998667e-01 
2.243719e+01 2.022980e-10 1.117696e-04 9.998882e-01 
2.261307e+01 1.423090e-10 9.374497e-05 9.999063e-01 
2.278894e+01 1.001088e-10 7.862689e-05 9.999214e-01 
2.296482e+01 7.042239e-11 6.594671e-05 9.999341e-01 
2.314070e+01 4.953914e-11 5.531136e-05 9.999447e-01 
2.331658e+01 3.484861e-11 4.639111e-05 9.999536e-01 
2.349246e+01 2.451443e-11 3.890940e-05 9.999611e-01 
2.366834e+01 1.724478e-11 3.263426e-05 9.999674e-01 
2.384422e+01 1.213090e-11 2.737113e-05 9.999726e-01 
2.402010e+01 8.533516e-12 2.295679e-05 9.999770e-01 
2.419598e+01 6.002922e-12 1.925437e-05 9.999807e-01 
2.437186e+01 4.222767e-12 1.614906e-05 9.999839e-01 
2.454774e+01 2.970512e-12 1.354456e-05 9.999865e-01 
2.472362e+01 2.089611e-12 1.136011e-05 9.999886e-01 
2.489950e+01 1.469939e-12 9.527955e-06 9.999905e-01 
2.507538e+01 1.034030e-12 7.991290e-06 9.999920e-01 
2.525126e+01 7.273890e-13 6.702457e-06 9.999933e-01 
2.542714e+01 5.116822e-13 5.621485e-06 9.999944e-01 
2.560302e+01 3.599430e-13 4.714851e-06 9.999953e-01 
2.577889e+01 2.532020e-13 3.954439e-06 9.999960e-01 
2.595477e+01 1.781150e-13 3.316666e-06 9.999967e-01 
2.613065e+01 1.252950e-13 2.781752e-06 9.999972e-01 
2.630653e+01 8.813881e-14 2.333110e-06 9.999977e-01 
2.648241e+01 6.200125e-14 1.956825e-06 9.999980e-01 
2.665829e+01 4.361478e-14 1.641227e-06 9.999984e-01 
2.683417e+01 3.068082e-14 1.376529e-06 9.999986e-01 
2.701005e+01 2.158242e-14 1.154521e-06 9.999988e-01 
2.718593e+01 1.518215e-14 9.683192e-07 9.999990e-01 
2.736181e+01 1.067988e-14 8.121480e-07 9.999992e-01 
2.753769e+01 7.512761e-15 6.811641e-07 9.999993e-01 
2.771357e+01 5.284851e-15 5.713054e-07 9.999994e-01 
2.788945e+01 3.717628e-15 4.791648e-07 9.999995e-01 
2.806533e+01 2.615164e-15 4.018848e-07 9.999996e-01 
2.824121e+01 1.839637e-15 3.370685e-07 9.999997e-01 
2.841709e+01 1.294092e-15 2.827058e-07 9.999997e-01 
2.859296e+01 9.103290e-16 2.371108e-07 9.999998e-01 
2.876884e+01 6.403707e-16 1.988693e-07 9.999998e-01 
2.894472e+01 4.504687e-16 1.667955e-07 9.999998e-01 
2.912060e+01 3.168821e-16 1.398946e-07 9.999999e-01 
2.929648e+01 2.229106e-16 1.173323e-07 9.999999e-01 
2.947236e+01 1.568064e-16 9.840883e-08 9.999999e-01 
2.964824e+01 1.103055e-16 8.253737e-08 9.999999e-01 
2.982412e+01 7.759435e-17 6.922567e-08 9.999999e-01 
3.000000e+01 5.458373e-17 5.806089e-08 9.999999e-01 
