#E                   1            2            3 
-5.000000e+00 9.999997e-01 2.621919e-07 4.593106e-16 
-4.824121e+00 9.999997e-01 3.126099e-07 6.529401e-16 
-4.648241e+00 9.999996e-01 3.727229e-07 9.281971e-16 
-4.472362e+00 9.999996e-01 4.443954e-07 1.319493e-15 
-4.296482e+00 9.999995e-01 5.298500e-07 1.875746e-15 
-4.120603e+00 9.999994e-01 6.317371e-07 2.666495e-15 
-3.944724e+00 9.999992e-01 7.532164e-07 3.790597e-15 
-3.768844e+00 9.999991e-01 8.980554e-07 5.388582e-15 
-3.592965e+00 9.999989e-01 1.070746e-06 7.660222e-15 
-3.417085e+00 9.999987e-01 1.276644e-06 1.088951e-14 
-3.241206e+00 9.999985e-01 1.522135e-06 1.548014e-14 
-3.065327e+00 9.999982e-01 1.814833e-06 2.200603e-14 
-2.889447e+00 9.999978e-01 2.163814e-06 3.128301e-14 
-2.713568e+00 9.999974e-01 2.579902e-06 4.447083e-14 
-2.537688e+00 9.999969e-01 3.076000e-06 6.321816e-14 
-2.361809e+00 9.999963e-01 3.667495e-06 8.986871e-14 
-2.185930e+00 9.999956e-01 4.372730e-06 1.277542e-13 
-2.010050e+00 9.999948e-01 5.213577e-06 1.816108e-13 
-1.834171e+00 9.999938e-01 6.216112e-06 2.581714e-13 
-1.658291e+00 9.999926e-01 7.411425e-06 3.670071e-13 
-1.482412e+00 9.999912e-01 8.836587e-06 5.217240e-13 
-1.306533e+00 9.999895e-01 1.053579e-05 7.416636e-13 
-1.130653e+00 9.999874e-01 1.256174e-05 1.054321e-12 
-9.547739e-01 9.999850e-01 1.497726e-05 1.498783e-12 
-7.788945e-01 9.999821e-01 1.785725e-05 2.130613e-12 
-6.030151e-01 9.999787e-01 2.129102e-05 3.028795e-12 
-4.271357e-01 9.999746e-01 2.538505e-05 4.305613e-12 
-2.512563e-01 9.999697e-01 3.026631e-05 6.120682e-12 
-7.537688e-02 9.999639e-01 3.608613e-05 8.700900e-12 
1.005025e-01 9.999570e-01 4.302499e-05 1.236881e-11 
2.763819e-01 9.999487e-01 5.129802e-05 1.758294e-11 
4.522613e-01 9.999388e-01 6.116174e-05 2.499505e-11 
6.281407e-01 9.999271e-01 7.292193e-05 3.553169e-11 
8.040201e-01 9.999131e-01 8.694318e-05 5.050991e-11 
9.798995e-01 9.998963e-01 1.036601e-04 7.180195e-11 
1.155779e+00 9.998764e-01 1.235909e-04 1.020692e-10 
1.331658e+00 9.998526e-01 1.473532e-04 1.450945e-10 
1.507538e+00 9.998243e-01 1.756834e-04 2.062556e-10 
1.683417e+00 9.997905e-01 2.094593e-04 2.931959e-10 
1.859296e+00 9.997503e-01 2.497270e-04 4.167804e-10 
2.035176e+00 9.997023e-01 2.977338e-04 5.924523e-10 
2.211055e+00 9.996450e-01 3.549660e-04 8.421616e-10 
2.386935e+00 9.995768e-01 4.231950e-04 1.197106e-09 
2.562814e+00 9.994955e-01 5.045319e-04 1.701626e-09 
2.738693e+00 9.993985e-01 6.014921e-04 2.418739e-09 
2.914573e+00 9.992829e-01 7.170727e-04 3.437998e-09 
3.090452e+00 9.991452e-01 8.548437e-04 4.886667e-09 
3.266332e+00 9.989809e-01 1.019058e-03 6.945575e-09 
3.442211e+00 9.987852e-01 1.214779e-03 9.871656e-09 
3.618090e+00 9.985520e-01 1.448035e-03 1.402993e-08 
3.793970e+00 9.982740e-01 1.726004e-03 1.993891e-08 
3.969849e+00 9.979428e-01 2.057221e-03 2.833507e-08 
4.145729e+00 9.975481e-01 2.451843e-03 4.026423e-08 
4.321608e+00 9.970780e-01 2.921941e-03 5.721127e-08 
4.497487e+00 9.965181e-01 3.481857e-03 8.128390e-08 
4.673367e+00 9.958513e-01 4.148620e-03 1.154731e-07 
4.849246e+00 9.950574e-01 4.942433e-03 1.640217e-07 
5.025126e+00 9.941125e-01 5.887239e-03 2.329462e-07 
5.201005e+00 9.929883e-01 7.011383e-03 3.307738e-07 
5.376884e+00 9.916512e-01 8.348375e-03 4.695835e-07 
5.552764e+00 9.900616e-01 9.937764e-03 6.664736e-07 
5.728643e+00 9.881729e-01 1.182614e-02 9.456286e-07 
5.904523e+00 9.859304e-01 1.406824e-02 1.341223e-06 
6.080402e+00 9.832699e-01 1.672821e-02 1.901491e-06 
6.256281e+00 9.801163e-01 1.988099e-02 2.694424e-06 
6.432161e+00 9.763825e-01 2.361368e-02 3.815709e-06 
6.608040e+00 9.719675e-01 2.802715e-02 5.399753e-06 
6.783920e+00 9.667550e-01 3.323740e-02 7.634938e-06 
6.959799e+00 9.606123e-01 3.937696e-02 1.078460e-05 
7.135678e+00 9.533889e-01 4.659589e-02 1.521574e-05 
7.311558e+00 9.449163e-01 5.506230e-02 2.143794e-05 
7.487437e+00 9.350078e-01 6.496204e-02 3.015587e-05 
7.663317e+00 9.234604e-01 7.649731e-02 4.233912e-05 
7.839196e+00 9.100572e-01 8.988351e-02 5.931427e-05 
8.015075e+00 8.945729e-01 1.053442e-01 8.288447e-05 
8.190955e+00 8.767813e-01 1.231032e-01 1.154823e-04 
8.366834e+00 8.564653e-01 1.433743e-01 1.603618e-04 
8.542714e+00 8.334312e-01 1.663470e-01 2.218339e-04 
8.718593e+00 8.075249e-01 1.921695e-01 3.055491e-04 
8.894472e+00 7.786511e-01 2.209301e-01 4.188271e-04 
9.070352e+00 7.467928e-01 2.526362e-01 5.710300e-04 
9.246231e+00 7.120306e-01 2.871955e-01 7.739704e-04 
9.422111e+00 6.745573e-01 3.244003e-01 1.042345e-03 
9.597990e+00 6.346865e-01 3.639193e-01 1.394180e-03 
9.773869e+00 5.928506e-01 4.052981e-01 1.851278e-03 
9.949749e+00 5.495887e-01 4.479717e-01 2.439670e-03 
1.012563e+01 5.055219e-01 4.912880e-01 3.190070e-03 
1.030151e+01 4.613198e-01 5.345419e-01 4.138369e-03 
1.047739e+01 4.176601e-01 5.770137e-01 5.326195e-03 
1.065327e+01 3.751882e-01 6.180103e-01 6.801584e-03 
1.082915e+01 3.344796e-01 6.569006e-01 8.619806e-03 
1.100503e+01 2.960122e-01 6.931434e-01 1.084437e-02 
1.118090e+01 2.601484e-01 7.263034e-01 1.354824e-02 
1.135678e+01 2.271294e-01 7.560554e-01 1.681519e-02 
1.153266e+01 1.970798e-01 7.821788e-01 2.074138e-02 
1.170854e+01 1.700207e-01 8.045425e-01 2.543689e-02 
1.188442e+01 1.458864e-01 8.230863e-01 3.102730e-02 
1.206030e+01 1.245450e-01 8.378001e-01 3.765498e-02 
1.223618e+01 1.058176e-01 8.487024e-01 4.548004e-02 
1.241206e+01 8.949590e-02 8.558235e-01 5.468058e-02 
1.258794e+01 7.535726e-02 8.591909e-01 6.545186e-02 
1.276382e+01 6.317627e-02 8.588196e-01 7.800416e-02 
1.293970e+01 5.273346e-02 8.547079e-01 9.255864e-02 
1.311558e+01 4.382131e-02 8.468377e-01 1.093410e-01 
1.329146e+01 3.624782e-02 8.351802e-01 1.285720e-01 
1.346734e+01 2.983846e-02 8.197061e-01 1.504554e-01 
1.364322e+01 2.443669e-02 8.004010e-01 1.751623e-01 
1.381910e+01 1.990356e-02 7.772834e-01 2.028131e-01 
1.399497e+01 1.611668e-02 7.504259e-01 2.334575e-01 
1.417085e+01 1.296887e-02 7.199758e-01 2.670554e-01 
1.434673e+01 1.036657e-02 6.861738e-01 3.034597e-01 
1.452261e+01 8.228249e-03 6.493666e-01 3.424051e-01 
1.469849e+01 6.482940e-03 6.100114e-01 3.835056e-01 
1.487437e+01 5.068858e-03 5.686690e-01 4.262622e-01 
1.505025e+01 3.932246e-03 5.259852e-01 4.700826e-01 
1.522613e+01 3.026400e-03 4.826615e-01 5.143121e-01 
1.540201e+01 2.310883e-03 4.394178e-01 5.582713e-01 
1.557789e+01 1.750874e-03 3.969521e-01 6.012971e-01 
1.575377e+01 1.316627e-03 3.559011e-01 6.427822e-01 
1.592965e+01 9.829883e-04 3.168097e-01 6.822073e-01 
1.610553e+01 7.289408e-04 2.801082e-01 7.191628e-01 
1.628141e+01 5.371560e-04 2.461033e-01 7.533595e-01 
1.645729e+01 3.935455e-04 2.149787e-01 7.846278e-01 
1.663317e+01 2.868175e-04 1.868054e-01 8.129077e-01 
1.680905e+01 2.080475e-04 1.615585e-01 8.382335e-01 
1.698492e+01 1.502758e-04 1.391362e-01 8.607136e-01 
1.716080e+01 1.081431e-04 1.193804e-01 8.805115e-01 
1.733668e+01 7.756920e-05 1.020956e-01 8.978268e-01 
1.751256e+01 5.548086e-05 8.706516e-02 9.128794e-01 
1.768844e+01 3.958450e-05 7.406444e-02 9.258960e-01 
1.786432e+01 2.818268e-05 6.287101e-02 9.371008e-01 
1.804020e+01 2.002835e-05 5.327173e-02 9.467082e-01 
1.821608e+01 1.421112e-05 4.506749e-02 9.549183e-01 
1.839196e+01 1.007005e-05 3.807588e-02 9.619140e-01 
1.856784e+01 7.127565e-06 3.213239e-02 9.678605e-01 
1.874372e+01 5.040013e-06 2.709050e-02 9.729045e-01 
1.891960e+01 3.560960e-06 2.282106e-02 9.771754e-01 
1.909548e+01 2.514213e-06 1.921119e-02 9.807863e-01 
1.927136e+01 1.774121e-06 1.616289e-02 9.838353e-01 
1.944724e+01 1.251267e-06 1.359156e-02 9.864072e-01 
1.962312e+01 8.821378e-07 1.142455e-02 9.885746e-01 
1.979899e+01 6.216853e-07 9.599677e-03 9.903997e-01 
1.997487e+01 4.380026e-07 8.063919e-03 9.919356e-01 
2.015075e+01 3.085141e-07 6.772172e-03 9.932275e-01 
2.032663e+01 2.172615e-07 5.686161e-03 9.943136e-01 
2.050251e+01 1.529728e-07 4.773470e-03 9.952264e-01 
2.067839e+01 1.076916e-07 4.006685e-03 9.959932e-01 
2.085427e+01 7.580464e-08 3.362657e-03 9.966373e-01 
2.103015e+01 5.335369e-08 2.821855e-03 9.971781e-01 
2.120603e+01 3.754873e-08 2.367821e-03 9.976321e-01 
2.138191e+01 2.642374e-08 1.986696e-03 9.980133e-01 
2.155779e+01 1.859373e-08 1.666814e-03 9.983332e-01 
2.173367e+01 1.308327e-08 1.398365e-03 9.986016e-01 
2.190955e+01 9.205502e-09 1.173100e-03 9.988269e-01 
2.208543e+01 6.476834e-09 9.840874e-04 9.990159e-01 
2.226131e+01 4.556850e-09 8.255039e-04 9.991745e-01 
2.243719e+01 3.205942e-09 6.924581e-04 9.993075e-01 
2.261307e+01 2.255471e-09 5.808427e-04 9.994192e-01 
2.278894e+01 1.586759e-09 4.872096e-04 9.995128e-01 
2.296482e+01 1.116293e-09 4.086641e-04 9.995913e-01 
2.314070e+01 7.853080e-10 3.427770e-04 9.996572e-01 
2.331658e+01 5.524553e-10 2.875095e-04 9.997125e-01 
2.349246e+01 3.886426e-10 2.411509e-04 9.997588e-01 
2.366834e+01 2.734012e-10 2.022657e-04 9.997977e-01 
2.384422e+01 1.923303e-10 1.696497e-04 9.998304e-01 
2.402010e+01 1.352984e-10 1.422923e-04 9.998577e-01 
2.419598e+01 9.517780e-11 1.193460e-04 9.998807e-01 
2.437186e+01 6.695409e-11 1.000997e-04 9.998999e-01 
2.454774e+01 4.709960e-11 8.395691e-05 9.999160e-01 
2.472362e+01 3.313265e-11 7.041722e-05 9.999296e-01 
2.489950e+01 2.330742e-11 5.906094e-05 9.999409e-01 
2.507538e+01 1.639576e-11 4.953601e-05 9.999505e-01 
2.525126e+01 1.153368e-11 4.154714e-05 9.999585e-01 
2.542714e+01 8.113422e-12 3.484661e-05 9.999652e-01 
2.560302e+01 5.707417e-12 2.922668e-05 9.999708e-01 
2.577889e+01 4.014900e-12 2.451309e-05 9.999755e-01 
2.595477e+01 2.824292e-12 2.055968e-05 9.999794e-01 
2.613065e+01 1.986754e-12 1.724386e-05 9.999828e-01 
2.630653e+01 1.397585e-12 1.446279e-05 9.999855e-01 
2.648241e+01 9.831335e-13 1.213025e-05 9.999879e-01 
2.665829e+01 6.915864e-13 1.017389e-05 9.999898e-01 
2.683417e+01 4.864971e-13 8.533051e-06 9.999915e-01 
2.701005e+01 3.422267e-13 7.156843e-06 9.999928e-01 
2.718593e+01 2.407396e-13 6.002588e-06 9.999940e-01 
2.736181e+01 1.693484e-13 5.034490e-06 9.999950e-01 
2.753769e+01 1.191282e-13 4.222527e-06 9.999958e-01 
2.771357e+01 8.380075e-14 3.541516e-06 9.999965e-01 
2.788945e+01 5.894965e-14 2.970339e-06 9.999970e-01 
2.806533e+01 4.146814e-14 2.491282e-06 9.999975e-01 
2.824121e+01 2.917076e-14 2.089486e-06 9.999979e-01 
2.841709e+01 2.052018e-14 1.752493e-06 9.999982e-01 
2.859296e+01 1.443492e-14 1.469850e-06 9.999985e-01 
2.876884e+01 1.015424e-14 1.232791e-06 9.999988e-01 
2.894472e+01 7.143000e-15 1.033966e-06 9.999990e-01 
2.912060e+01 5.024743e-15 8.672071e-07 9.999991e-01 
2.929648e+01 3.534655e-15 7.273433e-07 9.999993e-01 
2.947236e+01 2.486452e-15 6.100368e-07 9.999994e-01 
2.964824e+01 1.749095e-15 5.116496e-07 9.999995e-01 
2.982412e+01 1.230400e-15 4.291303e-07 9.999996e-01 
3.000000e+01 8.655248e-16 3.599198e-07 9.999996e-01 
