#E                   3            4            5            6            7            8 
-5.000000e+00 9.999999e-01 5.189730e-08 8.879265e-16 2.595862e-24 1.520041e-35 1.415620e-47 
-4.824121e+00 9.999999e-01 6.187685e-08 1.262246e-15 4.399790e-24 3.071772e-35 3.410859e-47 
-4.648241e+00 9.999999e-01 7.377541e-08 1.794365e-15 7.457313e-24 6.207587e-35 8.218282e-47 
-4.472362e+00 9.999999e-01 8.796199e-08 2.550808e-15 1.263958e-23 1.254459e-34 1.980151e-46 
-4.296482e+00 9.999999e-01 1.048766e-07 3.626140e-15 2.142314e-23 2.535073e-34 4.771067e-46 
-4.120603e+00 9.999999e-01 1.250437e-07 5.154796e-15 3.631060e-23 5.122998e-34 1.149563e-45 
-3.944724e+00 9.999999e-01 1.490889e-07 7.327881e-15 6.154372e-23 1.035280e-33 2.769810e-45 
-3.768844e+00 9.999998e-01 1.777579e-07 1.041706e-14 1.043120e-22 2.092145e-33 6.673710e-45 
-3.592965e+00 9.999998e-01 2.119397e-07 1.480854e-14 1.768009e-22 4.227909e-33 1.607994e-44 
-3.417085e+00 9.999997e-01 2.526945e-07 2.105131e-14 2.996641e-22 8.543964e-33 3.874376e-44 
-3.241206e+00 9.999997e-01 3.012861e-07 2.992581e-14 5.079080e-22 1.726606e-32 9.335101e-44 
-3.065327e+00 9.999996e-01 3.592217e-07 4.254150e-14 8.608657e-22 3.489209e-32 2.249242e-43 
-2.889447e+00 9.999996e-01 4.282979e-07 6.047553e-14 1.459102e-21 7.051163e-32 5.419428e-43 
-2.713568e+00 9.999995e-01 5.106571e-07 8.596993e-14 2.473068e-21 1.424933e-31 1.305782e-42 
-2.537688e+00 9.999994e-01 6.088535e-07 1.222119e-13 4.191663e-21 2.879574e-31 3.146212e-42 
-2.361809e+00 9.999993e-01 7.259325e-07 1.737322e-13 7.104552e-21 5.819183e-31 7.580627e-42 
-2.185930e+00 9.999991e-01 8.655250e-07 2.469717e-13 1.204168e-20 1.175969e-30 1.826511e-41 
-2.010050e+00 9.999990e-01 1.031960e-06 3.510863e-13 2.040973e-20 2.376455e-30 4.400880e-41 
-1.834171e+00 9.999988e-01 1.230400e-06 4.990922e-13 3.459294e-20 4.802454e-30 1.060368e-40 
-1.658291e+00 9.999985e-01 1.466999e-06 7.094921e-13 5.863241e-20 9.705031e-30 2.554900e-40 
-1.482412e+00 9.999983e-01 1.749094e-06 1.008589e-12 9.937749e-20 1.961239e-29 6.155892e-40 
-1.306533e+00 9.999979e-01 2.085433e-06 1.433775e-12 1.684373e-19 3.963367e-29 1.483229e-39 
-1.130653e+00 9.999975e-01 2.486449e-06 2.038205e-12 2.854884e-19 8.009362e-29 3.573758e-39 
-9.547739e-01 9.999970e-01 2.964578e-06 2.897440e-12 4.838810e-19 1.618570e-28 8.610774e-39 
-7.788945e-01 9.999965e-01 3.534647e-06 4.118899e-12 8.201412e-19 3.270883e-28 2.074719e-38 
-6.030151e-01 9.999958e-01 4.214337e-06 5.855282e-12 1.390077e-18 6.609956e-28 4.998920e-38 
-4.271357e-01 9.999950e-01 5.024725e-06 8.323660e-12 2.356073e-18 1.335771e-27 1.204462e-37 
-2.512563e-01 9.999940e-01 5.990945e-06 1.183262e-11 3.993362e-18 2.699389e-27 2.902084e-37 
-7.537688e-02 9.999929e-01 7.142961e-06 1.682082e-11 6.768439e-18 5.455050e-27 6.992407e-37 
1.005025e-01 9.999915e-01 8.516500e-06 2.391187e-11 1.147198e-17 1.102382e-26 1.684781e-36 
2.763819e-01 9.999898e-01 1.015416e-05 3.399224e-11 1.944410e-17 2.227743e-26 4.059382e-36 
4.522613e-01 9.999879e-01 1.210672e-05 4.832210e-11 3.295622e-17 4.501922e-26 9.780843e-36 
6.281407e-01 9.999856e-01 1.443474e-05 6.869287e-11 5.585818e-17 9.097683e-26 2.356636e-35 
8.040201e-01 9.999828e-01 1.721041e-05 9.765115e-11 9.467513e-17 1.838499e-25 5.678173e-35 
9.798995e-01 9.999795e-01 2.051980e-05 1.388171e-10 1.604667e-16 3.715316e-25 1.368121e-34 
1.155779e+00 9.999755e-01 2.446555e-05 1.973368e-10 2.719778e-16 7.508062e-25 3.296401e-34 
1.331658e+00 9.999708e-01 2.916999e-05 2.805258e-10 4.609797e-16 1.517259e-24 7.942463e-34 
1.507538e+00 9.999652e-01 3.477902e-05 3.987837e-10 7.813213e-16 3.066133e-24 1.913683e-33 
1.683417e+00 9.999585e-01 4.146655e-05 5.668933e-10 1.324272e-15 6.196149e-24 4.610886e-33 
1.859296e+00 9.999506e-01 4.943994e-05 8.058696e-10 2.244523e-15 1.252138e-23 1.110959e-32 
2.035176e+00 9.999411e-01 5.894639e-05 1.145586e-09 3.804261e-15 2.530358e-23 2.676771e-32 
2.211055e+00 9.999297e-01 7.028065e-05 1.628507e-09 6.447861e-15 5.113412e-23 6.449464e-32 
2.386935e+00 9.999162e-01 8.379408e-05 2.314998e-09 1.092849e-14 1.033329e-22 1.553943e-31 
2.562814e+00 9.999001e-01 9.990559e-05 3.290868e-09 1.852267e-14 2.088168e-22 3.744081e-31 
2.738693e+00 9.998809e-01 1.191146e-04 4.678095e-09 3.139392e-14 4.219792e-22 9.020990e-31 
2.914573e+00 9.998580e-01 1.420164e-04 6.650067e-09 5.320910e-14 8.527365e-22 2.173509e-30 
3.090452e+00 9.998307e-01 1.693207e-04 9.453248e-09 9.018295e-14 1.723204e-21 5.236811e-30 
3.266332e+00 9.997981e-01 2.018735e-04 1.343797e-08 1.528483e-13 3.482222e-21 1.261740e-29 
3.442211e+00 9.997593e-01 2.406833e-04 1.910222e-08 2.590563e-13 7.036771e-21 3.039978e-29 
3.618090e+00 9.997130e-01 2.869520e-04 2.715380e-08 4.390605e-13 1.421959e-20 7.324324e-29 
3.793970e+00 9.996578e-01 3.421123e-04 3.859878e-08 7.441334e-13 2.873406e-20 1.764659e-28 
3.969849e+00 9.995921e-01 4.078717e-04 5.486709e-08 1.261167e-12 5.806336e-20 4.251572e-28 
4.145729e+00 9.995137e-01 4.862650e-04 7.799104e-08 2.137415e-12 1.173281e-19 1.024313e-27 
4.321608e+00 9.994202e-01 5.797167e-04 1.108590e-07 3.622418e-12 2.370801e-19 2.467797e-27 
4.497487e+00 9.993087e-01 6.911158e-04 1.575758e-07 6.139041e-12 4.790496e-19 5.945360e-27 
4.673367e+00 9.991759e-01 8.239038e-04 2.239745e-07 1.040383e-11 9.679581e-19 1.432312e-26 
4.849246e+00 9.990175e-01 9.821801e-04 3.183440e-07 1.763091e-11 1.955787e-18 3.450532e-26 
5.025126e+00 9.988287e-01 1.170826e-03 4.524614e-07 2.987741e-11 3.951602e-18 8.312302e-26 
5.201005e+00 9.986037e-01 1.395655e-03 6.430587e-07 5.062854e-11 7.983792e-18 2.002353e-25 
5.376884e+00 9.983355e-01 1.663585e-03 9.139046e-07 8.578851e-11 1.612970e-17 4.823267e-25 
5.552764e+00 9.980159e-01 1.982847e-03 1.298759e-06 1.453585e-10 3.258525e-17 1.161768e-24 
5.728643e+00 9.976349e-01 2.363235e-03 1.845567e-06 2.462776e-10 6.582473e-17 2.798150e-24 
5.904523e+00 9.971810e-01 2.816390e-03 2.622401e-06 4.172320e-10 1.329613e-16 6.738924e-24 
6.080402e+00 9.966401e-01 3.356144e-03 3.725892e-06 7.067932e-10 2.685489e-16 1.622827e-23 
6.256281e+00 9.959958e-01 3.998924e-03 5.293176e-06 1.197187e-09 5.423459e-16 3.907586e-23 
6.432161e+00 9.952283e-01 4.764220e-03 7.518798e-06 2.027577e-09 1.095154e-15 9.407864e-23 
6.608040e+00 9.943142e-01 5.675135e-03 1.067865e-05 3.433434e-09 2.211109e-15 2.264692e-22 
6.783920e+00 9.932258e-01 6.759024e-03 1.516378e-05 5.813042e-09 4.463425e-15 5.450682e-22 
6.959799e+00 9.919302e-01 8.048234e-03 2.152819e-05 9.839815e-09 9.008142e-15 1.311599e-21 
7.135678e+00 9.903885e-01 9.580948e-03 3.055617e-05 1.665182e-08 1.817580e-14 3.155317e-21 
7.311558e+00 9.885545e-01 1.140216e-02 4.335716e-05 2.817131e-08 3.666252e-14 7.588488e-21 
7.487437e+00 9.863737e-01 1.356473e-02 6.149909e-05 4.764292e-08 7.392596e-14 1.824372e-20 
7.663317e+00 9.837821e-01 1.613066e-02 8.719528e-05 8.053898e-08 1.490007e-13 4.384177e-20 
7.839196e+00 9.807040e-01 1.917232e-02 1.235660e-04 1.360804e-07 3.001657e-13 1.053039e-19 
8.015075e+00 9.770509e-01 2.277390e-02 1.750028e-04 2.297868e-07 6.043299e-13 2.527789e-19 
8.190955e+00 9.727191e-01 2.703280e-02 2.476750e-04 3.877446e-07 1.215845e-12 6.063570e-19 
8.366834e+00 9.675881e-01 3.206104e-02 3.502291e-04 6.537311e-07 2.444078e-12 1.453278e-18 
8.542714e+00 9.615178e-01 3.798637e-02 4.947501e-04 1.101073e-06 4.908125e-12 3.479627e-18 
8.718593e+00 9.543469e-01 4.495316e-02 6.980745e-04 1.852318e-06 9.844608e-12 8.321449e-18 
8.894472e+00 9.458908e-01 5.312249e-02 9.835658e-04 3.111721e-06 1.971819e-11 1.987243e-17 
9.070352e+00 9.359400e-01 6.267132e-02 1.383494e-03 5.218648e-06 3.942827e-11 4.737783e-17 
9.246231e+00 9.242590e-01 7.379009e-02 1.942182e-03 8.734823e-06 7.868415e-11 1.127296e-16 
9.422111e+00 9.105872e-01 8.667809e-02 2.720099e-03 1.458587e-05 1.566567e-10 2.675983e-16 
9.597990e+00 8.946407e-01 1.015360e-01 3.799082e-03 2.428901e-05 3.110354e-10 6.334723e-16 
9.773869e+00 8.761167e-01 1.185541e-01 5.288821e-03 4.031563e-05 6.155410e-10 1.494714e-15 
9.949749e+00 8.547023e-01 1.378964e-01 7.334638e-03 6.666175e-05 1.213511e-09 3.513406e-15 
1.012563e+01 8.300860e-01 1.596779e-01 1.012637e-02 1.097325e-04 2.381693e-09 8.221553e-15 
1.030151e+01 8.019765e-01 1.839360e-01 1.390783e-02 1.796901e-04 4.650055e-09 1.913858e-14 
1.047739e+01 7.701258e-01 2.105960e-01 1.898568e-02 2.924655e-04 9.023850e-09 4.428197e-14 
1.065327e+01 7.343600e-01 2.394313e-01 2.573596e-02 4.726855e-04 1.738894e-08 1.017400e-13 
1.082915e+01 6.946147e-01 2.700221e-01 3.460528e-02 7.578052e-04 3.323853e-08 2.318696e-13 
1.100503e+01 6.509742e-01 3.017190e-01 4.610298e-02 1.203726e-03 6.294996e-08 5.235773e-13 
1.118090e+01 6.037093e-01 3.336186e-01 6.077991e-02 1.892092e-03 1.179759e-07 1.169936e-12 
1.135678e+01 5.533081e-01 3.645632e-01 7.918923e-02 2.939218e-03 2.185075e-07 2.583560e-12 
1.153266e+01 5.004915e-01 3.931750e-01 1.018269e-01 4.506213e-03 3.994199e-07 5.630740e-12 
1.170854e+01 4.462045e-01 4.179329e-01 1.290526e-01 6.809250e-03 7.196160e-07 1.209539e-11 
1.188442e+01 3.915782e-01 4.372951e-01 1.609972e-01 1.012825e-02 1.276201e-06 2.557537e-11 
1.206030e+01 3.378587e-01 4.498572e-01 1.974703e-01 1.481157e-02 2.225203e-06 5.316866e-11 
1.223618e+01 2.863096e-01 4.545262e-01 2.378863e-01 2.127415e-02 3.810695e-06 1.085610e-10 
1.241206e+01 2.381002e-01 4.506778e-01 2.812290e-01 2.998655e-02 6.404155e-06 2.175278e-10 
1.258794e+01 1.941988e-01 4.382646e-01 3.260723e-01 4.145374e-02 1.055559e-05 4.274830e-10 
1.276382e+01 1.552901e-01 4.178469e-01 3.706620e-01 5.618383e-02 1.705743e-05 8.236325e-10 
1.293970e+01 1.217323e-01 3.905375e-01 4.130542e-01 7.464896e-02 2.702150e-05 1.555653e-09 
1.311558e+01 9.355888e-02 3.578700e-01 4.512873e-01 9.724186e-02 4.196839e-05 2.880774e-09 
1.329146e+01 7.052095e-02 3.216191e-01 4.835631e-01 1.242329e-01 6.392773e-05 5.231901e-09 
1.346734e+01 5.215673e-02 2.836074e-01 5.084078e-01 1.557325e-01 9.554661e-05 9.323286e-09 
1.364322e+01 3.787203e-02 2.455327e-01 5.247923e-01 1.916628e-01 1.402030e-04 1.631152e-08 
1.381910e+01 2.701704e-02 2.088391e-01 5.321983e-01 2.317434e-01 2.021205e-04 2.803696e-08 
1.399497e+01 1.894915e-02 1.746414e-01 5.306305e-01 2.754924e-01 2.864811e-04 4.738055e-08 
1.417085e+01 1.307724e-02 1.437001e-01 5.205778e-01 3.222452e-01 3.995364e-04 7.878505e-08 
1.434673e+01 8.887410e-03 1.164393e-01 5.029347e-01 3.711897e-01 5.487180e-04 1.290090e-07 
1.452261e+01 5.953040e-03 9.299223e-02 4.788969e-01 4.214148e-01 7.427566e-04 2.082097e-07 
1.469849e+01 3.933610e-03 7.326264e-02 4.498435e-01 4.719681e-01 9.918199e-04 3.314902e-07 
1.487437e+01 2.566421e-03 5.699053e-02 4.172199e-01 5.219149e-01 1.307686e-03 5.211043e-07 
1.505025e+01 1.654825e-03 4.381374e-02 3.824336e-01 5.703930e-01 1.703967e-03 8.095917e-07 
1.522613e+01 1.055530e-03 3.332056e-02 3.467700e-01 6.166562e-01 2.196411e-03 1.244233e-06 
1.540201e+01 6.666364e-04 2.509078e-02 3.113342e-01 6.601032e-01 2.803276e-03 1.893379e-06 
1.557789e+01 4.172583e-04 1.872464e-02 2.770191e-01 7.002904e-01 3.545811e-03 2.855425e-06 
1.575377e+01 2.590612e-04 1.386100e-02 2.444973e-01 7.369295e-01 4.448840e-03 4.271549e-06 
1.592965e+01 1.596783e-04 1.018641e-02 2.142320e-01 7.698741e-01 5.541458e-03 6.343750e-06 
1.610553e+01 9.778564e-05 7.437621e-03 1.865007e-01 7.990967e-01 6.857836e-03 9.360361e-06 
1.628141e+01 5.953905e-05 5.399385e-03 1.614263e-01 8.246629e-01 8.438159e-03 1.373209e-05 
1.645729e+01 3.606674e-05 3.899714e-03 1.390100e-01 8.467045e-01 1.032967e-02 2.004283e-05 
1.663317e+01 2.174895e-05 2.803804e-03 1.191638e-01 8.653936e-01 1.258786e-02 2.912109e-05 
1.680905e+01 1.306205e-05 2.007724e-03 1.017383e-01 8.809211e-01 1.527772e-02 4.214033e-05 
1.698492e+01 7.816416e-06 1.432465e-03 8.654612e-02 8.934777e-01 1.847518e-02 6.075912e-05 
1.716080e+01 4.662048e-06 1.018677e-03 7.338099e-02 9.032398e-01 2.226853e-02 8.731679e-05 
1.733668e+01 2.772272e-06 7.222358e-04 6.203112e-02 9.103589e-01 2.675990e-02 1.251049e-04 
1.751256e+01 1.643886e-06 5.106205e-04 5.228925e-02 9.149531e-01 3.206669e-02 1.787423e-04 
1.768844e+01 9.721661e-07 3.600398e-04 4.395902e-02 9.171025e-01 3.832276e-02 2.546908e-04 
1.786432e+01 5.734145e-07 2.531991e-04 3.685896e-02 9.168461e-01 4.567922e-02 3.619585e-04 
1.804020e+01 3.373289e-07 1.775949e-04 3.082442e-02 9.141799e-01 5.430470e-02 5.130514e-04 
1.821608e+01 1.979078e-07 1.242291e-04 2.570817e-02 9.090577e-01 6.438440e-02 7.252498e-04 
1.839196e+01 1.157805e-07 8.665210e-05 2.138013e-02 9.013929e-01 7.611790e-02 1.022297e-03 
1.856784e+01 6.752719e-08 6.025678e-05 1.772641e-02 8.910619e-01 8.971477e-02 1.436606e-03 
1.874372e+01 3.925280e-08 4.176201e-05 1.464804e-02 8.779104e-01 1.053877e-01 2.012088e-03 
1.891960e+01 2.273304e-08 2.883710e-05 1.205961e-02 8.617620e-01 1.233418e-01 2.807702e-03 
1.909548e+01 1.311153e-08 1.983038e-05 9.887723e-03 8.424299e-01 1.437607e-01 3.901795e-03 
1.927136e+01 7.527341e-09 1.357384e-05 8.069586e-03 8.197326e-01 1.667870e-01 5.397216e-03 
1.944724e+01 4.299058e-09 9.243103e-06 6.551638e-03 7.935134e-01 1.924986e-01 7.427090e-03 
1.962312e+01 2.441016e-09 6.257467e-06 5.288276e-03 7.636633e-01 2.208812e-01 1.016093e-02 
1.979899e+01 1.376984e-09 4.208626e-06 4.240717e-03 7.301474e-01 2.517972e-01 1.381048e-02 
1.997487e+01 7.711181e-10 2.810061e-06 3.375967e-03 6.930315e-01 2.849552e-01 1.863452e-02 
2.015075e+01 4.283540e-10 1.861149e-06 2.665920e-03 6.525071e-01 3.198839e-01 2.494120e-02 
2.032663e+01 2.358422e-10 1.221753e-06 2.086568e-03 6.089117e-01 3.559139e-01 3.308668e-02 
2.050251e+01 1.285948e-10 7.942706e-07 1.617340e-03 5.627381e-01 3.921755e-01 4.346826e-02 
2.067839e+01 6.938464e-11 5.109660e-07 1.240533e-03 5.146320e-01 4.276164e-01 5.651056e-02 
2.085427e+01 3.701830e-11 3.250338e-07 9.408670e-04 4.653720e-01 4.610428e-01 7.264403e-02 
2.103015e+01 1.951579e-11 2.043063e-07 7.051231e-04 4.158344e-01 4.911847e-01 9.227562e-02 
2.120603e+01 1.016049e-11 1.268217e-07 5.218674e-04 3.669434e-01 5.167815e-01 1.157531e-01 
2.138191e+01 5.221427e-12 7.770550e-08 3.812429e-04 3.196128e-01 5.366801e-01 1.433258e-01 
2.155779e+01 2.647586e-12 4.697816e-08 2.748080e-04 2.746852e-01 5.499333e-01 1.751066e-01 
2.173367e+01 1.324320e-12 2.801705e-08 1.954067e-04 2.328781e-01 5.558874e-01 2.110390e-01 
2.190955e+01 6.533916e-13 1.648111e-08 1.370524e-04 1.947419e-01 5.542442e-01 2.508768e-01 
2.208543e+01 3.179853e-13 9.563201e-09 9.481720e-05 1.606362e-01 5.450903e-01 2.941787e-01 
2.226131e+01 1.526754e-13 5.474555e-09 6.471666e-05 1.307241e-01 5.288887e-01 3.403225e-01 
2.243719e+01 7.234250e-14 3.092835e-09 4.359207e-05 1.049858e-01 5.064337e-01 3.885370e-01 
2.261307e+01 3.384302e-14 1.725106e-09 2.899012e-05 8.324469e-02 4.787756e-01 4.379507e-01 
2.278894e+01 1.563993e-14 9.505277e-10 1.904506e-05 6.520373e-02 4.471275e-01 4.876498e-01 
2.296482e+01 7.144502e-15 5.177088e-10 1.236763e-05 5.048473e-02 4.127646e-01 5.367383e-01 
2.314070e+01 3.228479e-15 2.789298e-10 7.944737e-06 3.866664e-02 3.769313e-01 5.843941e-01 
2.331658e+01 1.444293e-15 1.487770e-10 5.052469e-06 2.931865e-02 3.407637e-01 6.299126e-01 
2.349246e+01 6.401801e-16 7.862598e-11 3.183593e-06 2.202629e-02 3.052348e-01 6.727357e-01 
2.366834e+01 2.813865e-16 4.120507e-11 1.989233e-06 1.640940e-02 2.711246e-01 7.124640e-01 
2.384422e+01 1.227496e-16 2.143143e-11 1.233586e-06 1.213277e-02 2.390120e-01 7.488540e-01 
2.402010e+01 5.318681e-17 1.107180e-11 7.598362e-07 8.910337e-03 2.092846e-01 7.818043e-01 
2.419598e+01 2.290805e-17 5.685726e-12 4.652337e-07 6.504722e-03 1.821610e-01 8.113339e-01 
2.437186e+01 9.814888e-18 2.904467e-12 2.833578e-07 4.723634e-03 1.577198e-01 8.375563e-01 
2.454774e+01 4.185844e-18 1.476888e-12 1.717907e-07 3.414478e-03 1.359307e-01 8.606546e-01 
2.472362e+01 1.778044e-18 7.479811e-13 1.037352e-07 2.458296e-03 1.166839e-01 8.808577e-01 
2.489950e+01 7.526602e-19 3.775117e-13 6.242370e-08 1.763766e-03 9.981626e-02 8.984199e-01 
2.507538e+01 3.176589e-19 1.899660e-13 3.745230e-08 1.261692e-03 8.513284e-02 9.136054e-01 
2.525126e+01 1.337251e-19 9.534793e-14 2.241286e-08 9.002342e-04 7.242405e-02 9.266757e-01 
2.542714e+01 5.617144e-20 4.775265e-14 1.338341e-08 6.409271e-04 6.147795e-02 9.378811e-01 
2.560302e+01 2.355100e-20 2.387122e-14 7.976778e-09 4.554626e-04 5.208910e-02 9.474554e-01 
2.577889e+01 9.858598e-21 1.191417e-14 4.746792e-09 3.231535e-04 4.406426e-02 9.556126e-01 
2.595477e+01 4.121329e-21 5.938400e-15 2.820910e-09 2.289715e-04 3.722566e-02 9.625454e-01 
2.613065e+01 1.720937e-21 2.956519e-15 1.674495e-09 1.620539e-04 3.141260e-02 9.684253e-01 
2.630653e+01 7.179174e-22 1.470529e-15 9.930252e-10 1.145828e-04 2.648179e-02 9.734036e-01 
2.648241e+01 2.992477e-22 7.308251e-16 5.884148e-10 8.095172e-05 2.230681e-02 9.776122e-01 
2.665829e+01 1.246492e-22 3.629572e-16 3.484247e-10 5.715245e-05 1.877715e-02 9.811657e-01 
2.683417e+01 5.189156e-23 1.801549e-16 2.061974e-10 4.032669e-05 1.579686e-02 9.841628e-01 
2.701005e+01 2.159198e-23 8.937694e-17 1.219680e-10 2.844060e-05 1.328313e-02 9.866884e-01 
2.718593e+01 8.980703e-24 4.432275e-17 7.211584e-11 2.004966e-05 1.116483e-02 9.888151e-01 
2.736181e+01 3.734035e-24 2.197244e-17 4.262512e-11 1.412945e-05 9.381105e-03 9.906048e-01 
2.753769e+01 1.552103e-24 1.088940e-17 2.518690e-11 9.954463e-06 7.880068e-03 9.921100e-01 
2.771357e+01 6.449957e-25 5.395399e-18 1.487914e-11 7.011396e-06 6.617593e-03 9.933754e-01 
2.788945e+01 2.679812e-25 2.672726e-18 8.788043e-12 4.937445e-06 5.556244e-03 9.944388e-01 
2.806533e+01 1.113210e-25 1.323764e-18 5.189575e-12 3.476365e-06 4.664315e-03 9.953322e-01 
2.824121e+01 4.623672e-26 6.555474e-19 3.064141e-12 2.447292e-06 3.914999e-03 9.960826e-01 
2.841709e+01 1.920191e-26 3.245973e-19 1.808977e-12 1.722636e-06 3.285662e-03 9.967126e-01 
2.859296e+01 7.973657e-27 1.607095e-19 1.067857e-12 1.212431e-06 2.757210e-03 9.972416e-01 
2.876884e+01 3.310805e-27 7.956115e-20 6.303127e-13 8.532639e-07 2.313554e-03 9.976856e-01 
2.894472e+01 1.374607e-27 3.938487e-20 3.720214e-13 6.004525e-07 1.941147e-03 9.980583e-01 
2.912060e+01 5.706862e-28 1.949538e-20 2.195602e-13 4.225205e-07 1.628587e-03 9.983710e-01 
2.929648e+01 2.369159e-28 9.649661e-21 1.295739e-13 2.973001e-07 1.366286e-03 9.986334e-01 
2.947236e+01 9.834963e-29 4.776106e-21 7.646501e-14 2.091818e-07 1.146183e-03 9.988536e-01 
2.964824e+01 4.082590e-29 2.363853e-21 4.512246e-14 1.471761e-07 9.615035e-04 9.990383e-01 
2.982412e+01 1.694673e-29 1.169914e-21 2.662623e-14 1.035471e-07 8.065565e-04 9.991933e-01 
3.000000e+01 7.034369e-30 5.789976e-22 1.571144e-14 7.284964e-08 6.765624e-04 9.993234e-01 
