#E                   5            6            7            8 
-5.000000e+00 9.999942e-01 5.793765e-06 1.019342e-11 4.545415e-18 
-4.824121e+00 9.999931e-01 6.907865e-06 1.449059e-11 7.704126e-18 
-4.648241e+00 9.999918e-01 8.236197e-06 2.059930e-11 1.305789e-17 
-4.472362e+00 9.999902e-01 9.819955e-06 2.928321e-11 2.213211e-17 
-4.296482e+00 9.999883e-01 1.170825e-05 4.162793e-11 3.751219e-17 
-4.120603e+00 9.999860e-01 1.395965e-05 5.917670e-11 6.358018e-17 
-3.944724e+00 9.999834e-01 1.664397e-05 8.412333e-11 1.077633e-16 
-3.768844e+00 9.999802e-01 1.984445e-05 1.195864e-10 1.826501e-16 
-3.592965e+00 9.999763e-01 2.366033e-05 1.699993e-10 3.095769e-16 
-3.417085e+00 9.999718e-01 2.820994e-05 2.416641e-10 5.247071e-16 
-3.241206e+00 9.999664e-01 3.363437e-05 3.435395e-10 8.893341e-16 
-3.065327e+00 9.999599e-01 4.010181e-05 4.883608e-10 1.507344e-15 
-2.889447e+00 9.999522e-01 4.781279e-05 6.942315e-10 2.554815e-15 
-2.713568e+00 9.999430e-01 5.700639e-05 9.868866e-10 4.330179e-15 
-2.537688e+00 9.999320e-01 6.796764e-05 1.402909e-09 7.339247e-15 
-2.361809e+00 9.999190e-01 8.103637e-05 1.994301e-09 1.243931e-14 
-2.185930e+00 9.999034e-01 9.661770e-05 2.834985e-09 2.108336e-14 
-2.010050e+00 9.998848e-01 1.151946e-04 4.030042e-09 3.573403e-14 
-1.834171e+00 9.998627e-01 1.373428e-04 5.728842e-09 6.056514e-14 
-1.658291e+00 9.998362e-01 1.637487e-04 8.143710e-09 1.026506e-13 
-1.482412e+00 9.998048e-01 1.952305e-04 1.157645e-08 1.739796e-13 
-1.306533e+00 9.997672e-01 2.327635e-04 1.645607e-08 2.948712e-13 
-1.130653e+00 9.997225e-01 2.775101e-04 2.339234e-08 4.997621e-13 
-9.547739e-01 9.996691e-01 3.308560e-04 3.325196e-08 8.470138e-13 
-7.788945e-01 9.996055e-01 3.944527e-04 4.726684e-08 1.435533e-12 
-6.030151e-01 9.995297e-01 4.702680e-04 6.718782e-08 2.432935e-12 
-4.271357e-01 9.994393e-01 5.606471e-04 9.550325e-08 4.123269e-12 
-2.512563e-01 9.993315e-01 6.683842e-04 1.357495e-07 6.987876e-12 
-7.537688e-02 9.992030e-01 7.968082e-04 1.929520e-07 1.184240e-11 
1.005025e-01 9.990498e-01 9.498842e-04 2.742519e-07 2.006890e-11 
2.763819e-01 9.988673e-01 1.132335e-03 3.897958e-07 3.400905e-11 
4.522613e-01 9.986497e-01 1.349782e-03 5.539996e-07 5.763021e-11 
6.281407e-01 9.983903e-01 1.608919e-03 7.873422e-07 9.765348e-11 
8.040201e-01 9.980812e-01 1.917711e-03 1.118912e-06 1.654640e-10 
9.798995e-01 9.977128e-01 2.285632e-03 1.590020e-06 2.803455e-10 
1.155779e+00 9.972738e-01 2.723947e-03 2.259323e-06 4.749554e-10 
1.331658e+00 9.967507e-01 3.246043e-03 3.210091e-06 8.045914e-10 
1.507538e+00 9.961276e-01 3.867819e-03 4.560502e-06 1.362869e-09 
1.683417e+00 9.953854e-01 4.608142e-03 6.478222e-06 2.308239e-09 
1.859296e+00 9.945014e-01 5.489382e-03 9.201039e-06 3.908816e-09 
2.035176e+00 9.934489e-01 6.538032e-03 1.306604e-05 6.618137e-09 
2.211055e+00 9.921960e-01 7.785427e-03 1.855081e-05 1.120310e-08 
2.386935e+00 9.907051e-01 9.268571e-03 2.633156e-05 1.895987e-08 
2.562814e+00 9.889315e-01 1.103108e-02 3.736503e-05 3.207802e-08 
2.738693e+00 9.868227e-01 1.312425e-02 5.300357e-05 5.425388e-08 
2.914573e+00 9.843165e-01 1.560822e-02 7.515670e-05 9.172269e-08 
3.090452e+00 9.813400e-01 1.855332e-02 1.065171e-04 1.549929e-07 
3.266332e+00 9.778075e-01 2.204139e-02 1.508760e-04 2.617556e-07 
3.442211e+00 9.736188e-01 2.616725e-02 2.135613e-04 4.417555e-07 
3.618090e+00 9.686571e-01 3.104007e-02 3.020443e-04 7.449266e-07 
3.793970e+00 9.627873e-01 3.678463e-02 4.267738e-04 1.254943e-06 
3.969849e+00 9.558533e-01 4.354223e-02 6.023176e-04 2.111715e-06 
4.145729e+00 9.476765e-01 5.147105e-02 8.489094e-04 3.548580e-06 
4.321608e+00 9.380540e-01 6.074551e-02 1.194527e-03 5.953504e-06 
4.497487e+00 9.267580e-01 7.155437e-02 1.677650e-03 9.969228e-06 
4.673367e+00 9.135358e-01 8.409668e-02 2.350864e-03 1.665602e-05 
4.849246e+00 8.981117e-01 9.857506e-02 3.285483e-03 2.775404e-05 
5.025126e+00 8.801912e-01 1.151853e-01 4.577336e-03 4.610237e-05 
5.201005e+00 8.594684e-01 1.341015e-01 6.353786e-03 7.630035e-05 
5.376884e+00 8.356373e-01 1.554551e-01 8.781878e-03 1.257375e-04 
5.552764e+00 8.084080e-01 1.793086e-01 1.207722e-02 2.061712e-04 
5.728643e+00 7.775287e-01 2.056224e-01 1.651277e-02 3.360966e-04 
5.904523e+00 7.428135e-01 2.342164e-01 2.242591e-02 5.442242e-04 
6.080402e+00 7.041750e-01 2.647290e-01 3.022162e-02 8.744379e-04 
6.256281e+00 6.616607e-01 2.965785e-01 4.036820e-02 1.392625e-03 
6.432161e+00 6.154892e-01 3.289336e-01 5.338158e-02 2.195682e-03 
6.608040e+00 5.660807e-01 3.607028e-01 6.979370e-02 3.422771e-03 
6.783920e+00 5.140756e-01 3.905545e-01 9.010145e-02 5.268377e-03 
6.959799e+00 4.603335e-01 4.169756e-01 1.146949e-01 7.995998e-03 
7.135678e+00 4.059056e-01 4.383758e-01 1.437684e-01 1.195021e-02 
7.311558e+00 3.519790e-01 4.532333e-01 1.772239e-01 1.756377e-02 
7.487437e+00 2.997936e-01 4.602681e-01 2.145827e-01 2.535558e-02 
7.663317e+00 2.505404e-01 4.586166e-01 2.549277e-01 3.591529e-02 
7.839196e+00 2.052573e-01 4.479752e-01 2.968963e-01 4.987128e-02 
8.015075e+00 1.647381e-01 4.286797e-01 3.387405e-01 6.784164e-02 
8.190955e+00 1.294725e-01 4.016982e-01 3.784580e-01 9.037125e-02 
8.366834e+00 9.962565e-02 3.685335e-01 4.139788e-01 1.178621e-01 
8.542714e+00 7.505937e-02 3.310504e-01 4.433827e-01 1.505075e-01 
8.718593e+00 5.538761e-02 2.912630e-01 4.651075e-01 1.882419e-01 
8.894472e+00 4.005192e-02 2.511189e-01 4.781134e-01 2.307158e-01 
9.070352e+00 2.840209e-02 2.123195e-01 4.819753e-01 2.773031e-01 
9.246231e+00 1.976875e-02 1.761985e-01 4.768926e-01 3.271402e-01 
9.422111e+00 1.351930e-02 1.436682e-01 4.636204e-01 3.791921e-01 
9.597990e+00 9.094212e-03 1.152272e-01 4.433434e-01 4.323351e-01 
9.773869e+00 6.024667e-03 9.101362e-02 4.175180e-01 4.854437e-01 
9.949749e+00 3.935481e-03 7.088504e-02 3.877098e-01 5.374697e-01 
1.012563e+01 2.538075e-03 5.450606e-02 3.554516e-01 5.875043e-01 
1.030151e+01 1.618053e-03 4.143014e-02 3.221333e-01 6.348186e-01 
1.047739e+01 1.020906e-03 3.116686e-02 2.889320e-01 6.788802e-01 
1.065327e+01 6.382390e-04 2.323132e-02 2.567793e-01 7.193512e-01 
1.082915e+01 3.957798e-04 1.717622e-02 2.263587e-01 7.560693e-01 
1.100503e+01 2.436859e-04 1.260921e-02 1.981257e-01 7.890214e-01 
1.118090e+01 1.491111e-04 9.199216e-03 1.723404e-01 8.183112e-01 
1.135678e+01 9.075059e-05 6.675348e-03 1.491055e-01 8.441284e-01 
1.153266e+01 5.497548e-05 4.821441e-03 1.284045e-01 8.667191e-01 
1.170854e+01 3.317046e-05 3.468509e-03 1.101361e-01 8.863622e-01 
1.188442e+01 1.994554e-05 2.486684e-03 9.414360e-02 9.033498e-01 
1.206030e+01 1.195829e-05 1.777573e-03 8.023817e-02 9.179723e-01 
1.223618e+01 7.151708e-06 1.267510e-03 6.821636e-02 9.305090e-01 
1.241206e+01 4.268059e-06 9.018940e-04 5.787301e-02 9.412208e-01 
1.258794e+01 2.542557e-06 6.405887e-04 4.900984e-02 9.503470e-01 
1.276382e+01 1.512343e-06 4.542997e-04 4.144097e-02 9.581032e-01 
1.293970e+01 8.984040e-07 3.217712e-04 3.499597e-02 9.646814e-01 
1.311558e+01 5.331155e-07 2.276566e-04 2.952124e-02 9.702506e-01 
1.329146e+01 3.160627e-07 1.609221e-04 2.488018e-02 9.749586e-01 
1.346734e+01 1.872363e-07 1.136621e-04 2.095256e-02 9.789336e-01 
1.364322e+01 1.108471e-07 8.022942e-05 1.763349e-02 9.822862e-01 
1.381910e+01 6.558753e-08 5.659969e-05 1.483208e-02 9.851113e-01 
1.399497e+01 3.878988e-08 3.991118e-05 1.246999e-02 9.874901e-01 
1.417085e+01 2.293229e-08 2.813242e-05 1.048002e-02 9.894918e-01 
1.434673e+01 1.355300e-08 1.982342e-05 8.804751e-03 9.911754e-01 
1.452261e+01 8.007645e-09 1.396469e-05 7.395258e-03 9.925908e-01 
1.469849e+01 4.730146e-09 9.835231e-06 6.209977e-03 9.937802e-01 
1.487437e+01 2.793577e-09 6.925548e-06 5.213663e-03 9.947794e-01 
1.505025e+01 1.649592e-09 4.875885e-06 4.376488e-03 9.956186e-01 
1.522613e+01 9.739428e-10 3.432368e-06 3.673242e-03 9.963233e-01 
1.540201e+01 5.749644e-10 2.415932e-06 3.082648e-03 9.969149e-01 
1.557789e+01 3.393961e-10 1.700333e-06 2.586764e-03 9.974115e-01 
1.575377e+01 2.003263e-10 1.196599e-06 2.170475e-03 9.978283e-01 
1.592965e+01 1.182333e-10 8.420424e-07 1.821057e-03 9.981781e-01 
1.610553e+01 6.977777e-11 5.925087e-07 1.527804e-03 9.984716e-01 
1.628141e+01 4.117882e-11 4.169029e-07 1.281715e-03 9.987179e-01 
1.645729e+01 2.430040e-11 2.933309e-07 1.075221e-03 9.989245e-01 
1.663317e+01 1.433964e-11 2.063794e-07 9.019650e-04 9.990978e-01 
1.680905e+01 8.461575e-12 1.451987e-07 7.566054e-04 9.992432e-01 
1.698492e+01 4.992911e-12 1.021524e-07 6.346569e-04 9.993652e-01 
1.716080e+01 2.946103e-12 7.186647e-08 5.323534e-04 9.994676e-01 
1.733668e+01 1.738341e-12 5.055879e-08 4.465333e-04 9.995534e-01 
1.751256e+01 1.025689e-12 3.556813e-08 3.745430e-04 9.996254e-01 
1.768844e+01 6.051900e-13 2.502191e-08 3.141554e-04 9.996858e-01 
1.786432e+01 3.570782e-13 1.760255e-08 2.635015e-04 9.997365e-01 
1.804020e+01 2.106840e-13 1.238303e-08 2.210131e-04 9.997790e-01 
1.821608e+01 1.243073e-13 8.711153e-09 1.853745e-04 9.998146e-01 
1.839196e+01 7.334310e-14 6.128042e-09 1.554818e-04 9.998445e-01 
1.856784e+01 4.327328e-14 4.310878e-09 1.304089e-04 9.998696e-01 
1.874372e+01 2.553163e-14 3.032550e-09 1.093787e-04 9.998906e-01 
1.891960e+01 1.506385e-14 2.133284e-09 9.173963e-05 9.999083e-01 
1.909548e+01 8.887752e-15 1.500680e-09 7.694492e-05 9.999231e-01 
1.927136e+01 5.243810e-15 1.055666e-09 6.453598e-05 9.999355e-01 
1.944724e+01 3.093864e-15 7.426161e-10 5.412812e-05 9.999459e-01 
1.962312e+01 1.825385e-15 5.223977e-10 4.539869e-05 9.999546e-01 
1.979899e+01 1.076979e-15 3.674832e-10 3.807703e-05 9.999619e-01 
1.997487e+01 6.354183e-16 2.585076e-10 3.193613e-05 9.999681e-01 
2.015075e+01 3.748967e-16 1.818480e-10 2.678558e-05 9.999732e-01 
2.032663e+01 2.211888e-16 1.279215e-10 2.246567e-05 9.999775e-01 
2.050251e+01 1.305012e-16 8.998668e-11 1.884246e-05 9.999812e-01 
2.067839e+01 7.699549e-17 6.330130e-11 1.580358e-05 9.999842e-01 
2.085427e+01 4.542721e-17 4.452940e-11 1.325480e-05 9.999867e-01 
2.103015e+01 2.680197e-17 3.132427e-11 1.111708e-05 9.999889e-01 
2.120603e+01 1.581310e-17 2.203509e-11 9.324121e-06 9.999907e-01 
2.138191e+01 9.329693e-18 1.550060e-11 7.820330e-06 9.999922e-01 
2.155779e+01 5.504496e-18 1.090391e-11 6.559069e-06 9.999934e-01 
2.173367e+01 3.247638e-18 7.670359e-12 5.501222e-06 9.999945e-01 
2.190955e+01 1.916098e-18 5.395717e-12 4.613985e-06 9.999954e-01 
2.208543e+01 1.130492e-18 3.795619e-12 3.869840e-06 9.999961e-01 
2.226131e+01 6.669873e-19 2.670029e-12 3.245711e-06 9.999968e-01 
2.243719e+01 3.935206e-19 1.878232e-12 2.722241e-06 9.999973e-01 
2.261307e+01 2.321760e-19 1.321243e-12 2.283197e-06 9.999977e-01 
2.278894e+01 1.369831e-19 9.294282e-13 1.914962e-06 9.999981e-01 
2.296482e+01 8.081963e-20 6.538063e-13 1.606115e-06 9.999984e-01 
2.314070e+01 4.768334e-20 4.599200e-13 1.347080e-06 9.999987e-01 
2.331658e+01 2.813302e-20 3.235307e-13 1.129822e-06 9.999989e-01 
2.349246e+01 1.659839e-20 2.275876e-13 9.476035e-07 9.999991e-01 
2.366834e+01 9.793001e-21 1.600965e-13 7.947733e-07 9.999992e-01 
2.384422e+01 5.777840e-21 1.126199e-13 6.665917e-07 9.999993e-01 
2.402010e+01 3.408907e-21 7.922242e-14 5.590832e-07 9.999994e-01 
2.419598e+01 2.011245e-21 5.572900e-14 4.689139e-07 9.999995e-01 
2.437186e+01 1.186628e-21 3.920256e-14 3.932871e-07 9.999996e-01 
2.454774e+01 7.001067e-22 2.757703e-14 3.298574e-07 9.999997e-01 
2.472362e+01 4.130607e-22 1.939906e-14 2.766577e-07 9.999997e-01 
2.489950e+01 2.437045e-22 1.364626e-14 2.320381e-07 9.999998e-01 
2.507538e+01 1.437849e-22 9.599461e-15 1.946148e-07 9.999998e-01 
2.525126e+01 8.483262e-23 6.752739e-15 1.632272e-07 9.999998e-01 
2.542714e+01 5.005097e-23 4.750213e-15 1.369018e-07 9.999999e-01 
2.560302e+01 2.952991e-23 3.341536e-15 1.148221e-07 9.999999e-01 
2.577889e+01 1.742256e-23 2.350603e-15 9.630352e-08 9.999999e-01 
2.595477e+01 1.027925e-23 1.653531e-15 8.077161e-08 9.999999e-01 
2.613065e+01 6.064725e-24 1.163176e-15 6.774469e-08 9.999999e-01 
2.630653e+01 3.578169e-24 8.182360e-16 5.681877e-08 9.999999e-01 
2.648241e+01 2.111108e-24 5.755880e-16 4.765499e-08 1.000000e+00 
2.665829e+01 1.245547e-24 4.048972e-16 3.996915e-08 1.000000e+00 
2.683417e+01 7.348687e-25 2.848249e-16 3.352289e-08 1.000000e+00 
2.701005e+01 4.335702e-25 2.003600e-16 2.811629e-08 1.000000e+00 
2.718593e+01 2.558050e-25 1.409432e-16 2.358167e-08 1.000000e+00 
2.736181e+01 1.509241e-25 9.914646e-17 1.977840e-08 1.000000e+00 
2.753769e+01 8.904475e-26 6.974455e-17 1.658852e-08 1.000000e+00 
2.771357e+01 5.253612e-26 4.906179e-17 1.391311e-08 1.000000e+00 
2.788945e+01 3.099614e-26 3.451251e-17 1.166919e-08 1.000000e+00 
2.806533e+01 1.828762e-26 2.427781e-17 9.787174e-09 1.000000e+00 
2.824121e+01 1.078964e-26 1.707822e-17 8.208690e-09 1.000000e+00 
2.841709e+01 6.365852e-27 1.201367e-17 6.884786e-09 1.000000e+00 
2.859296e+01 3.755832e-27 8.451015e-18 5.774402e-09 1.000000e+00 
2.876884e+01 2.215929e-27 5.944865e-18 4.843101e-09 1.000000e+00 
2.894472e+01 1.307391e-27 4.181914e-18 4.062001e-09 1.000000e+00 
2.912060e+01 7.713565e-28 2.941766e-18 3.406878e-09 1.000000e+00 
2.929648e+01 4.550979e-28 2.069385e-18 2.857414e-09 1.000000e+00 
2.947236e+01 2.685063e-28 1.455708e-18 2.396568e-09 1.000000e+00 
2.964824e+01 1.584178e-28 1.024018e-18 2.010047e-09 1.000000e+00 
2.982412e+01 9.346601e-29 7.203450e-19 1.685865e-09 1.000000e+00 
3.000000e+01 5.514465e-29 5.067265e-19 1.413967e-09 1.000000e+00 
