#E                   6            7            8 
-5.000000e+00 9.999956e-01 4.414261e-06 4.534168e-12 
-4.824121e+00 9.999947e-01 5.263094e-06 6.445612e-12 
-4.648241e+00 9.999937e-01 6.275150e-06 9.162851e-12 
-4.472362e+00 9.999925e-01 7.481817e-06 1.302558e-11 
-4.296482e+00 9.999911e-01 8.920514e-06 1.851669e-11 
-4.120603e+00 9.999894e-01 1.063586e-05 2.632264e-11 
-3.944724e+00 9.999873e-01 1.268105e-05 3.741928e-11 
-3.768844e+00 9.999849e-01 1.511950e-05 5.319383e-11 
-3.592965e+00 9.999820e-01 1.802685e-05 7.561830e-11 
-3.417085e+00 9.999785e-01 2.149323e-05 1.074960e-10 
-3.241206e+00 9.999744e-01 2.562615e-05 1.528120e-10 
-3.065327e+00 9.999694e-01 3.055376e-05 2.172312e-10 
-2.889447e+00 9.999636e-01 3.642886e-05 3.088066e-10 
-2.713568e+00 9.999566e-01 4.343361e-05 4.389857e-10 
-2.537688e+00 9.999482e-01 5.178522e-05 6.240418e-10 
-2.361809e+00 9.999383e-01 6.174260e-05 8.871075e-10 
-2.185930e+00 9.999264e-01 7.361447e-05 1.261067e-09 
-2.010050e+00 9.999122e-01 8.776887e-05 1.792663e-09 
-1.834171e+00 9.998954e-01 1.046446e-04 2.548346e-09 
-1.658291e+00 9.998752e-01 1.247646e-04 3.622568e-09 
-1.482412e+00 9.998512e-01 1.487525e-04 5.149594e-09 
-1.306533e+00 9.998226e-01 1.773517e-04 7.320276e-09 
-1.130653e+00 9.997885e-01 2.114482e-04 1.040590e-08 
-9.547739e-01 9.997479e-01 2.520983e-04 1.479206e-08 
-7.788945e-01 9.996994e-01 3.005607e-04 2.102687e-08 
-6.030151e-01 9.996416e-01 3.583361e-04 2.988935e-08 
-4.271357e-01 9.995727e-01 4.272127e-04 4.248674e-08 
-2.512563e-01 9.994906e-01 5.093213e-04 6.039273e-08 
-7.537688e-02 9.993927e-01 6.072014e-04 8.584381e-08 
1.005025e-01 9.992760e-01 7.238782e-04 1.220184e-07 
2.763819e-01 9.991369e-01 8.629557e-04 1.734329e-07 
4.522613e-01 9.989710e-01 1.028726e-03 2.465054e-07 
6.281407e-01 9.987733e-01 1.226302e-03 3.503542e-07 
8.040201e-01 9.985377e-01 1.461768e-03 4.979340e-07 
9.798995e-01 9.982569e-01 1.742367e-03 7.076468e-07 
1.155779e+00 9.979223e-01 2.076718e-03 1.005629e-06 
1.331658e+00 9.975235e-01 2.475069e-03 1.428997e-06 
1.507538e+00 9.970484e-01 2.949605e-03 2.030445e-06 
1.683417e+00 9.964823e-01 3.514801e-03 2.884772e-06 
1.859296e+00 9.958081e-01 4.187841e-03 4.098117e-06 
2.035176e+00 9.950051e-01 4.989113e-03 5.821045e-06 
2.211055e+00 9.940490e-01 5.942775e-03 8.267046e-06 
2.386935e+00 9.929108e-01 7.077423e-03 1.173869e-05 
2.562814e+00 9.915565e-01 8.426861e-03 1.666456e-05 
2.738693e+00 9.899454e-01 1.003097e-02 2.365127e-05 
2.914573e+00 9.880297e-01 1.193673e-02 3.355677e-05 
3.090452e+00 9.857531e-01 1.419930e-02 4.759324e-05 
3.266332e+00 9.830492e-01 1.688330e-02 6.747132e-05 
3.442211e+00 9.798402e-01 2.006416e-02 9.560182e-05 
3.618090e+00 9.760351e-01 2.382948e-02 1.353765e-04 
3.793970e+00 9.715279e-01 2.828055e-02 1.915579e-04 
3.969849e+00 9.661955e-01 3.353366e-02 2.708174e-04 
4.145729e+00 9.598962e-01 3.972132e-02 3.824747e-04 
4.321608e+00 9.524675e-01 4.699299e-02 5.395051e-04 
4.497487e+00 9.437249e-01 5.551518e-02 7.599022e-04 
4.673367e+00 9.334610e-01 6.547055e-02 1.068502e-03 
4.849246e+00 9.214453e-01 7.705535e-02 1.499394e-03 
5.025126e+00 9.074261e-01 9.047487e-02 2.099057e-03 
5.201005e+00 8.911338e-01 1.059359e-01 2.930372e-03 
5.376884e+00 8.722869e-01 1.236354e-01 4.077615e-03 
5.552764e+00 8.506022e-01 1.437453e-01 5.652496e-03 
5.728643e+00 8.258079e-01 1.663909e-01 7.801169e-03 
5.904523e+00 7.976626e-01 1.916255e-01 1.071191e-02 
6.080402e+00 7.659785e-01 2.193987e-01 1.462282e-02 
6.256281e+00 7.306490e-01 2.495225e-01 1.982851e-02 
6.432161e+00 6.916793e-01 2.816366e-01 2.668413e-02 
6.608040e+00 6.492165e-01 3.151790e-01 3.560448e-02 
6.783920e+00 6.035760e-01 3.493681e-01 4.705589e-02 
6.959799e+00 5.552582e-01 3.832037e-01 6.153808e-02 
7.135678e+00 5.049500e-01 4.154956e-01 7.955440e-02 
7.311558e+00 4.535065e-01 4.449233e-01 1.015702e-01 
7.487437e+00 4.019113e-01 4.701270e-01 1.279617e-01 
7.663317e+00 3.512145e-01 4.898250e-01 1.589604e-01 
7.839196e+00 3.024575e-01 5.029402e-01 1.946023e-01 
8.015075e+00 2.565917e-01 5.087191e-01 2.346892e-01 
8.190955e+00 2.144052e-01 5.068205e-01 2.787742e-01 
8.366834e+00 1.764681e-01 4.973572e-01 3.261747e-01 
8.542714e+00 1.431043e-01 4.808819e-01 3.760138e-01 
8.718593e+00 1.143933e-01 4.583209e-01 4.272858e-01 
8.894472e+00 9.019692e-02 4.308681e-01 4.789350e-01 
9.070352e+00 7.020549e-02 3.998592e-01 5.299353e-01 
9.246231e+00 5.399205e-02 3.666480e-01 5.793599e-01 
9.422111e+00 4.106663e-02 3.325003e-01 6.264330e-01 
9.597990e+00 3.092319e-02 2.985181e-01 6.705587e-01 
9.773869e+00 2.307550e-02 2.655956e-01 7.113289e-01 
9.949749e+00 1.708101e-02 2.344050e-01 7.485139e-01 
1.012563e+01 1.255382e-02 2.054058e-01 7.820403e-01 
1.030151e+01 9.168864e-03 1.788693e-01 8.119618e-01 
1.047739e+01 6.660075e-03 1.549112e-01 8.384287e-01 
1.065327e+01 4.814833e-03 1.335268e-01 8.616584e-01 
1.082915e+01 3.466597e-03 1.146236e-01 8.819098e-01 
1.100503e+01 2.487112e-03 9.805041e-02 8.994625e-01 
1.118090e+01 1.779003e-03 8.362078e-02 9.146002e-01 
1.135678e+01 1.269226e-03 7.113118e-02 9.275996e-01 
1.153266e+01 9.035425e-04 6.037442e-02 9.387220e-01 
1.170854e+01 6.420203e-04 5.114894e-02 9.482090e-01 
1.188442e+01 4.554731e-04 4.326474e-02 9.562798e-01 
1.206030e+01 3.226978e-04 3.654691e-02 9.631304e-01 
1.223618e+01 2.283696e-04 3.083731e-02 9.689343e-01 
1.241206e+01 1.614605e-04 2.599489e-02 9.738437e-01 
1.258794e+01 1.140630e-04 2.189525e-02 9.779907e-01 
1.276382e+01 8.052469e-05 1.842967e-02 9.814898e-01 
1.293970e+01 5.681531e-05 1.550377e-02 9.844394e-01 
1.311558e+01 4.006758e-05 1.303613e-02 9.869238e-01 
1.329146e+01 2.824525e-05 1.095681e-02 9.890149e-01 
1.346734e+01 1.990445e-05 9.206036e-03 9.907741e-01 
1.364322e+01 1.402269e-05 7.732805e-03 9.922532e-01 
1.381910e+01 9.876615e-06 6.493777e-03 9.934963e-01 
1.399497e+01 6.955007e-06 5.452181e-03 9.945409e-01 
1.417085e+01 4.896814e-06 4.576883e-03 9.954182e-01 
1.434673e+01 3.447212e-06 3.841561e-03 9.961550e-01 
1.452261e+01 2.426447e-06 3.223991e-03 9.967736e-01 
1.469849e+01 1.707773e-06 2.705432e-03 9.972929e-01 
1.487437e+01 1.201857e-06 2.270089e-03 9.977287e-01 
1.505025e+01 8.457562e-07 1.904665e-03 9.980945e-01 
1.522613e+01 5.951299e-07 1.597970e-03 9.984014e-01 
1.540201e+01 4.187520e-07 1.340594e-03 9.986590e-01 
1.557789e+01 2.946348e-07 1.124625e-03 9.988751e-01 
1.575377e+01 2.072984e-07 9.434158e-04 9.990564e-01 
1.592965e+01 1.458462e-07 7.913813e-04 9.992085e-01 
1.610553e+01 1.026086e-07 6.638314e-04 9.993361e-01 
1.628141e+01 7.218771e-08 5.568278e-04 9.994431e-01 
1.645729e+01 5.078499e-08 4.670640e-04 9.995329e-01 
1.663317e+01 3.572738e-08 3.917651e-04 9.996082e-01 
1.680905e+01 2.513401e-08 3.286016e-04 9.996714e-01 
1.698492e+01 1.768145e-08 2.756191e-04 9.997244e-01 
1.716080e+01 1.243856e-08 2.311773e-04 9.997688e-01 
1.733668e+01 8.750232e-09 1.939000e-04 9.998061e-01 
1.751256e+01 6.155541e-09 1.626327e-04 9.998374e-01 
1.768844e+01 4.330228e-09 1.364068e-04 9.998636e-01 
1.786432e+01 3.046165e-09 1.144095e-04 9.998856e-01 
1.804020e+01 2.142863e-09 9.595920e-05 9.999040e-01 
1.821608e+01 1.507420e-09 8.048406e-05 9.999195e-01 
1.839196e+01 1.060408e-09 6.750440e-05 9.999325e-01 
1.856784e+01 7.459520e-10 5.661785e-05 9.999434e-01 
1.874372e+01 5.247445e-10 4.748690e-05 9.999525e-01 
1.891960e+01 3.691343e-10 3.982848e-05 9.999602e-01 
1.909548e+01 2.596691e-10 3.340512e-05 9.999666e-01 
1.927136e+01 1.826651e-10 2.801767e-05 9.999720e-01 
1.944724e+01 1.284963e-10 2.349906e-05 9.999765e-01 
1.962312e+01 9.039106e-11 1.970918e-05 9.999803e-01 
1.979899e+01 6.358577e-11 1.653052e-05 9.999835e-01 
1.997487e+01 4.472952e-11 1.386450e-05 9.999861e-01 
2.015075e+01 3.146504e-11 1.162845e-05 9.999884e-01 
2.032663e+01 2.213412e-11 9.753021e-06 9.999902e-01 
2.050251e+01 1.557026e-11 8.180058e-06 9.999918e-01 
2.067839e+01 1.095291e-11 6.860781e-06 9.999931e-01 
2.085427e+01 7.704833e-12 5.754274e-06 9.999942e-01 
2.103015e+01 5.419968e-12 4.826224e-06 9.999952e-01 
2.120603e+01 3.812678e-12 4.047850e-06 9.999960e-01 
2.138191e+01 2.682029e-12 3.395011e-06 9.999966e-01 
2.155779e+01 1.886674e-12 2.847462e-06 9.999972e-01 
2.173367e+01 1.327181e-12 2.388222e-06 9.999976e-01 
2.190955e+01 9.336055e-13 2.003049e-06 9.999980e-01 
2.208543e+01 6.567448e-13 1.679996e-06 9.999983e-01 
2.226131e+01 4.619871e-13 1.409045e-06 9.999986e-01 
2.243719e+01 3.249848e-13 1.181793e-06 9.999988e-01 
2.261307e+01 2.286105e-13 9.911927e-07 9.999990e-01 
2.278894e+01 1.608161e-13 8.313324e-07 9.999992e-01 
2.296482e+01 1.131260e-13 6.972545e-07 9.999993e-01 
2.314070e+01 7.957849e-14 5.848008e-07 9.999994e-01 
2.331658e+01 5.597948e-14 4.904836e-07 9.999995e-01 
2.349246e+01 3.937876e-14 4.113780e-07 9.999996e-01 
2.366834e+01 2.770098e-14 3.450307e-07 9.999997e-01 
2.384422e+01 1.948625e-14 2.893838e-07 9.999997e-01 
2.402010e+01 1.370760e-14 2.427118e-07 9.999998e-01 
2.419598e+01 9.642607e-15 2.035670e-07 9.999998e-01 
2.437186e+01 6.783090e-15 1.707355e-07 9.999998e-01 
2.454774e+01 4.771563e-15 1.431992e-07 9.999999e-01 
2.472362e+01 3.356555e-15 1.201039e-07 9.999999e-01 
2.489950e+01 2.361168e-15 1.007334e-07 9.999999e-01 
2.507538e+01 1.660963e-15 8.448706e-08 9.999999e-01 
2.525126e+01 1.168404e-15 7.086091e-08 9.999999e-01 
2.542714e+01 8.219137e-16 5.943240e-08 9.999999e-01 
2.560302e+01 5.781750e-16 4.984709e-08 1.000000e+00 
2.577889e+01 4.067171e-16 4.180771e-08 1.000000e+00 
2.595477e+01 2.861050e-16 3.506493e-08 1.000000e+00 
2.613065e+01 2.012605e-16 2.940963e-08 1.000000e+00 
2.630653e+01 1.415767e-16 2.466642e-08 1.000000e+00 
2.648241e+01 9.959208e-17 2.068819e-08 1.000000e+00 
2.665829e+01 7.005803e-17 1.735158e-08 1.000000e+00 
2.683417e+01 4.928230e-17 1.455311e-08 1.000000e+00 
2.701005e+01 3.466763e-17 1.220597e-08 1.000000e+00 
2.718593e+01 2.438693e-17 1.023738e-08 1.000000e+00 
2.736181e+01 1.715498e-17 8.586286e-09 1.000000e+00 
2.753769e+01 1.206767e-17 7.201482e-09 1.000000e+00 
2.771357e+01 8.488999e-18 6.040021e-09 1.000000e+00 
2.788945e+01 5.971584e-18 5.065881e-09 1.000000e+00 
2.806533e+01 4.200710e-18 4.248851e-09 1.000000e+00 
2.824121e+01 2.954988e-18 3.563593e-09 1.000000e+00 
2.841709e+01 2.078686e-18 2.988854e-09 1.000000e+00 
2.859296e+01 1.462251e-18 2.506809e-09 1.000000e+00 
2.876884e+01 1.028620e-18 2.102508e-09 1.000000e+00 
2.894472e+01 7.235827e-19 1.763414e-09 1.000000e+00 
2.912060e+01 5.090041e-19 1.479009e-09 1.000000e+00 
2.929648e+01 3.580588e-19 1.240473e-09 1.000000e+00 
2.947236e+01 2.518764e-19 1.040409e-09 1.000000e+00 
2.964824e+01 1.771824e-19 8.726106e-10 1.000000e+00 
2.982412e+01 1.246389e-19 7.318752e-10 1.000000e+00 
3.000000e+01 8.767721e-20 6.138377e-10 1.000000e+00 
