#E                   1            2            3            4            5 
-5.000000e+00 9.999974e-01 2.565605e-06 7.548025e-13 1.948580e-20 6.402823e-29 
-4.824121e+00 9.999969e-01 3.058954e-06 1.073001e-12 3.302694e-20 1.293913e-28 
-4.648241e+00 9.999964e-01 3.647172e-06 1.525340e-12 5.597814e-20 2.614801e-28 
-4.472362e+00 9.999957e-01 4.348499e-06 2.168369e-12 9.487865e-20 5.284114e-28 
-4.296482e+00 9.999948e-01 5.184686e-06 3.082477e-12 1.608120e-19 1.067839e-27 
-4.120603e+00 9.999938e-01 6.181665e-06 4.381939e-12 2.725639e-19 2.157938e-27 
-3.944724e+00 9.999926e-01 7.370355e-06 6.229206e-12 4.619747e-19 4.360861e-27 
-3.768844e+00 9.999912e-01 8.787619e-06 8.855212e-12 7.830112e-19 8.812628e-27 
-3.592965e+00 9.999895e-01 1.047741e-05 1.258824e-11 1.327143e-18 1.780896e-26 
-3.417085e+00 9.999875e-01 1.249213e-05 1.789498e-11 2.249402e-18 3.598914e-26 
-3.241206e+00 9.999851e-01 1.489426e-05 2.543882e-11 3.812557e-18 7.272843e-26 
-3.065327e+00 9.999822e-01 1.775829e-05 3.616285e-11 6.461978e-18 1.469727e-25 
-2.889447e+00 9.999788e-01 2.117303e-05 5.140769e-11 1.095253e-17 2.970087e-25 
-2.713568e+00 9.999748e-01 2.524438e-05 7.307911e-11 1.856363e-17 6.002071e-25 
-2.537688e+00 9.999699e-01 3.009859e-05 1.038862e-10 3.146380e-17 1.212922e-24 
-2.361809e+00 9.999641e-01 3.588617e-05 1.476803e-10 5.332846e-17 2.451118e-24 
-2.185930e+00 9.999572e-01 4.278658e-05 2.099357e-10 9.038709e-17 4.953304e-24 
-2.010050e+00 9.999490e-01 5.101377e-05 2.984349e-10 1.531980e-16 1.000980e-23 
-1.834171e+00 9.999392e-01 6.082283e-05 4.242407e-10 2.596565e-16 2.022808e-23 
-1.658291e+00 9.999275e-01 7.251786e-05 6.030789e-10 4.400931e-16 4.087742e-23 
-1.482412e+00 9.999135e-01 8.646142e-05 8.573043e-10 7.459142e-16 8.260593e-23 
-1.306533e+00 9.998969e-01 1.030857e-04 1.218694e-09 1.264247e-15 1.669313e-22 
-1.130653e+00 9.998771e-01 1.229061e-04 1.732419e-09 2.142761e-15 3.373362e-22 
-9.547739e-01 9.998535e-01 1.465368e-04 2.462689e-09 3.631732e-15 6.816894e-22 
-7.788945e-01 9.998253e-01 1.747100e-04 3.500775e-09 6.155338e-15 1.377552e-21 
-6.030151e-01 9.997917e-01 2.082988e-04 4.976415e-09 1.043248e-14 2.783731e-21 
-4.271357e-01 9.997516e-01 2.483435e-04 7.074017e-09 1.768156e-14 5.625275e-21 
-2.512563e-01 9.997039e-01 2.960844e-04 1.005570e-08 2.996748e-14 1.136729e-20 
-7.537688e-02 9.996470e-01 3.529996e-04 1.429402e-08 5.078973e-14 2.297026e-20 
1.005025e-01 9.995791e-01 4.208508e-04 2.031851e-08 8.607891e-14 4.641627e-20 
2.763819e-01 9.994982e-01 5.017374e-04 2.888176e-08 1.458855e-13 9.379266e-20 
4.522613e-01 9.994018e-01 5.981609e-04 4.105335e-08 2.472410e-13 1.895225e-19 
6.281407e-01 9.992868e-01 7.131018e-04 5.835332e-08 4.190066e-13 3.829522e-19 
8.040201e-01 9.991498e-01 8.501105e-04 8.294169e-08 7.100871e-13 7.737824e-19 
9.798995e-01 9.989865e-01 1.013416e-03 1.178878e-07 1.203347e-12 1.563442e-18 
1.155779e+00 9.987918e-01 1.208055e-03 1.675525e-07 2.039185e-12 3.158863e-18 
1.331658e+00 9.985597e-01 1.440022e-03 2.381316e-07 3.455462e-12 6.382102e-18 
1.507538e+00 9.982832e-01 1.716455e-03 3.384259e-07 5.855125e-12 1.289369e-17 
1.683417e+00 9.979537e-01 2.045844e-03 4.809359e-07 9.920719e-12 2.604760e-17 
1.859296e+00 9.975610e-01 2.438288e-03 6.834129e-07 1.680825e-11 5.261754e-17 
2.035176e+00 9.970932e-01 2.905793e-03 9.710607e-07 2.847536e-11 1.062822e-16 
2.211055e+00 9.965360e-01 3.462624e-03 1.379655e-06 4.823662e-11 2.146603e-16 
2.386935e+00 9.958723e-01 4.125718e-03 1.959964e-06 8.170297e-11 4.335070e-16 
2.562814e+00 9.950820e-01 4.915166e-03 2.784006e-06 1.383705e-10 8.753570e-16 
2.738693e+00 9.941413e-01 5.854784e-03 3.953906e-06 2.343058e-10 1.767292e-15 
2.914573e+00 9.930216e-01 6.972763e-03 5.614406e-06 3.966834e-10 3.567407e-15 
3.090452e+00 9.916896e-01 8.302434e-03 7.970540e-06 6.714465e-10 7.199519e-15 
3.266332e+00 9.901056e-01 9.883132e-03 1.131255e-05 1.136233e-09 1.452590e-14 
3.442211e+00 9.882228e-01 1.176119e-02 1.605095e-05 1.922167e-09 2.929882e-14 
3.618090e+00 9.859862e-01 1.399107e-02 2.276583e-05 3.250555e-09 5.907449e-14 
3.793970e+00 9.833312e-01 1.663655e-02 3.227598e-05 5.494610e-09 1.190591e-13 
3.969849e+00 9.801821e-01 1.977214e-02 4.573549e-05 9.283124e-09 2.398300e-13 
4.145729e+00 9.764507e-01 2.348447e-02 6.476849e-05 1.567430e-08 4.828152e-13 
4.321608e+00 9.720346e-01 2.787376e-02 9.165624e-05 2.644660e-08 9.712836e-13 
4.497487e+00 9.668151e-01 3.305527e-02 1.295957e-04 4.458429e-08 1.952278e-12 
4.673367e+00 9.606563e-01 3.916055e-02 1.830552e-04 7.508564e-08 3.920126e-12 
4.849246e+00 9.534032e-01 4.633837e-02 2.582603e-04 1.263036e-07 7.862170e-12 
5.025126e+00 9.448808e-01 5.475511e-02 3.638522e-04 2.121615e-07 1.574623e-11 
5.201005e+00 9.348937e-01 6.459417e-02 5.117727e-04 3.557969e-07 3.148442e-11 
5.376884e+00 9.232268e-01 7.605415e-02 7.184394e-04 5.955231e-07 6.283124e-11 
5.552764e+00 9.096475e-01 8.934518e-02 1.006287e-03 9.945205e-07 1.251049e-10 
5.728643e+00 8.939098e-01 1.046828e-01 1.405754e-03 1.656474e-06 2.484440e-10 
5.904523e+00 8.757609e-01 1.222786e-01 1.957799e-03 2.750596e-06 4.918743e-10 
6.080402e+00 8.549507e-01 1.423277e-01 2.717005e-03 4.551272e-06 9.703838e-10 
6.256281e+00 8.312458e-01 1.649914e-01 3.755310e-03 7.500176e-06 1.906627e-09 
6.432161e+00 8.044455e-01 1.903759e-01 5.166302e-03 1.230238e-05 3.728779e-09 
6.608040e+00 7.744028e-01 2.185071e-01 7.069961e-03 2.007288e-05 7.253887e-09 
6.783920e+00 7.410468e-01 2.493031e-01 9.617509e-03 3.255657e-05 1.402760e-08 
6.959799e+00 7.044060e-01 2.825456e-01 1.299592e-02 5.245253e-05 2.694601e-08 
7.135678e+00 6.646298e-01 3.178549e-01 1.743133e-02 8.388294e-05 5.137894e-08 
7.311558e+00 6.220048e-01 3.546715e-01 2.319057e-02 1.330570e-04 9.717014e-08 
7.487437e+00 5.769613e-01 3.922497e-01 3.057956e-02 2.091901e-04 1.821460e-07 
7.663317e+00 5.300692e-01 4.296670e-01 3.993779e-02 3.257447e-04 3.381732e-07 
7.839196e+00 4.820188e-01 4.658508e-01 5.162766e-02 5.020642e-04 6.214476e-07 
8.015075e+00 4.335893e-01 4.996258e-01 6.601823e-02 7.654629e-04 1.129673e-06 
8.190955e+00 3.856049e-01 5.297761e-01 8.346315e-02 1.153821e-03 2.030255e-06 
8.366834e+00 3.388855e-01 5.551191e-01 1.042731e-01 1.718697e-03 3.605744e-06 
8.542714e+00 2.941964e-01 5.745847e-01 1.286837e-01 2.528914e-03 6.325766e-06 
8.718593e+00 2.522040e-01 5.872893e-01 1.568212e-01 3.674506e-03 1.095876e-05 
8.894472e+00 2.134414e-01 5.926009e-01 1.886681e-01 5.270794e-03 1.874226e-05 
9.070352e+00 1.782881e-01 5.901866e-01 2.240315e-01 7.462253e-03 3.163730e-05 
9.246231e+00 1.469628e-01 5.800397e-01 2.625191e-01 1.042570e-02 5.270092e-05 
9.422111e+00 1.195299e-01 5.624844e-01 3.035268e-01 1.437226e-02 8.662063e-05 
9.597990e+00 9.591589e-02 5.381557e-01 3.462406e-01 1.954741e-02 1.404653e-04 
9.773869e+00 7.593240e-02 5.079581e-01 3.896561e-01 2.622867e-02 2.247188e-04 
9.949749e+00 5.930368e-02 4.730052e-01 4.326163e-01 3.472011e-02 3.546728e-04 
1.012563e+01 4.569476e-02 4.345444e-01 4.738649e-01 4.534363e-02 5.522636e-04 
1.030151e+01 3.473831e-02 3.938763e-01 5.121106e-01 5.842636e-02 8.484426e-04 
1.047739e+01 2.605836e-02 3.522750e-01 5.460961e-01 7.428441e-02 1.286159e-03 
1.065327e+01 1.928976e-02 3.109174e-01 5.746663e-01 9.320255e-02 1.924014e-03 
1.082915e+01 1.409267e-02 2.708287e-01 5.968277e-01 1.154103e-01 2.840589e-03 
1.100503e+01 1.016214e-02 2.328466e-01 6.117975e-01 1.410544e-01 4.139368e-03 
1.118090e+01 7.233168e-03 1.976046e-01 6.190392e-01 1.701690e-01 5.954035e-03 
1.135678e+01 5.081982e-03 1.655332e-01 6.182863e-01 2.026448e-01 8.453757e-03 
1.153266e+01 3.524425e-03 1.368749e-01 6.095533e-01 2.381996e-01 1.184783e-02 
1.170854e+01 2.412482e-03 1.117076e-01 5.931361e-01 2.763549e-01 1.638885e-02 
1.188442e+01 1.629722e-03 8.997374e-02 5.696010e-01 3.164222e-01 2.237338e-02 
1.206030e+01 1.086369e-03 7.150940e-02 5.397610e-01 3.575042e-01 3.013903e-02 
1.223618e+01 7.144809e-04 5.607377e-02 5.046399e-01 3.985150e-01 4.005680e-02 
1.241206e+01 4.635419e-04 4.337521e-02 4.654220e-01 4.382212e-01 5.251803e-02 
1.258794e+01 2.966307e-04 3.309422e-02 4.233903e-01 4.753033e-01 6.791557e-02 
1.276382e+01 1.872099e-04 2.490280e-02 3.798573e-01 5.084332e-01 8.661953e-02 
1.293970e+01 1.165203e-04 1.848011e-02 3.360936e-01 5.363609e-01 1.089488e-01 
1.311558e+01 7.152041e-05 1.352435e-02 2.932618e-01 5.580021e-01 1.351402e-01 
1.329146e+01 4.329436e-05 9.761154e-03 2.523618e-01 5.725158e-01 1.653179e-01 
1.346734e+01 2.584917e-05 6.948641e-03 2.141933e-01 5.793662e-01 1.994660e-01 
1.364322e+01 1.522444e-05 4.879531e-03 1.793360e-01 5.783600e-01 2.374092e-01 
1.381910e+01 8.847224e-06 3.380860e-03 1.481495e-01 5.696581e-01 2.788027e-01 
1.399497e+01 5.074144e-06 2.311886e-03 1.207877e-01 5.537585e-01 3.231368e-01 
1.417085e+01 2.873146e-06 1.560791e-03 9.722648e-02 5.314539e-01 3.697559e-01 
1.434673e+01 1.606839e-06 1.040742e-03 7.729765e-02 5.037683e-01 4.178917e-01 
1.452261e+01 8.880159e-07 6.857641e-04 6.072695e-02 4.718777e-01 4.667087e-01 
1.469849e+01 4.852306e-07 4.467717e-04 4.717108e-02 4.370259e-01 5.153557e-01 
1.487437e+01 2.623191e-07 2.879724e-04 3.625138e-02 4.004418e-01 5.630186e-01 
1.505025e+01 1.403999e-07 1.837685e-04 2.758216e-02 3.632675e-01 6.089664e-01 
1.522613e+01 7.445233e-08 1.161893e-04 2.079250e-02 3.265039e-01 6.525873e-01 
1.540201e+01 3.914678e-08 7.283956e-05 1.554144e-02 2.909755e-01 6.934101e-01 
1.557789e+01 2.042470e-08 4.531172e-05 1.152704e-02 2.573159e-01 7.311117e-01 
1.575377e+01 1.058254e-08 2.799163e-05 8.490222e-03 2.259702e-01 7.655116e-01 
1.592965e+01 5.449053e-09 1.718473e-05 6.214654e-03 1.972116e-01 7.965565e-01 
1.610553e+01 2.790331e-09 1.049206e-05 4.523957e-03 1.711660e-01 8.242995e-01 
1.628141e+01 1.421939e-09 6.374844e-06 3.277259e-03 1.478404e-01 8.488759e-01 
1.645729e+01 7.215421e-10 3.856858e-06 2.364059e-03 1.271523e-01 8.704798e-01 
1.663317e+01 3.647861e-10 2.324843e-06 1.699033e-03 1.089560e-01 8.893426e-01 
1.680905e+01 1.838346e-10 1.396902e-06 1.217188e-03 9.306588e-02 9.057155e-01 
1.698492e+01 9.238913e-11 8.370342e-07 8.695974e-04 7.927469e-02 9.198549e-01 
1.716080e+01 4.632220e-11 5.003742e-07 6.198027e-04 6.736793e-02 9.320118e-01 
1.733668e+01 2.317825e-11 2.985176e-07 4.408713e-04 5.713405e-02 9.424248e-01 
1.751256e+01 1.157776e-11 1.777859e-07 3.130565e-04 4.837148e-02 9.513153e-01 
1.768844e+01 5.774746e-12 1.057278e-07 2.219718e-04 4.089290e-02 9.588850e-01 
1.786432e+01 2.876747e-12 6.279734e-08 1.571931e-04 3.452765e-02 9.653151e-01 
1.804020e+01 1.431573e-12 3.725945e-08 1.112019e-04 2.912253e-02 9.707662e-01 
1.821608e+01 7.117683e-13 2.208743e-08 7.859670e-05 2.454171e-02 9.753797e-01 
1.839196e+01 3.536205e-13 1.308360e-08 5.550984e-05 2.066588e-02 9.792786e-01 
1.856784e+01 1.755742e-13 7.745226e-09 3.917962e-05 1.739112e-02 9.825697e-01 
1.874372e+01 8.712680e-14 4.582565e-09 2.763874e-05 1.462746e-02 9.853449e-01 
1.891960e+01 4.321627e-14 2.710114e-09 1.948860e-05 1.229744e-02 9.876831e-01 
1.909548e+01 2.142783e-14 1.602146e-09 1.373657e-05 1.033466e-02 9.896516e-01 
1.927136e+01 1.062113e-14 9.468428e-10 9.679162e-06 8.682383e-03 9.913079e-01 
1.944724e+01 5.263161e-15 5.594192e-10 6.818372e-06 7.292313e-03 9.927009e-01 
1.962312e+01 2.607503e-15 3.304448e-10 4.802040e-06 6.123417e-03 9.938718e-01 
1.979899e+01 1.291578e-15 1.951544e-10 3.381338e-06 5.140911e-03 9.948557e-01 
1.997487e+01 6.396577e-16 1.152361e-10 2.380578e-06 4.315363e-03 9.956823e-01 
2.015075e+01 3.167499e-16 6.803634e-11 1.675784e-06 3.621901e-03 9.963764e-01 
2.032663e+01 1.568327e-16 4.016471e-11 1.179520e-06 3.039534e-03 9.969593e-01 
2.050251e+01 7.764544e-17 2.370868e-11 8.301401e-07 2.550567e-03 9.974486e-01 
2.067839e+01 3.843802e-17 1.399380e-11 5.842023e-07 2.140090e-03 9.978593e-01 
2.085427e+01 1.902730e-17 8.259151e-12 4.110990e-07 1.795555e-03 9.982040e-01 
2.103015e+01 9.418228e-18 4.874285e-12 2.892713e-07 1.506402e-03 9.984933e-01 
2.120603e+01 4.661664e-18 2.876511e-12 2.035373e-07 1.263756e-03 9.987360e-01 
2.138191e+01 2.307255e-18 1.697479e-12 1.432075e-07 1.060152e-03 9.989397e-01 
2.155779e+01 1.141921e-18 1.001678e-12 1.007565e-07 8.893220e-04 9.991106e-01 
2.173367e+01 5.651512e-19 5.910717e-13 7.088730e-08 7.459984e-04 9.992539e-01 
2.190955e+01 2.796940e-19 3.487724e-13 4.987165e-08 6.257584e-04 9.993742e-01 
2.208543e+01 1.384182e-19 2.057954e-13 3.508575e-08 5.248885e-04 9.994751e-01 
2.226131e+01 6.850088e-20 1.214289e-13 2.468315e-08 4.402713e-04 9.995597e-01 
2.243719e+01 3.389949e-20 7.164774e-14 1.736459e-08 3.692902e-04 9.996307e-01 
2.261307e+01 1.677588e-20 4.227445e-14 1.221584e-08 3.097492e-04 9.996902e-01 
2.278894e+01 8.301816e-21 2.494304e-14 8.593662e-09 2.598056e-04 9.997402e-01 
2.296482e+01 4.108256e-21 1.471693e-14 6.045463e-09 2.179130e-04 9.997821e-01 
2.314070e+01 2.033007e-21 8.683246e-15 4.252829e-09 1.827743e-04 9.998172e-01 
2.331658e+01 1.006046e-21 5.123238e-15 2.991740e-09 1.533008e-04 9.998467e-01 
2.349246e+01 4.978458e-22 3.022769e-15 2.104591e-09 1.285795e-04 9.998714e-01 
2.366834e+01 2.463599e-22 1.783461e-15 1.480505e-09 1.078443e-04 9.998922e-01 
2.384422e+01 1.219113e-22 1.052254e-15 1.041479e-09 9.045266e-05 9.999095e-01 
2.402010e+01 6.032764e-23 6.208358e-16 7.326387e-10 7.586548e-05 9.999241e-01 
2.419598e+01 2.985299e-23 3.662956e-16 5.153808e-10 6.363061e-05 9.999364e-01 
2.437186e+01 1.477265e-23 2.161155e-16 3.625483e-10 5.336876e-05 9.999466e-01 
2.454774e+01 7.310187e-24 1.275085e-16 2.550367e-10 4.476178e-05 9.999552e-01 
2.472362e+01 3.617410e-24 7.523016e-17 1.794068e-10 3.754283e-05 9.999625e-01 
2.489950e+01 1.790056e-24 4.438582e-17 1.262044e-10 3.148808e-05 9.999685e-01 
2.507538e+01 8.857986e-25 2.618763e-17 8.877893e-11 2.640979e-05 9.999736e-01 
2.525126e+01 4.383319e-25 1.545068e-17 6.245179e-11 2.215049e-05 9.999778e-01 
2.542714e+01 2.169056e-25 9.115884e-18 4.393185e-11 1.857811e-05 9.999814e-01 
2.560302e+01 1.073342e-25 5.378359e-18 3.090394e-11 1.558186e-05 9.999844e-01 
2.577889e+01 5.311358e-26 3.173222e-18 2.173943e-11 1.306884e-05 9.999869e-01 
2.595477e+01 2.628286e-26 1.872195e-18 1.529263e-11 1.096111e-05 9.999890e-01 
2.613065e+01 1.300588e-26 1.104591e-18 1.075761e-11 9.193307e-06 9.999908e-01 
2.630653e+01 6.435858e-27 6.517061e-19 7.567453e-12 7.710614e-06 9.999923e-01 
2.648241e+01 3.184734e-27 3.845050e-19 5.323330e-12 6.467047e-06 9.999935e-01 
2.665829e+01 1.575941e-27 2.268569e-19 3.744699e-12 5.424042e-06 9.999946e-01 
2.683417e+01 7.798417e-28 1.338450e-19 2.634210e-12 4.549252e-06 9.999955e-01 
2.701005e+01 3.858984e-28 7.896816e-20 1.853036e-12 3.815547e-06 9.999962e-01 
2.718593e+01 1.909587e-28 4.659099e-20 1.303518e-12 3.200174e-06 9.999968e-01 
2.736181e+01 9.449435e-29 2.748855e-20 9.169602e-13 2.684049e-06 9.999973e-01 
2.753769e+01 4.675975e-29 1.621816e-20 6.450357e-13 2.251164e-06 9.999977e-01 
2.771357e+01 2.313868e-29 9.568667e-21 4.537504e-13 1.888095e-06 9.999981e-01 
2.788945e+01 1.144998e-29 5.645485e-21 3.191907e-13 1.583582e-06 9.999984e-01 
2.806533e+01 5.665930e-30 3.330819e-21 2.245347e-13 1.328181e-06 9.999987e-01 
2.824121e+01 2.803738e-30 1.965173e-21 1.579489e-13 1.113971e-06 9.999989e-01 
2.841709e+01 1.387407e-30 1.159446e-21 1.111091e-13 9.343089e-07 9.999991e-01 
2.859296e+01 6.865466e-31 6.840694e-22 7.815972e-14 7.836228e-07 9.999992e-01 
2.876884e+01 3.397318e-31 4.035988e-22 5.498144e-14 6.572395e-07 9.999993e-01 
2.894472e+01 1.681135e-31 2.381220e-22 3.867669e-14 5.512394e-07 9.999994e-01 
2.912060e+01 8.318954e-32 1.404912e-22 2.720711e-14 4.623351e-07 9.999995e-01 
2.929648e+01 4.116565e-32 8.288938e-23 1.913884e-14 3.877693e-07 9.999996e-01 
2.947236e+01 2.037048e-32 4.890447e-23 1.346321e-14 3.252296e-07 9.999997e-01 
2.964824e+01 1.008016e-32 2.885348e-23 9.470694e-15 2.727763e-07 9.999997e-01 
2.982412e+01 4.988082e-33 1.702346e-23 6.662158e-15 2.287827e-07 9.999998e-01 
3.000000e+01 2.468311e-33 1.004379e-23 4.686493e-15 1.918844e-07 9.999998e-01 
