#E                   5            6            7            8 
-5.000000e+00 9.999517e-01 4.833975e-05 6.908242e-10 3.153018e-15 
-4.824121e+00 9.999424e-01 5.763468e-05 9.820428e-10 5.344077e-15 
-4.648241e+00 9.999313e-01 6.871673e-05 1.396023e-09 9.057707e-15 
-4.472362e+00 9.999181e-01 8.192948e-05 1.984512e-09 1.535193e-14 
-4.296482e+00 9.999023e-01 9.768251e-05 2.821069e-09 2.601995e-14 
-4.120603e+00 9.998835e-01 1.164641e-04 4.010260e-09 4.410101e-14 
-3.944724e+00 9.998611e-01 1.388564e-04 5.700719e-09 7.474621e-14 
-3.768844e+00 9.998344e-01 1.655532e-04 8.103730e-09 1.266858e-13 
-3.592965e+00 9.998026e-01 1.973819e-04 1.151962e-08 2.147160e-13 
-3.417085e+00 9.997647e-01 2.353284e-04 1.637527e-08 3.639137e-13 
-3.241206e+00 9.997194e-01 2.805680e-04 2.327747e-08 6.167783e-13 
-3.065327e+00 9.996655e-01 3.345015e-04 3.308866e-08 1.045336e-12 
-2.889447e+00 9.996012e-01 3.987986e-04 4.703467e-08 1.771652e-12 
-2.713568e+00 9.995245e-01 4.754488e-04 6.685775e-08 3.002586e-12 
-2.537688e+00 9.994331e-01 5.668230e-04 9.503398e-08 5.088691e-12 
-2.361809e+00 9.993241e-01 6.757461e-04 1.350823e-07 8.624007e-12 
-2.185930e+00 9.991942e-01 8.055835e-04 1.920034e-07 1.461514e-11 
-2.010050e+00 9.990394e-01 9.603438e-04 2.729031e-07 2.476772e-11 
-1.834171e+00 9.988548e-01 1.144801e-03 3.878780e-07 4.197166e-11 
-1.658291e+00 9.986348e-01 1.364639e-03 5.512726e-07 7.112312e-11 
-1.482412e+00 9.983726e-01 1.626624e-03 7.834644e-07 1.205167e-10 
-1.306533e+00 9.980601e-01 1.938807e-03 1.113397e-06 2.042027e-10 
-1.130653e+00 9.976877e-01 2.310766e-03 1.582177e-06 3.459790e-10 
-9.547739e-01 9.972439e-01 2.753887e-03 2.248168e-06 5.861475e-10 
-7.788945e-01 9.967151e-01 3.281703e-03 3.194223e-06 9.929490e-10 
-6.030151e-01 9.960852e-01 3.910283e-03 4.537928e-06 1.681910e-09 
-4.271357e-01 9.953349e-01 4.658696e-03 6.446103e-06 2.848563e-09 
-2.512563e-01 9.944413e-01 5.549550e-03 9.155332e-06 4.823765e-09 
-7.537688e-02 9.933774e-01 6.609618e-03 1.300098e-05 8.167170e-09 
1.005025e-01 9.921110e-01 7.870563e-03 1.845818e-05 1.382509e-08 
2.763819e-01 9.906040e-01 9.369773e-03 2.619966e-05 2.339689e-08 
4.522613e-01 9.888115e-01 1.115131e-02 3.717715e-05 3.958420e-08 
6.281407e-01 9.866802e-01 1.326699e-02 5.273584e-05 6.694762e-08 
8.040201e-01 9.841476e-01 1.577755e-02 7.477503e-05 1.131799e-07 
9.798995e-01 9.811398e-01 1.875399e-02 1.059727e-04 1.912451e-07 
1.155779e+00 9.775706e-01 2.227893e-02 1.500992e-04 3.229669e-07 
1.331658e+00 9.733389e-01 2.644806e-02 2.124522e-04 5.450348e-07 
1.507538e+00 9.683271e-01 3.137150e-02 3.004596e-04 9.190362e-07 
1.683417e+00 9.623989e-01 3.717506e-02 4.245081e-04 1.548160e-06 
1.859296e+00 9.553972e-01 4.400115e-02 5.990757e-04 2.604925e-06 
2.035176e+00 9.471423e-01 5.200903e-02 8.442672e-04 4.377003e-06 
2.211055e+00 9.374306e-01 6.137423e-02 1.187875e-03 7.342620e-06 
2.386935e+00 9.260331e-01 7.228646e-02 1.668111e-03 1.229388e-05 
2.562814e+00 9.126968e-01 8.494550e-02 2.337179e-03 2.053710e-05 
2.738693e+00 8.971456e-01 9.955435e-02 3.265842e-03 3.421574e-05 
2.914573e+00 8.790854e-01 1.163086e-01 4.549150e-03 5.682565e-05 
3.090452e+00 8.582114e-01 1.353812e-01 6.313357e-03 9.402817e-05 
3.266332e+00 8.342193e-01 1.569018e-01 8.723952e-03 1.549153e-04 
3.442211e+00 8.068223e-01 1.809293e-01 1.199438e-02 2.539466e-04 
3.618090e+00 7.757724e-01 2.074192e-01 1.639461e-02 4.138558e-04 
3.793970e+00 7.408880e-01 2.361841e-01 2.225801e-02 6.699119e-04 
3.969849e+00 7.020868e-01 2.668531e-01 2.998413e-02 1.075985e-03 
4.145729e+00 6.594207e-01 2.988323e-01 4.003410e-02 1.712886e-03 
4.321608e+00 6.131118e-01 3.312745e-01 5.291442e-02 2.699329e-03 
4.497487e+00 5.635814e-01 3.630684e-01 6.914456e-02 4.205554e-03 
4.673367e+00 5.114691e-01 3.928572e-01 8.920468e-02 6.468988e-03 
4.849246e+00 4.576310e-01 4.190966e-01 1.134620e-01 9.810309e-03 
5.025126e+00 4.031143e-01 4.401597e-01 1.420791e-01 1.464690e-02 
5.201005e+00 3.491030e-01 4.544846e-01 1.749132e-01 2.149916e-02 
5.376884e+00 2.968380e-01 4.607534e-01 2.114245e-01 3.098402e-02 
5.552764e+00 2.475174e-01 4.580768e-01 2.506158e-01 4.378995e-02 
5.728643e+00 2.021925e-01 4.461501e-01 2.910279e-01 6.062951e-02 
5.904523e+00 1.616748e-01 4.253454e-01 3.308102e-01 8.216969e-02 
6.080402e+00 1.264713e-01 3.967116e-01 3.678709e-01 1.089461e-01 
6.256281e+00 9.675893e-02 3.618740e-01 4.000934e-01 1.412736e-01 
6.432161e+00 7.240124e-02 3.228463e-01 4.255820e-01 1.791705e-01 
6.608040e+00 5.300229e-02 2.817915e-01 4.428930e-01 2.223133e-01 
6.783920e+00 3.798395e-02 2.407780e-01 4.512022e-01 2.700358e-01 
6.959799e+00 2.667101e-02 2.015764e-01 4.503784e-01 3.213742e-01 
7.135678e+00 1.836901e-02 1.655272e-01 4.409514e-01 3.751524e-01 
7.311558e+00 1.242474e-02 1.334917e-01 4.239934e-01 4.300902e-01 
7.487437e+00 8.265027e-03 1.058753e-01 4.009433e-01 4.849164e-01 
7.663317e+00 5.414849e-03 8.270281e-02 3.734151e-01 5.384672e-01 
7.839196e+00 3.499058e-03 6.371893e-02 3.430233e-01 5.897587e-01 
8.015075e+00 2.233397e-03 4.849164e-02 3.112471e-01 6.380278e-01 
8.190955e+00 1.410047e-03 3.650210e-02 2.793443e-01 6.827435e-01 
8.366834e+00 8.817002e-04 2.721377e-02 2.483100e-01 7.235946e-01 
8.542714e+00 5.467042e-04 2.011887e-02 2.188732e-01 7.604613e-01 
8.718593e+00 3.365159e-04 1.476523e-02 1.915193e-01 7.933789e-01 
8.894472e+00 2.058307e-04 1.076783e-02 1.665268e-01 8.224995e-01 
9.070352e+00 1.252128e-04 7.809986e-03 1.440090e-01 8.480558e-01 
9.246231e+00 7.581551e-05 5.638234e-03 1.239555e-01 8.703305e-01 
9.422111e+00 4.572285e-05 4.054168e-03 1.062693e-01 8.896308e-01 
9.597990e+00 2.748089e-05 2.905245e-03 9.079717e-02 9.062701e-01 
9.773869e+00 1.646918e-05 2.075905e-03 7.735360e-02 9.205540e-01 
9.949749e+00 9.845725e-06 1.479676e-03 6.573899e-02 9.327715e-01 
1.012563e+01 5.873824e-06 1.052503e-03 5.575235e-02 9.431893e-01 
1.030151e+01 3.498092e-06 7.473378e-04 4.719982e-02 9.520493e-01 
1.047739e+01 2.080162e-06 5.298663e-04 3.990003e-02 9.595680e-01 
1.065327e+01 1.235434e-06 3.752081e-04 3.368702e-02 9.659365e-01 
1.082915e+01 7.329664e-07 2.654118e-04 2.841148e-02 9.713224e-01 
1.100503e+01 4.344730e-07 1.875782e-04 2.394085e-02 9.758711e-01 
1.118090e+01 2.573457e-07 1.324707e-04 2.015861e-02 9.797087e-01 
1.135678e+01 1.523344e-07 9.349415e-05 1.696323e-02 9.829431e-01 
1.153266e+01 9.012589e-08 6.595070e-05 1.426681e-02 9.856671e-01 
1.170854e+01 5.329766e-08 4.650092e-05 1.199368e-02 9.879598e-01 
1.188442e+01 3.150683e-08 3.277491e-05 1.007897e-02 9.898882e-01 
1.206030e+01 1.861938e-08 2.309327e-05 8.467268e-03 9.915096e-01 
1.223618e+01 1.100047e-08 1.626728e-05 7.111420e-03 9.928723e-01 
1.241206e+01 6.497726e-09 1.145641e-05 5.971361e-03 9.940172e-01 
1.258794e+01 3.837346e-09 8.066805e-06 5.013140e-03 9.949788e-01 
1.276382e+01 2.265859e-09 5.679197e-06 4.208029e-03 9.957863e-01 
1.293970e+01 1.337760e-09 3.997750e-06 3.531757e-03 9.964642e-01 
1.311558e+01 7.897248e-10 2.813823e-06 2.963844e-03 9.970333e-01 
1.329146e+01 4.661583e-10 1.980331e-06 2.487024e-03 9.975110e-01 
1.346734e+01 2.751424e-10 1.393623e-06 2.086752e-03 9.979119e-01 
1.364322e+01 1.623879e-10 9.806744e-07 1.750789e-03 9.982482e-01 
1.381910e+01 9.583540e-11 6.900503e-07 1.468836e-03 9.985305e-01 
1.399497e+01 5.655599e-11 4.855308e-07 1.232233e-03 9.987673e-01 
1.417085e+01 3.337449e-11 3.416145e-07 1.033703e-03 9.989660e-01 
1.434673e+01 1.969413e-11 2.403487e-07 8.671308e-04 9.991326e-01 
1.452261e+01 1.162110e-11 1.690969e-07 7.273810e-04 9.992724e-01 
1.469849e+01 6.857215e-12 1.189652e-07 6.101400e-04 9.993897e-01 
1.487437e+01 4.046133e-12 8.369425e-08 5.117864e-04 9.994881e-01 
1.505025e+01 2.387403e-12 5.887956e-08 4.292805e-04 9.995707e-01 
1.522613e+01 1.408657e-12 4.142168e-08 3.600707e-04 9.996399e-01 
1.540201e+01 8.311516e-13 2.913977e-08 3.020157e-04 9.996980e-01 
1.557789e+01 4.904007e-13 2.049936e-08 2.533187e-04 9.997467e-01 
1.575377e+01 2.893467e-13 1.442086e-08 2.124719e-04 9.997875e-01 
1.592965e+01 1.707194e-13 1.014470e-08 1.782104e-04 9.998218e-01 
1.610553e+01 1.007268e-13 7.136491e-09 1.494728e-04 9.998505e-01 
1.628141e+01 5.942993e-14 5.020284e-09 1.253687e-04 9.998746e-01 
1.645729e+01 3.506418e-14 3.531589e-09 1.051512e-04 9.998948e-01 
1.663317e+01 2.068810e-14 2.484338e-09 8.819385e-05 9.999118e-01 
1.680905e+01 1.220609e-14 1.747632e-09 7.397092e-05 9.999260e-01 
1.698492e+01 7.201639e-15 1.229386e-09 6.204157e-05 9.999380e-01 
1.716080e+01 4.248986e-15 8.648198e-10 5.203597e-05 9.999480e-01 
1.733668e+01 2.506909e-15 6.083624e-10 4.364393e-05 9.999564e-01 
1.751256e+01 1.479079e-15 4.279554e-10 3.660526e-05 9.999634e-01 
1.768844e+01 8.726569e-16 3.010469e-10 3.070171e-05 9.999693e-01 
1.786432e+01 5.148673e-16 2.117724e-10 2.575024e-05 9.999742e-01 
1.804020e+01 3.037713e-16 1.489719e-10 2.159731e-05 9.999784e-01 
1.821608e+01 1.792247e-16 1.047946e-10 1.811414e-05 9.999819e-01 
1.839196e+01 1.057423e-16 7.371796e-11 1.519272e-05 9.999848e-01 
1.856784e+01 6.238778e-17 5.185701e-11 1.274246e-05 9.999873e-01 
1.874372e+01 3.680867e-17 3.647888e-11 1.068736e-05 9.999893e-01 
1.891960e+01 2.171703e-17 2.566110e-11 8.963711e-06 9.999910e-01 
1.909548e+01 1.281300e-17 1.805132e-11 7.518047e-06 9.999925e-01 
1.927136e+01 7.559637e-18 1.269821e-11 6.305537e-06 9.999937e-01 
1.944724e+01 4.460166e-18 8.932565e-12 5.288580e-06 9.999947e-01 
1.962312e+01 2.631486e-18 6.283617e-12 4.435637e-06 9.999956e-01 
1.979899e+01 1.552569e-18 4.420212e-12 3.720256e-06 9.999963e-01 
1.997487e+01 9.160114e-19 3.109399e-12 3.120252e-06 9.999969e-01 
2.015075e+01 5.404441e-19 2.187307e-12 2.617016e-06 9.999974e-01 
2.032663e+01 3.188604e-19 1.538661e-12 2.194943e-06 9.999978e-01 
2.050251e+01 1.881267e-19 1.082371e-12 1.840941e-06 9.999982e-01 
2.067839e+01 1.109942e-19 7.613941e-13 1.544033e-06 9.999985e-01 
2.085427e+01 6.548622e-20 5.356026e-13 1.295010e-06 9.999987e-01 
2.103015e+01 3.863667e-20 3.767696e-13 1.086150e-06 9.999989e-01 
2.120603e+01 2.279551e-20 2.650386e-13 9.109750e-07 9.999991e-01 
2.138191e+01 1.344928e-20 1.864413e-13 7.640523e-07 9.999992e-01 
2.155779e+01 7.935034e-21 1.311521e-13 6.408254e-07 9.999994e-01 
2.173367e+01 4.681645e-21 9.225895e-14 5.374726e-07 9.999995e-01 
2.190955e+01 2.762156e-21 6.489955e-14 4.507885e-07 9.999995e-01 
2.208543e+01 1.629663e-21 4.565358e-14 3.780850e-07 9.999996e-01 
2.226131e+01 9.614960e-22 3.211500e-14 3.171071e-07 9.999997e-01 
2.243719e+01 5.672796e-22 2.259129e-14 2.659638e-07 9.999997e-01 
2.261307e+01 3.346931e-22 1.589184e-14 2.230690e-07 9.999998e-01 
2.278894e+01 1.974679e-22 1.117911e-14 1.870922e-07 9.999998e-01 
2.296482e+01 1.165054e-22 7.863943e-15 1.569178e-07 9.999998e-01 
2.314070e+01 6.873783e-23 5.531889e-15 1.316100e-07 9.999999e-01 
2.331658e+01 4.055510e-23 3.891406e-15 1.103838e-07 9.999999e-01 
2.349246e+01 2.392738e-23 2.737409e-15 9.258102e-08 9.999999e-01 
2.366834e+01 1.411708e-23 1.925630e-15 7.764947e-08 9.999999e-01 
2.384422e+01 8.329030e-24 1.354584e-15 6.512610e-08 9.999999e-01 
2.402010e+01 4.914101e-24 9.528817e-16 5.462251e-08 9.999999e-01 
2.419598e+01 2.899304e-24 6.703044e-16 4.581294e-08 1.000000e+00 
2.437186e+01 1.710580e-24 4.715255e-16 3.842419e-08 1.000000e+00 
2.454774e+01 1.009237e-24 3.316945e-16 3.222710e-08 1.000000e+00 
2.472362e+01 5.954464e-25 2.333304e-16 2.702949e-08 1.000000e+00 
2.489950e+01 3.513114e-25 1.641362e-16 2.267015e-08 1.000000e+00 
2.507538e+01 2.072726e-25 1.154616e-16 1.901389e-08 1.000000e+00 
2.525126e+01 1.222902e-25 8.122144e-17 1.594731e-08 1.000000e+00 
2.542714e+01 7.215081e-26 5.713520e-17 1.337532e-08 1.000000e+00 
2.560302e+01 4.256875e-26 4.019175e-17 1.121813e-08 1.000000e+00 
2.577889e+01 2.511542e-26 2.827288e-17 9.408863e-09 1.000000e+00 
2.595477e+01 1.481802e-26 1.988855e-17 7.891393e-09 1.000000e+00 
2.613065e+01 8.742584e-27 1.399059e-17 6.618662e-09 1.000000e+00 
2.630653e+01 5.158096e-27 9.841681e-18 5.551199e-09 1.000000e+00 
2.648241e+01 3.043260e-27 6.923128e-18 4.655897e-09 1.000000e+00 
2.665829e+01 1.795514e-27 4.870073e-18 3.904990e-09 1.000000e+00 
2.683417e+01 1.059347e-27 3.425852e-18 3.275189e-09 1.000000e+00 
2.701005e+01 6.250116e-28 2.409915e-18 2.746964e-09 1.000000e+00 
2.718593e+01 3.687548e-28 1.695254e-18 2.303931e-09 1.000000e+00 
2.736181e+01 2.175642e-28 1.192526e-18 1.932351e-09 1.000000e+00 
2.753769e+01 1.283621e-28 8.388822e-19 1.620700e-09 1.000000e+00 
2.771357e+01 7.573326e-29 5.901115e-19 1.359312e-09 1.000000e+00 
2.788945e+01 4.468238e-29 4.151138e-19 1.140081e-09 1.000000e+00 
2.806533e+01 2.636246e-29 2.920117e-19 9.562078e-10 1.000000e+00 
2.824121e+01 1.555377e-29 2.054156e-19 8.019897e-10 1.000000e+00 
2.841709e+01 9.176672e-30 1.444995e-19 6.726441e-10 1.000000e+00 
2.859296e+01 5.414207e-30 1.016482e-19 5.641595e-10 1.000000e+00 
2.876884e+01 3.194365e-30 7.150438e-20 4.731714e-10 1.000000e+00 
2.894472e+01 1.884665e-30 5.029974e-20 3.968579e-10 1.000000e+00 
2.912060e+01 1.111946e-30 3.538334e-20 3.328523e-10 1.000000e+00 
2.929648e+01 6.560447e-31 2.489040e-20 2.791696e-10 1.000000e+00 
2.947236e+01 3.870643e-31 1.750915e-20 2.341449e-10 1.000000e+00 
2.964824e+01 2.283667e-31 1.231681e-20 1.963818e-10 1.000000e+00 
2.982412e+01 1.347356e-31 8.664255e-21 1.647092e-10 1.000000e+00 
3.000000e+01 7.949357e-32 6.094868e-21 1.381447e-10 1.000000e+00 
