#E                   5            6            7            8 
-5.000000e+00 9.999998e-01 1.936959e-07 1.129687e-14 1.810656e-22 
-4.824121e+00 9.999998e-01 2.309425e-07 1.605924e-14 3.068926e-22 
-4.648241e+00 9.999997e-01 2.753513e-07 2.282926e-14 5.201597e-22 
-4.472362e+00 9.999997e-01 3.282998e-07 3.245329e-14 8.816314e-22 
-4.296482e+00 9.999996e-01 3.914300e-07 4.613448e-14 1.494298e-21 
-4.120603e+00 9.999995e-01 4.666997e-07 6.558318e-14 2.532723e-21 
-3.944724e+00 9.999994e-01 5.564433e-07 9.323078e-14 4.292774e-21 
-3.768844e+00 9.999993e-01 6.634440e-07 1.325337e-13 7.275926e-21 
-3.592965e+00 9.999992e-01 7.910204e-07 1.884053e-13 1.233214e-20 
-3.417085e+00 9.999991e-01 9.431290e-07 2.678304e-13 2.090205e-20 
-3.241206e+00 9.999989e-01 1.124487e-06 3.807384e-13 3.542739e-20 
-3.065327e+00 9.999987e-01 1.340719e-06 5.412445e-13 6.004674e-20 
-2.889447e+00 9.999984e-01 1.598531e-06 7.694144e-13 1.017747e-19 
-2.713568e+00 9.999981e-01 1.905919e-06 1.093773e-12 1.725003e-19 
-2.537688e+00 9.999977e-01 2.272416e-06 1.554869e-12 2.923749e-19 
-2.361809e+00 9.999973e-01 2.709387e-06 2.210347e-12 4.955532e-19 
-2.185930e+00 9.999968e-01 3.230385e-06 3.142152e-12 8.399248e-19 
-2.010050e+00 9.999961e-01 3.851567e-06 4.466773e-12 1.423608e-18 
-1.834171e+00 9.999954e-01 4.592197e-06 6.349805e-12 2.412907e-18 
-1.658291e+00 9.999945e-01 5.475246e-06 9.026657e-12 4.089691e-18 
-1.482412e+00 9.999935e-01 6.528097e-06 1.283197e-11 6.931710e-18 
-1.306533e+00 9.999922e-01 7.783403e-06 1.824147e-11 1.174871e-17 
-1.130653e+00 9.999907e-01 9.280093e-06 2.593140e-11 1.991315e-17 
-9.547739e-01 9.999889e-01 1.106458e-05 3.686312e-11 3.375122e-17 
-7.788945e-01 9.999868e-01 1.319221e-05 5.240324e-11 5.720565e-17 
-6.030151e-01 9.999843e-01 1.572896e-05 7.449445e-11 9.695900e-17 
-4.271357e-01 9.999812e-01 1.875349e-05 1.058984e-10 1.643377e-16 
-2.512563e-01 9.999776e-01 2.235959e-05 1.505410e-10 2.785390e-16 
-7.537688e-02 9.999733e-01 2.665910e-05 2.140030e-10 4.721005e-16 
1.005025e-01 9.999682e-01 3.178533e-05 3.042177e-10 8.001706e-16 
2.763819e-01 9.999621e-01 3.789723e-05 4.324628e-10 1.356220e-15 
4.522613e-01 9.999548e-01 4.518432e-05 6.147698e-10 2.298675e-15 
6.281407e-01 9.999461e-01 5.387254e-05 8.739280e-10 3.896046e-15 
8.040201e-01 9.999358e-01 6.423126e-05 1.242333e-09 6.603435e-15 
9.798995e-01 9.999234e-01 7.658161e-05 1.766036e-09 1.119219e-14 
1.155779e+00 9.999087e-01 9.130647e-05 2.510499e-09 1.896963e-14 
1.331658e+00 9.998911e-01 1.088623e-04 3.568777e-09 3.215153e-14 
1.507538e+00 9.998702e-01 1.297931e-04 5.073144e-09 5.449327e-14 
1.683417e+00 9.998452e-01 1.547478e-04 7.211627e-09 9.235967e-14 
1.859296e+00 9.998155e-01 1.844994e-04 1.025150e-08 1.565380e-13 
2.035176e+00 9.997800e-01 2.199697e-04 1.457266e-08 2.653107e-13 
2.211055e+00 9.997377e-01 2.622576e-04 2.071511e-08 4.496626e-13 
2.386935e+00 9.996873e-01 3.126724e-04 2.944640e-08 7.621056e-13 
2.562814e+00 9.996272e-01 3.727751e-04 4.185748e-08 1.291634e-12 
2.738693e+00 9.995555e-01 4.444257e-04 5.949888e-08 2.189065e-12 
2.914573e+00 9.994701e-01 5.298410e-04 8.457434e-08 3.709983e-12 
3.090452e+00 9.993682e-01 6.316620e-04 1.202157e-07 6.287499e-12 
3.266332e+00 9.992468e-01 7.530354e-04 1.708738e-07 1.065554e-11 
3.442211e+00 9.991020e-01 8.977098e-04 2.428731e-07 1.805772e-11 
3.618090e+00 9.989295e-01 1.070149e-03 3.452004e-07 3.060119e-11 
3.793970e+00 9.987238e-01 1.275670e-03 4.906239e-07 5.185603e-11 
3.969849e+00 9.984787e-01 1.520601e-03 6.972829e-07 8.787048e-11 
4.145729e+00 9.981865e-01 1.812473e-03 9.909433e-07 1.488903e-10 
4.321608e+00 9.978383e-01 2.160248e-03 1.408200e-06 2.522697e-10 
4.497487e+00 9.974234e-01 2.574580e-03 2.001016e-06 4.274003e-10 
4.673367e+00 9.969290e-01 3.068135e-03 2.843165e-06 7.240522e-10 
4.849246e+00 9.963400e-01 3.655959e-03 4.039358e-06 1.226489e-09 
5.025126e+00 9.956384e-01 4.355909e-03 5.738168e-06 2.077342e-09 
5.201005e+00 9.948027e-01 5.189166e-03 8.150335e-06 3.517982e-09 
5.376884e+00 9.938076e-01 6.180824e-03 1.157465e-05 5.956750e-09 
5.552764e+00 9.926230e-01 7.360577e-03 1.643451e-05 1.008421e-08 
5.728643e+00 9.912131e-01 8.763509e-03 2.332955e-05 1.706769e-08 
5.904523e+00 9.895359e-01 1.043100e-02 3.310836e-05 2.887950e-08 
6.080402e+00 9.875412e-01 1.241175e-02 4.697084e-05 4.884990e-08 
6.256281e+00 9.851704e-01 1.476293e-02 6.661182e-05 8.259812e-08 
6.432161e+00 9.823540e-01 1.755144e-02 9.442237e-05 1.395974e-07 
6.608040e+00 9.790107e-01 2.085526e-02 1.337708e-04 2.358017e-07 
6.783920e+00 9.750453e-01 2.476489e-02 1.893937e-04 3.980473e-07 
6.959799e+00 9.703466e-01 2.938475e-02 2.679381e-04 6.714090e-07 
7.135678e+00 9.647857e-01 3.483449e-02 3.787087e-04 1.131466e-06 
7.311558e+00 9.582134e-01 4.125003e-02 5.346919e-04 1.904685e-06 
7.487437e+00 9.504587e-01 4.878415e-02 7.539482e-04 3.202171e-06 
7.663317e+00 9.413269e-01 5.760622e-02 1.061489e-03 5.375293e-06 
7.839196e+00 9.305984e-01 6.790077e-02 1.491779e-03 9.006879e-06 
8.015075e+00 9.180287e-01 7.986419e-02 2.092017e-03 1.505978e-05 
8.190955e+00 9.033495e-01 9.369903e-02 2.926387e-03 2.511704e-05 
8.366834e+00 8.862720e-01 1.096048e-01 4.081406e-03 4.176669e-05 
8.542714e+00 8.664934e-01 1.277649e-01 5.672506e-03 6.921157e-05 
8.718593e+00 8.437067e-01 1.483273e-01 7.851779e-03 1.142234e-04 
8.894472e+00 8.176150e-01 1.713807e-01 1.081664e-02 1.876130e-04 
9.070352e+00 7.879519e-01 1.969229e-01 1.481870e-02 3.064532e-04 
9.246231e+00 7.545068e-01 2.248242e-01 2.017161e-02 4.973682e-04 
9.422111e+00 7.171561e-01 2.547869e-01 2.725573e-02 8.012700e-04 
9.597990e+00 6.758986e-01 2.863047e-01 3.651679e-02 1.279962e-03 
9.773869e+00 6.308917e-01 3.186289e-01 4.845436e-02 2.024980e-03 
9.949749e+00 5.824847e-01 3.507505e-01 6.359595e-02 3.168843e-03 
1.012563e+01 5.312415e-01 3.814075e-01 8.245250e-02 4.898449e-03 
1.030151e+01 4.779476e-01 4.091297e-01 1.054530e-01 7.469599e-03 
1.047739e+01 4.235925e-01 4.323270e-01 1.328599e-01 1.122059e-02 
1.065327e+01 3.693238e-01 4.494226e-01 1.646720e-01 1.658154e-02 
1.082915e+01 3.163741e-01 4.590203e-01 2.005304e-01 2.407514e-02 
1.100503e+01 2.659647e-01 4.600854e-01 2.396461e-01 3.430381e-02 
1.118090e+01 2.192010e-01 4.521063e-01 2.807733e-01 4.791939e-02 
1.135678e+01 1.769745e-01 4.352033e-01 3.222485e-01 6.557372e-02 
1.153266e+01 1.398892e-01 4.101560e-01 3.621023e-01 8.785241e-02 
1.170854e+01 1.082255e-01 3.783363e-01 3.982389e-01 1.151992e-01 
1.188442e+01 8.194617e-02 3.415549e-01 4.286566e-01 1.478423e-01 
1.206030e+01 6.074023e-02 3.018503e-01 4.516731e-01 1.857364e-01 
1.223618e+01 4.409369e-02 2.612613e-01 4.661129e-01 2.285321e-01 
1.241206e+01 3.137115e-02 2.216219e-01 4.714244e-01 2.755826e-01 
1.258794e+01 2.189405e-02 1.844131e-01 4.677078e-01 3.259851e-01 
1.276382e+01 1.500450e-02 1.506851e-01 4.556557e-01 3.786547e-01 
1.293970e+01 1.010948e-02 1.210490e-01 4.364263e-01 4.324152e-01 
1.311558e+01 6.704985e-03 9.572244e-02 4.114784e-01 4.860942e-01 
1.329146e+01 4.383286e-03 7.461038e-02 3.823983e-01 5.386081e-01 
1.346734e+01 2.828209e-03 5.739769e-02 3.507475e-01 5.890266e-01 
1.364322e+01 1.803441e-03 4.363835e-02 3.179449e-01 6.366133e-01 
1.381910e+01 1.137944e-03 3.282998e-02 2.851922e-01 6.808398e-01 
1.399497e+01 7.113606e-04 2.446938e-02 2.534390e-01 7.213802e-01 
1.417085e+01 4.410578e-04 1.808890e-02 2.233809e-01 7.580891e-01 
1.434673e+01 2.715099e-04 1.327657e-02 1.954804e-01 7.909715e-01 
1.452261e+01 1.660991e-04 9.683911e-03 1.700011e-01 8.201489e-01 
1.469849e+01 1.010661e-04 7.025421e-03 1.470472e-01 8.458263e-01 
1.487437e+01 6.121037e-05 5.073124e-03 1.266028e-01 8.682629e-01 
1.505025e+01 3.692435e-05 3.648772e-03 1.085670e-01 8.877473e-01 
1.522613e+01 2.219829e-05 2.615392e-03 9.278366e-02 9.045788e-01 
1.540201e+01 1.330648e-05 1.869236e-03 7.906461e-02 9.190528e-01 
1.557789e+01 7.956696e-06 1.332653e-03 6.720763e-02 9.314518e-01 
1.575377e+01 4.747779e-06 9.481089e-04 5.700898e-02 9.420382e-01 
1.592965e+01 2.827977e-06 6.733285e-04 4.827202e-02 9.510518e-01 
1.610553e+01 1.681929e-06 4.774659e-04 4.081261e-02 9.587082e-01 
1.628141e+01 9.990512e-07 3.381472e-04 3.446206e-02 9.651988e-01 
1.645729e+01 5.927914e-07 2.392233e-04 2.906848e-02 9.706917e-01 
1.663317e+01 3.514176e-07 1.690863e-04 2.449688e-02 9.753337e-01 
1.680905e+01 2.081682e-07 1.194216e-04 2.062854e-02 9.792518e-01 
1.698492e+01 1.232329e-07 8.429049e-05 1.735992e-02 9.825557e-01 
1.716080e+01 7.291299e-08 5.946210e-05 1.460135e-02 9.853391e-01 
1.733668e+01 4.312074e-08 4.192808e-05 1.227555e-02 9.876825e-01 
1.751256e+01 2.549188e-08 2.955318e-05 1.031629e-02 9.896541e-01 
1.768844e+01 1.506533e-08 2.082400e-05 8.666969e-03 9.913122e-01 
1.786432e+01 8.900992e-09 1.466924e-05 7.279373e-03 9.927059e-01 
1.804020e+01 5.257752e-09 1.033125e-05 6.112552e-03 9.938771e-01 
1.821608e+01 3.105128e-09 7.274706e-06 5.131789e-03 9.948609e-01 
1.839196e+01 1.833537e-09 5.121641e-06 4.307704e-03 9.956872e-01 
1.856784e+01 1.082535e-09 3.605327e-06 3.615471e-03 9.963809e-01 
1.874372e+01 6.390652e-10 2.537649e-06 3.034138e-03 9.969633e-01 
1.891960e+01 3.772313e-10 1.785984e-06 2.546037e-03 9.974522e-01 
1.909548e+01 2.226568e-10 1.256867e-06 2.136288e-03 9.978625e-01 
1.927136e+01 1.314121e-10 8.844477e-07 1.792364e-03 9.982068e-01 
1.944724e+01 7.755517e-11 6.223446e-07 1.503725e-03 9.984957e-01 
1.962312e+01 4.576841e-11 4.378945e-07 1.261509e-03 9.987381e-01 
1.979899e+01 2.700871e-11 3.080995e-07 1.058267e-03 9.989414e-01 
1.997487e+01 1.593778e-11 2.167695e-07 8.877407e-04 9.991120e-01 
2.015075e+01 9.404584e-12 1.525083e-07 7.446717e-04 9.992552e-01 
2.032663e+01 5.549341e-12 1.072948e-07 6.246455e-04 9.993752e-01 
2.050251e+01 3.274423e-12 7.548414e-08 5.239549e-04 9.994760e-01 
2.067839e+01 1.932062e-12 5.310379e-08 4.394882e-04 9.995605e-01 
2.085427e+01 1.139991e-12 3.735850e-08 3.686333e-04 9.996313e-01 
2.103015e+01 6.726313e-13 2.628139e-08 3.091982e-04 9.996908e-01 
2.120603e+01 3.968701e-13 1.848856e-08 2.593433e-04 9.997406e-01 
2.138191e+01 2.341619e-13 1.300632e-08 2.175253e-04 9.997825e-01 
2.155779e+01 1.381596e-13 9.149612e-09 1.824491e-04 9.998175e-01 
2.173367e+01 8.151612e-14 6.436482e-09 1.530280e-04 9.998470e-01 
2.190955e+01 4.809544e-14 4.527854e-09 1.283507e-04 9.998716e-01 
2.208543e+01 2.837674e-14 3.185184e-09 1.076524e-04 9.998923e-01 
2.226131e+01 1.674248e-14 2.240656e-09 9.029170e-05 9.999097e-01 
2.243719e+01 9.878151e-15 1.576212e-09 7.573048e-05 9.999243e-01 
2.261307e+01 5.828148e-15 1.108799e-09 6.351738e-05 9.999365e-01 
2.278894e+01 3.438624e-15 7.799926e-10 5.327379e-05 9.999467e-01 
2.296482e+01 2.028795e-15 5.486903e-10 4.468213e-05 9.999553e-01 
2.314070e+01 1.196991e-15 3.859789e-10 3.747602e-05 9.999625e-01 
2.331658e+01 7.062251e-16 2.715184e-10 3.143205e-05 9.999686e-01 
2.349246e+01 4.166726e-16 1.910005e-10 2.636279e-05 9.999736e-01 
2.366834e+01 2.458366e-16 1.343598e-10 2.211107e-05 9.999779e-01 
2.384422e+01 1.450433e-16 9.451574e-11 1.854505e-05 9.999815e-01 
2.402010e+01 8.557533e-17 6.648728e-11 1.555413e-05 9.999844e-01 
2.419598e+01 5.048930e-17 4.677058e-11 1.304558e-05 9.999870e-01 
2.437186e+01 2.978859e-17 3.290082e-11 1.094160e-05 9.999891e-01 
2.454774e+01 1.757520e-17 2.314412e-11 9.176946e-06 9.999908e-01 
2.472362e+01 1.036933e-17 1.628075e-11 7.696892e-06 9.999923e-01 
2.489950e+01 6.117878e-18 1.145270e-11 6.455538e-06 9.999935e-01 
2.507538e+01 3.609532e-18 8.056409e-12 5.414389e-06 9.999946e-01 
2.525126e+01 2.129614e-18 5.667284e-12 4.541156e-06 9.999955e-01 
2.542714e+01 1.256466e-18 3.986653e-12 3.808757e-06 9.999962e-01 
2.560302e+01 7.413116e-19 2.804412e-12 3.194479e-06 9.999968e-01 
2.577889e+01 4.373717e-19 1.972764e-12 2.679272e-06 9.999973e-01 
2.595477e+01 2.580480e-19 1.387741e-12 2.247158e-06 9.999978e-01 
2.613065e+01 1.522475e-19 9.762064e-13 1.884735e-06 9.999981e-01 
2.630653e+01 8.982559e-20 6.867124e-13 1.580764e-06 9.999984e-01 
2.648241e+01 5.299682e-20 4.830678e-13 1.325817e-06 9.999987e-01 
2.665829e+01 3.126796e-20 3.398140e-13 1.111988e-06 9.999989e-01 
2.683417e+01 1.844800e-20 2.390421e-13 9.326462e-07 9.999991e-01 
2.701005e+01 1.088426e-20 1.681542e-13 7.822283e-07 9.999992e-01 
2.718593e+01 6.421680e-21 1.182880e-13 6.560699e-07 9.999993e-01 
2.736181e+01 3.788771e-21 8.320969e-14 5.502584e-07 9.999994e-01 
2.753769e+01 2.235363e-21 5.853384e-14 4.615123e-07 9.999995e-01 
2.771357e+01 1.318857e-21 4.117562e-14 3.870792e-07 9.999996e-01 
2.788945e+01 7.781215e-22 2.896498e-14 3.246508e-07 9.999997e-01 
2.806533e+01 4.590892e-22 2.037541e-14 2.722908e-07 9.999997e-01 
2.824121e+01 2.708612e-22 1.433308e-14 2.283755e-07 9.999998e-01 
2.841709e+01 1.598072e-22 1.008260e-14 1.915429e-07 9.999998e-01 
2.859296e+01 9.428575e-23 7.092604e-15 1.606507e-07 9.999998e-01 
2.876884e+01 5.562829e-23 4.989291e-15 1.347409e-07 9.999999e-01 
2.894472e+01 3.282051e-23 3.509716e-15 1.130097e-07 9.999999e-01 
2.912060e+01 1.936400e-23 2.468909e-15 9.478342e-08 9.999999e-01 
2.929648e+01 1.142470e-23 1.736753e-15 7.949667e-08 9.999999e-01 
2.947236e+01 6.740534e-24 1.221719e-15 6.667538e-08 9.999999e-01 
2.964824e+01 3.976894e-24 8.594178e-16 5.592192e-08 9.999999e-01 
2.982412e+01 2.346354e-24 6.045573e-16 4.690278e-08 1.000000e+00 
3.000000e+01 1.384342e-24 4.252757e-16 3.933826e-08 1.000000e+00 
