#E                   5            6            7            8 
-5.000000e+00 9.999986e-01 1.386553e-06 5.389588e-13 6.845409e-20 
-4.824121e+00 9.999983e-01 1.653179e-06 7.661650e-13 1.160245e-19 
-4.648241e+00 9.999980e-01 1.971075e-06 1.089153e-12 1.966527e-19 
-4.472362e+00 9.999976e-01 2.350101e-06 1.548303e-12 3.333113e-19 
-4.296482e+00 9.999972e-01 2.802010e-06 2.201013e-12 5.649373e-19 
-4.120603e+00 9.999967e-01 3.340819e-06 3.128882e-12 9.575255e-19 
-3.944724e+00 9.999960e-01 3.983237e-06 4.447908e-12 1.622932e-18 
-3.768844e+00 9.999953e-01 4.749187e-06 6.322989e-12 2.750746e-18 
-3.592965e+00 9.999943e-01 5.662423e-06 8.988535e-12 4.662302e-18 
-3.417085e+00 9.999932e-01 6.751267e-06 1.277778e-11 7.902241e-18 
-3.241206e+00 9.999920e-01 8.049486e-06 1.816443e-11 1.339368e-17 
-3.065327e+00 9.999904e-01 9.597341e-06 2.582188e-11 2.270125e-17 
-2.889447e+00 9.999886e-01 1.144283e-05 3.670743e-11 3.847683e-17 
-2.713568e+00 9.999864e-01 1.364320e-05 5.218191e-11 6.521518e-17 
-2.537688e+00 9.999837e-01 1.626666e-05 7.417981e-11 1.105345e-16 
-2.361809e+00 9.999806e-01 1.939459e-05 1.054511e-10 1.873471e-16 
-2.185930e+00 9.999769e-01 2.312397e-05 1.499051e-10 3.175380e-16 
-2.010050e+00 9.999724e-01 2.757045e-05 2.130991e-10 5.382005e-16 
-1.834171e+00 9.999671e-01 3.287191e-05 3.029327e-10 9.122043e-16 
-1.658291e+00 9.999608e-01 3.919275e-05 4.306359e-10 1.546108e-15 
-1.482412e+00 9.999533e-01 4.672894e-05 6.121726e-10 2.620516e-15 
-1.306533e+00 9.999443e-01 5.571414e-05 8.702357e-10 4.441537e-15 
-1.130653e+00 9.999336e-01 6.642694e-05 1.237084e-09 7.527989e-15 
-9.547739e-01 9.999208e-01 7.919944e-05 1.758573e-09 1.275921e-14 
-7.788945e-01 9.999056e-01 9.442760e-05 2.499889e-09 2.162557e-14 
-6.030151e-01 9.998874e-01 1.125834e-04 3.553692e-09 3.665304e-14 
-4.271357e-01 9.998658e-01 1.342297e-04 5.051697e-09 6.212279e-14 
-2.512563e-01 9.998400e-01 1.600372e-04 7.181134e-09 1.052907e-13 
-7.537688e-02 9.998092e-01 1.908055e-04 1.020814e-08 1.784543e-13 
1.005025e-01 9.997725e-01 2.274880e-04 1.451101e-08 3.024555e-13 
2.763819e-01 9.997288e-01 2.712207e-04 2.062744e-08 5.126168e-13 
4.522613e-01 9.996766e-01 3.233581e-04 2.932174e-08 8.688015e-13 
6.281407e-01 9.996144e-01 3.855140e-04 4.168018e-08 1.472461e-12 
8.040201e-01 9.995403e-01 4.596120e-04 5.924671e-08 2.495526e-12 
9.798995e-01 9.994520e-01 5.479443e-04 8.421564e-08 4.229354e-12 
1.155779e+00 9.993466e-01 6.532420e-04 1.197054e-07 7.167680e-12 
1.331658e+00 9.992211e-01 7.787588e-04 1.701478e-07 1.214715e-11 
1.507538e+00 9.990714e-01 9.283706e-04 2.418400e-07 2.058542e-11 
1.683417e+00 9.988930e-01 1.106693e-03 3.437300e-07 3.488450e-11 
1.859296e+00 9.986803e-01 1.319223e-03 4.885307e-07 5.911400e-11 
2.035176e+00 9.984268e-01 1.572503e-03 6.943021e-07 1.001683e-10 
2.211055e+00 9.981247e-01 1.874319e-03 9.866974e-07 1.697264e-10 
2.386935e+00 9.977647e-01 2.233933e-03 1.402149e-06 2.875696e-10 
2.562814e+00 9.973356e-01 2.662361e-03 1.992390e-06 4.871993e-10 
2.738693e+00 9.968245e-01 3.172691e-03 2.830861e-06 8.253427e-10 
2.914573e+00 9.962155e-01 3.780470e-03 4.021796e-06 1.398039e-09 
3.090452e+00 9.954901e-01 4.504150e-03 5.713084e-06 2.367845e-09 
3.266332e+00 9.946263e-01 5.365612e-03 8.114477e-06 4.009836e-09 
3.442211e+00 9.935977e-01 6.390773e-03 1.152333e-05 6.789341e-09 
3.618090e+00 9.923733e-01 7.610293e-03 1.636099e-05 1.149324e-08 
3.793970e+00 9.909164e-01 9.060387e-03 2.322407e-05 1.945157e-08 
3.969849e+00 9.891833e-01 1.078375e-02 3.295679e-05 3.291129e-08 
4.145729e+00 9.871226e-01 1.283062e-02 4.675265e-05 5.566594e-08 
4.321608e+00 9.846737e-01 1.525993e-02 6.629707e-05 9.411550e-08 
4.497487e+00 9.817653e-01 1.814058e-02 9.396726e-05 1.590475e-07 
4.673367e+00 9.783137e-01 2.155287e-02 1.331110e-04 2.686258e-07 
4.849246e+00 9.742212e-01 2.558987e-02 1.884345e-04 4.533958e-07 
5.025126e+00 9.693739e-01 3.035884e-02 2.665391e-04 7.646480e-07 
5.201005e+00 9.636395e-01 3.598255e-02 3.766614e-04 1.288354e-06 
5.376884e+00 9.568659e-01 4.260022e-02 5.316851e-04 2.168313e-06 
5.552764e+00 9.488788e-01 5.036803e-02 7.495163e-04 3.644450e-06 
5.728643e+00 9.394803e-01 5.945869e-02 1.054933e-03 6.115885e-06 
5.904523e+00 9.284479e-01 7.005977e-02 1.482046e-03 1.024424e-05 
6.080402e+00 9.155352e-01 8.237011e-02 2.077524e-03 1.712172e-05 
6.256281e+00 9.004730e-01 9.659369e-02 2.904749e-03 2.854259e-05 
6.432161e+00 8.829736e-01 1.129300e-01 4.049044e-03 4.743739e-05 
6.608040e+00 8.627375e-01 1.315599e-01 5.624066e-03 7.856011e-05 
6.783920e+00 8.394644e-01 1.526268e-01 7.779307e-03 1.295615e-04 
6.959799e+00 8.128683e-01 1.762106e-01 1.070843e-02 2.126397e-04 
7.135678e+00 7.826982e-01 2.022971e-01 1.465773e-02 3.470314e-04 
7.311558e+00 7.487635e-01 2.307403e-01 1.993352e-02 5.626904e-04 
7.487437e+00 7.109655e-01 2.612226e-01 2.690635e-02 9.055735e-04 
7.663317e+00 6.693306e-01 2.932151e-01 3.600923e-02 1.444995e-03 
7.839196e+00 6.240449e-01 3.259455e-01 4.772610e-02 2.283451e-03 
8.015075e+00 5.754834e-01 3.583813e-01 6.256620e-02 3.569103e-03 
8.190955e+00 5.242291e-01 3.892397e-01 8.102052e-02 5.510586e-03 
8.366834e+00 4.710760e-01 4.170330e-01 1.034980e-01 8.393014e-03 
8.542714e+00 4.170081e-01 4.401568e-01 1.302423e-01 1.259279e-02 
8.718593e+00 3.631537e-01 4.570218e-01 1.612371e-01 1.858738e-02 
8.894472e+00 3.107140e-01 4.662198e-01 1.961112e-01 2.695497e-02 
9.070352e+00 2.608726e-01 4.667042e-01 2.340652e-01 3.835808e-02 
9.246231e+00 2.146968e-01 4.579545e-01 2.738425e-01 5.350623e-02 
9.422111e+00 1.730467e-01 4.400919e-01 3.137657e-01 7.309578e-02 
9.597990e+00 1.365049e-01 4.139155e-01 3.518497e-01 9.772992e-02 
9.773869e+00 1.053411e-01 3.808422e-01 3.859882e-01 1.278285e-01 
9.949749e+00 7.951569e-02 3.427546e-01 4.141863e-01 1.635434e-01 
1.012563e+01 5.871927e-02 3.017829e-01 4.348009e-01 2.046969e-01 
1.030151e+01 4.244019e-02 2.600607e-01 4.467392e-01 2.507600e-01 
1.047739e+01 3.004408e-02 2.195027e-01 4.495754e-01 3.008778e-01 
1.065327e+01 2.085204e-02 1.816406e-01 4.435669e-01 3.539405e-01 
1.082915e+01 1.420552e-02 1.475384e-01 4.295707e-01 4.086854e-01 
1.100503e+01 9.511765e-03 1.177856e-01 4.088890e-01 4.638136e-01 
1.118090e+01 6.268717e-03 9.255361e-02 3.830804e-01 5.180973e-01 
1.135678e+01 4.072368e-03 7.168779e-02 3.537734e-01 5.704664e-01 
1.153266e+01 2.611573e-03 5.481301e-02 3.225129e-01 6.200625e-01 
1.170854e+01 1.655621e-03 4.143106e-02 2.906518e-01 6.662615e-01 
1.188442e+01 1.038986e-03 3.099975e-02 2.592917e-01 7.086696e-01 
1.206030e+01 6.462395e-04 2.298929e-02 2.292658e-01 7.470987e-01 
1.223618e+01 3.988521e-04 1.691715e-02 2.011521e-01 7.815319e-01 
1.241206e+01 2.445209e-04 1.236559e-02 1.753055e-01 8.120844e-01 
1.258794e+01 1.490420e-04 8.986506e-03 1.518990e-01 8.389654e-01 
1.276382e+01 9.039524e-05 6.498473e-03 1.309661e-01 8.624450e-01 
1.293970e+01 5.459327e-05 4.679380e-03 1.124396e-01 8.828264e-01 
1.311558e+01 3.285193e-05 3.357326e-03 9.618514e-02 9.004247e-01 
1.329146e+01 1.970815e-05 2.401386e-03 8.202757e-02 9.155513e-01 
1.346734e+01 1.179224e-05 1.713152e-03 6.977138e-02 9.285037e-01 
1.364322e+01 7.040217e-06 1.219464e-03 5.921530e-02 9.395582e-01 
1.381910e+01 4.195301e-06 8.664223e-04 5.016236e-02 9.489670e-01 
1.399497e+01 2.496053e-06 6.146159e-04 4.242634e-02 9.569565e-01 
1.417085e+01 1.483083e-06 4.354106e-04 3.583556e-02 9.637275e-01 
1.434673e+01 8.802159e-07 3.081102e-04 3.023463e-02 9.694564e-01 
1.452261e+01 5.219175e-07 2.178222e-04 2.548498e-02 9.742967e-01 
1.469849e+01 3.092206e-07 1.538694e-04 2.146435e-02 9.783815e-01 
1.487437e+01 1.830813e-07 1.086204e-04 1.806593e-02 9.818253e-01 
1.505025e+01 1.083366e-07 7.663474e-05 1.519701e-02 9.847262e-01 
1.522613e+01 6.407673e-08 5.404238e-05 1.277763e-02 9.871683e-01 
1.540201e+01 3.788375e-08 3.809522e-05 1.073915e-02 9.892227e-01 
1.557789e+01 2.239032e-08 2.684487e-05 9.022859e-03 9.909503e-01 
1.575377e+01 1.322958e-08 1.891169e-05 7.578733e-03 9.924023e-01 
1.592965e+01 7.815003e-09 1.331978e-05 6.364243e-03 9.936224e-01 
1.610553e+01 4.615582e-09 9.379460e-06 5.343318e-03 9.946473e-01 
1.628141e+01 2.725535e-09 6.603689e-06 4.485421e-03 9.955080e-01 
1.645729e+01 1.609224e-09 4.648735e-06 3.764739e-03 9.962306e-01 
1.663317e+01 9.500153e-10 3.272143e-06 3.159482e-03 9.968372e-01 
1.680905e+01 5.607923e-10 2.302964e-06 2.651271e-03 9.973464e-01 
1.698492e+01 3.310074e-10 1.620714e-06 2.224625e-03 9.977738e-01 
1.716080e+01 1.953635e-10 1.140500e-06 1.866506e-03 9.981324e-01 
1.733668e+01 1.152986e-10 8.025266e-07 1.565946e-03 9.984333e-01 
1.751256e+01 6.804299e-11 5.646799e-07 1.313721e-03 9.986857e-01 
1.768844e+01 4.015366e-11 3.973082e-07 1.102077e-03 9.988975e-01 
1.786432e+01 2.369475e-11 2.795361e-07 9.244972e-04 9.990752e-01 
1.804020e+01 1.398191e-11 1.966689e-07 7.755092e-04 9.992243e-01 
1.821608e+01 8.250314e-12 1.383640e-07 6.505158e-04 9.993493e-01 
1.839196e+01 4.868170e-12 9.734237e-08 5.456573e-04 9.994542e-01 
1.856784e+01 2.872457e-12 6.848150e-08 4.576935e-04 9.995422e-01 
1.874372e+01 1.694866e-12 4.817685e-08 3.839047e-04 9.996160e-01 
1.891960e+01 1.000027e-12 3.389209e-08 3.220081e-04 9.996780e-01 
1.909548e+01 5.900435e-13 2.384263e-08 2.700884e-04 9.997299e-01 
1.927136e+01 3.481390e-13 1.677282e-08 2.265382e-04 9.997734e-01 
1.944724e+01 2.054084e-13 1.179927e-08 1.900088e-04 9.998100e-01 
1.962312e+01 1.211940e-13 8.300447e-09 1.593689e-04 9.998406e-01 
1.979899e+01 7.150590e-14 5.839097e-09 1.336692e-04 9.998663e-01 
1.997487e+01 4.218916e-14 4.107600e-09 1.121133e-04 9.998879e-01 
2.015075e+01 2.489192e-14 2.889543e-09 9.403331e-05 9.999060e-01 
2.032663e+01 1.468638e-14 2.032679e-09 7.886873e-05 9.999211e-01 
2.050251e+01 8.665025e-15 1.429906e-09 6.614955e-05 9.999338e-01 
2.067839e+01 5.112391e-15 1.005878e-09 5.548149e-05 9.999445e-01 
2.085427e+01 3.016321e-15 7.075908e-10 4.653380e-05 9.999535e-01 
2.103015e+01 1.779633e-15 4.977583e-10 3.902908e-05 9.999610e-01 
2.120603e+01 1.049985e-15 3.501502e-10 3.273464e-05 9.999673e-01 
2.138191e+01 6.194908e-16 2.463144e-10 2.745532e-05 9.999725e-01 
2.155779e+01 3.654992e-16 1.732705e-10 2.302740e-05 9.999770e-01 
2.173367e+01 2.156441e-16 1.218876e-10 1.931359e-05 9.999807e-01 
2.190955e+01 1.272297e-16 8.574206e-11 1.619873e-05 9.999838e-01 
2.208543e+01 7.506534e-17 6.031539e-11 1.358622e-05 9.999864e-01 
2.226131e+01 4.428841e-17 4.242894e-11 1.139505e-05 9.999886e-01 
2.243719e+01 2.613006e-17 2.984668e-11 9.557263e-06 9.999904e-01 
2.261307e+01 1.541668e-17 2.099568e-11 8.015871e-06 9.999920e-01 
2.278894e+01 9.095802e-18 1.476942e-11 6.723073e-06 9.999933e-01 
2.296482e+01 5.366500e-18 1.038956e-11 5.638776e-06 9.999944e-01 
2.314070e+01 3.166221e-18 7.308539e-12 4.729354e-06 9.999953e-01 
2.331658e+01 1.868061e-18 5.141194e-12 3.966603e-06 9.999960e-01 
2.349246e+01 1.102151e-18 3.616574e-12 3.326868e-06 9.999967e-01 
2.366834e+01 6.502658e-19 2.544080e-12 2.790309e-06 9.999972e-01 
2.384422e+01 3.836549e-19 1.789633e-12 2.340287e-06 9.999977e-01 
2.402010e+01 2.263553e-19 1.258917e-12 1.962844e-06 9.999980e-01 
2.419598e+01 1.335489e-19 8.855855e-13 1.646275e-06 9.999984e-01 
2.437186e+01 7.879345e-20 6.229651e-13 1.380763e-06 9.999986e-01 
2.454774e+01 4.648789e-20 4.382247e-13 1.158073e-06 9.999988e-01 
2.472362e+01 2.742771e-20 3.082692e-13 9.712977e-07 9.999990e-01 
2.489950e+01 1.618227e-20 2.168519e-13 8.146461e-07 9.999992e-01 
2.507538e+01 9.547486e-21 1.525444e-13 6.832594e-07 9.999993e-01 
2.525126e+01 5.632987e-21 1.073074e-13 5.730628e-07 9.999994e-01 
2.542714e+01 3.323444e-21 7.548535e-14 4.806388e-07 9.999995e-01 
2.560302e+01 1.960822e-21 5.310016e-14 4.031210e-07 9.999996e-01 
2.577889e+01 1.156878e-21 3.735330e-14 3.381053e-07 9.999997e-01 
2.595477e+01 6.825546e-22 2.627617e-14 2.835754e-07 9.999997e-01 
2.613065e+01 4.027051e-22 1.848397e-14 2.378401e-07 9.999998e-01 
2.630653e+01 2.375947e-22 1.300254e-14 1.994811e-07 9.999998e-01 
2.648241e+01 1.401801e-22 9.146636e-15 1.673086e-07 9.999998e-01 
2.665829e+01 8.270582e-23 6.434199e-15 1.403249e-07 9.999999e-01 
2.683417e+01 4.879617e-23 4.526136e-15 1.176932e-07 9.999999e-01 
2.701005e+01 2.878958e-23 3.183909e-15 9.871153e-08 9.999999e-01 
2.718593e+01 1.698576e-23 2.239720e-15 8.279125e-08 9.999999e-01 
2.736181e+01 1.002154e-23 1.575531e-15 6.943861e-08 9.999999e-01 
2.753769e+01 5.912679e-24 1.108307e-15 5.823949e-08 9.999999e-01 
2.771357e+01 3.488462e-24 7.796382e-16 4.884657e-08 1.000000e+00 
2.788945e+01 2.058181e-24 5.484363e-16 4.096856e-08 1.000000e+00 
2.806533e+01 1.214320e-24 3.857974e-16 3.436111e-08 1.000000e+00 
2.824121e+01 7.164451e-25 2.713891e-16 2.881932e-08 1.000000e+00 
2.841709e+01 4.227003e-25 1.909086e-16 2.417132e-08 1.000000e+00 
2.859296e+01 2.493918e-25 1.342946e-16 2.027295e-08 1.000000e+00 
2.876884e+01 1.471404e-25 9.446952e-17 1.700331e-08 1.000000e+00 
2.894472e+01 8.681235e-26 6.645456e-17 1.426100e-08 1.000000e+00 
2.912060e+01 5.121901e-26 4.674745e-17 1.196097e-08 1.000000e+00 
2.929648e+01 3.021905e-26 3.288448e-17 1.003190e-08 1.000000e+00 
2.947236e+01 1.782914e-26 2.313258e-17 8.413944e-09 1.000000e+00 
2.964824e+01 1.051914e-26 1.627261e-17 7.056936e-09 1.000000e+00 
2.982412e+01 6.206257e-27 1.144696e-17 5.918787e-09 1.000000e+00 
3.000000e+01 3.661671e-27 8.052364e-18 4.964200e-09 1.000000e+00 
