#E                   6            7            8 
-5.000000e+00 9.999997e-01 3.036614e-07 2.310609e-14 
-4.824121e+00 9.999996e-01 3.620537e-07 3.284682e-14 
-4.648241e+00 9.999996e-01 4.316745e-07 4.669391e-14 
-4.472362e+00 9.999995e-01 5.146830e-07 6.637845e-14 
-4.296482e+00 9.999994e-01 6.136535e-07 9.436132e-14 
-4.120603e+00 9.999993e-01 7.316555e-07 1.341408e-13 
-3.944724e+00 9.999991e-01 8.723485e-07 1.906899e-13 
-3.768844e+00 9.999990e-01 1.040096e-06 2.710782e-13 
-3.592965e+00 9.999988e-01 1.240100e-06 3.853553e-13 
-3.417085e+00 9.999985e-01 1.478564e-06 5.478077e-13 
-3.241206e+00 9.999982e-01 1.762883e-06 7.787444e-13 
-3.065327e+00 9.999979e-01 2.101874e-06 1.107036e-12 
-2.889447e+00 9.999975e-01 2.506052e-06 1.573723e-12 
-2.713568e+00 9.999970e-01 2.987950e-06 2.237150e-12 
-2.537688e+00 9.999964e-01 3.562513e-06 3.180254e-12 
-2.361809e+00 9.999958e-01 4.247561e-06 4.520936e-12 
-2.185930e+00 9.999949e-01 5.064338e-06 6.426802e-12 
-2.010050e+00 9.999940e-01 6.038176e-06 9.136111e-12 
-1.834171e+00 9.999928e-01 7.199274e-06 1.298757e-11 
-1.658291e+00 9.999914e-01 8.583641e-06 1.846265e-11 
-1.482412e+00 9.999898e-01 1.023421e-05 2.624583e-11 
-1.306533e+00 9.999878e-01 1.220216e-05 3.731009e-11 
-1.130653e+00 9.999855e-01 1.454854e-05 5.303862e-11 
-9.547739e-01 9.999827e-01 1.734609e-05 7.539766e-11 
-7.788945e-01 9.999793e-01 2.068157e-05 1.071824e-10 
-6.030151e-01 9.999753e-01 2.465842e-05 1.523662e-10 
-4.271357e-01 9.999706e-01 2.939995e-05 2.165975e-10 
-2.512563e-01 9.999649e-01 3.505320e-05 3.079058e-10 
-7.537688e-02 9.999582e-01 4.179345e-05 4.377053e-10 
1.005025e-01 9.999502e-01 4.982968e-05 6.222218e-10 
2.763819e-01 9.999406e-01 5.941108e-05 8.845206e-10 
4.522613e-01 9.999292e-01 7.083468e-05 1.257390e-09 
6.281407e-01 9.999155e-01 8.445463e-05 1.787438e-09 
8.040201e-01 9.998993e-01 1.006931e-04 2.540918e-09 
9.798995e-01 9.998799e-01 1.200535e-04 3.612012e-09 
1.155779e+00 9.998569e-01 1.431358e-04 5.134594e-09 
1.331658e+00 9.998293e-01 1.706553e-04 7.298961e-09 
1.507538e+00 9.997965e-01 2.034647e-04 1.037561e-08 
1.683417e+00 9.997574e-01 2.425803e-04 1.474903e-08 
1.859296e+00 9.997108e-01 2.892136e-04 2.096574e-08 
2.035176e+00 9.996552e-01 3.448085e-04 2.980252e-08 
2.211055e+00 9.995889e-01 4.110859e-04 4.236343e-08 
2.386935e+00 9.995098e-01 4.900966e-04 6.021763e-08 
2.562814e+00 9.994156e-01 5.842843e-04 8.559524e-08 
2.738693e+00 9.993033e-01 6.965606e-04 1.216656e-07 
2.914573e+00 9.991694e-01 8.303939e-04 1.729324e-07 
3.090452e+00 9.990098e-01 9.899157e-04 2.457955e-07 
3.266332e+00 9.988196e-01 1.180046e-03 3.493479e-07 
3.442211e+00 9.985929e-01 1.406643e-03 4.965082e-07 
3.618090e+00 9.983226e-01 1.676678e-03 7.056280e-07 
3.793970e+00 9.980005e-01 1.998449e-03 1.002773e-06 
3.969849e+00 9.976168e-01 2.381823e-03 1.424959e-06 
4.145729e+00 9.971594e-01 2.838532e-03 2.024744e-06 
4.321608e+00 9.966146e-01 3.382516e-03 2.876734e-06 
4.497487e+00 9.959656e-01 4.030328e-03 4.086803e-06 
4.673367e+00 9.951926e-01 4.801607e-03 5.805150e-06 
4.849246e+00 9.942721e-01 5.719634e-03 8.244769e-06 
5.025126e+00 9.931763e-01 6.811971e-03 1.170756e-05 
5.201005e+00 9.918722e-01 8.111209e-03 1.662121e-05 
5.376884e+00 9.903206e-01 9.655819e-03 2.359118e-05 
5.552764e+00 9.884754e-01 1.149113e-02 3.347393e-05 
5.728643e+00 9.862821e-01 1.367041e-02 4.747980e-05 
5.904523e+00 9.836766e-01 1.625609e-02 6.731735e-05 
6.080402e+00 9.805835e-01 1.932109e-02 9.539511e-05 
6.256281e+00 9.769147e-01 2.295024e-02 1.351030e-04 
6.432161e+00 9.725671e-01 2.724166e-02 1.912031e-04 
6.608040e+00 9.674214e-01 3.230823e-02 2.703697e-04 
6.783920e+00 9.613393e-01 3.827874e-02 3.819318e-04 
6.959799e+00 9.541623e-01 4.529880e-02 5.388878e-04 
7.135678e+00 9.457097e-01 5.353104e-02 7.592780e-04 
7.311558e+00 9.357775e-01 6.315444e-02 1.068028e-03 
7.487437e+00 9.241385e-01 7.436213e-02 1.499387e-03 
7.663317e+00 9.105427e-01 8.735716e-02 2.100119e-03 
7.839196e+00 8.947208e-01 1.023456e-01 2.933581e-03 
8.015075e+00 8.763892e-01 1.195259e-01 4.084835e-03 
8.190955e+00 8.552591e-01 1.390741e-01 5.666855e-03 
8.366834e+00 8.310489e-01 1.611234e-01 7.827766e-03 
8.542714e+00 8.035024e-01 1.857388e-01 1.075884e-02 
8.718593e+00 7.724112e-01 2.128862e-01 1.470258e-02 
8.894472e+00 7.376425e-01 2.423976e-01 1.995988e-02 
9.070352e+00 6.991700e-01 2.739357e-01 2.689439e-02 
9.246231e+00 6.571060e-01 3.069620e-01 3.593199e-02 
9.422111e+00 6.117310e-01 3.407165e-01 4.755248e-02 
9.597990e+00 5.635143e-01 3.742149e-01 6.227081e-02 
9.773869e+00 5.131204e-01 4.062739e-01 8.060571e-02 
9.949749e+00 4.613958e-01 4.355687e-01 1.030355e-01 
1.012563e+01 4.093314e-01 4.607248e-01 1.299438e-01 
1.030151e+01 3.580029e-01 4.804371e-01 1.615600e-01 
1.047739e+01 3.084920e-01 4.936025e-01 1.979056e-01 
1.065327e+01 2.618006e-01 4.994448e-01 2.387546e-01 
1.082915e+01 2.187704e-01 4.976098e-01 2.836198e-01 
1.100503e+01 1.800206e-01 4.882093e-01 3.317700e-01 
1.118090e+01 1.459143e-01 4.718076e-01 3.822781e-01 
1.135678e+01 1.165560e-01 4.493506e-01 4.340935e-01 
1.153266e+01 9.181929e-02 4.220540e-01 4.861267e-01 
1.170854e+01 7.139398e-02 3.912724e-01 5.373337e-01 
1.188442e+01 5.484416e-02 3.583698e-01 5.867860e-01 
1.206030e+01 4.166599e-02 3.246132e-01 6.337208e-01 
1.223618e+01 3.133780e-02 2.910961e-01 6.775661e-01 
1.241206e+01 2.335827e-02 2.586974e-01 7.179443e-01 
1.258794e+01 1.727163e-02 2.280700e-01 7.546583e-01 
1.276382e+01 1.268113e-02 1.996532e-01 7.876656e-01 
1.293970e+01 9.253296e-03 1.736994e-01 8.170474e-01 
1.311558e+01 6.715797e-03 1.503082e-01 8.429760e-01 
1.329146e+01 4.851497e-03 1.294626e-01 8.656859e-01 
1.346734e+01 3.490692e-03 1.110615e-01 8.854478e-01 
1.364322e+01 2.502950e-03 9.494843e-02 9.025486e-01 
1.381910e+01 1.789430e-03 8.093452e-02 9.172761e-01 
1.399497e+01 1.276109e-03 6.881611e-02 9.299078e-01 
1.417085e+01 9.081008e-04 5.838751e-02 9.407044e-01 
1.434673e+01 6.450514e-04 4.944970e-02 9.499052e-01 
1.452261e+01 4.574974e-04 4.181590e-02 9.577266e-01 
1.469849e+01 3.240559e-04 3.531475e-02 9.643612e-01 
1.487437e+01 2.292850e-04 2.979170e-02 9.699790e-01 
1.505025e+01 1.620803e-04 2.510922e-02 9.747287e-01 
1.522613e+01 1.144845e-04 2.114624e-02 9.787393e-01 
1.540201e+01 8.081241e-05 1.779706e-02 9.821221e-01 
1.557789e+01 5.701249e-05 1.497006e-02 9.849729e-01 
1.575377e+01 4.020317e-05 1.258628e-02 9.873735e-01 
1.592965e+01 2.833877e-05 1.057795e-02 9.893937e-01 
1.610553e+01 1.996914e-05 8.887164e-03 9.910929e-01 
1.628141e+01 1.406753e-05 7.464578e-03 9.925214e-01 
1.645729e+01 9.907772e-06 6.268257e-03 9.937218e-01 
1.663317e+01 6.976694e-06 5.262643e-03 9.947304e-01 
1.680905e+01 4.911933e-06 4.417638e-03 9.955775e-01 
1.698492e+01 3.457767e-06 3.707804e-03 9.962887e-01 
1.716080e+01 2.433823e-06 3.111670e-03 9.968859e-01 
1.733668e+01 1.712933e-06 2.611130e-03 9.973872e-01 
1.751256e+01 1.205471e-06 2.190928e-03 9.978079e-01 
1.768844e+01 8.482882e-07 1.838224e-03 9.981609e-01 
1.786432e+01 5.969052e-07 1.542211e-03 9.984572e-01 
1.804020e+01 4.199974e-07 1.293804e-03 9.987058e-01 
1.821608e+01 2.955088e-07 1.085365e-03 9.989143e-01 
1.839196e+01 2.079120e-07 9.104756e-04 9.990893e-01 
1.856784e+01 1.462771e-07 7.637455e-04 9.992361e-01 
1.874372e+01 1.029113e-07 6.406469e-04 9.993593e-01 
1.891960e+01 7.240041e-08 5.373783e-04 9.994625e-01 
1.909548e+01 5.093447e-08 4.507486e-04 9.995492e-01 
1.927136e+01 3.583245e-08 3.780789e-04 9.996219e-01 
1.944724e+01 2.520786e-08 3.171214e-04 9.996829e-01 
1.962312e+01 1.773337e-08 2.659894e-04 9.997340e-01 
1.979899e+01 1.247507e-08 2.230999e-04 9.997769e-01 
1.997487e+01 8.775903e-09 1.871249e-04 9.998129e-01 
2.015075e+01 6.173593e-09 1.569500e-04 9.998430e-01 
2.032663e+01 4.342923e-09 1.316403e-04 9.998684e-01 
2.050251e+01 3.055093e-09 1.104116e-04 9.998896e-01 
2.067839e+01 2.149143e-09 9.260595e-05 9.999074e-01 
2.085427e+01 1.511837e-09 7.767154e-05 9.999223e-01 
2.103015e+01 1.063514e-09 6.514542e-05 9.999349e-01 
2.120603e+01 7.481369e-10 5.463929e-05 9.999454e-01 
2.138191e+01 5.262813e-10 4.582742e-05 9.999542e-01 
2.155779e+01 3.702152e-10 3.843662e-05 9.999616e-01 
2.173367e+01 2.604294e-10 3.223773e-05 9.999678e-01 
2.190955e+01 1.832000e-10 2.703854e-05 9.999730e-01 
2.208543e+01 1.288725e-10 2.267784e-05 9.999773e-01 
2.226131e+01 9.065570e-11 1.902041e-05 9.999810e-01 
2.243719e+01 6.377193e-11 1.595283e-05 9.999840e-01 
2.261307e+01 4.486046e-11 1.337998e-05 9.999866e-01 
2.278894e+01 3.155715e-11 1.122207e-05 9.999888e-01 
2.296482e+01 2.219891e-11 9.412178e-06 9.999906e-01 
2.314070e+01 1.561584e-11 7.894186e-06 9.999921e-01 
2.331658e+01 1.098497e-11 6.621013e-06 9.999934e-01 
2.349246e+01 7.727386e-12 5.553176e-06 9.999944e-01 
2.366834e+01 5.435833e-12 4.657559e-06 9.999953e-01 
2.384422e+01 3.823838e-12 3.906387e-06 9.999961e-01 
2.402010e+01 2.689880e-12 3.276364e-06 9.999967e-01 
2.419598e+01 1.892196e-12 2.747950e-06 9.999973e-01 
2.437186e+01 1.331066e-12 2.304760e-06 9.999977e-01 
2.454774e+01 9.363383e-13 1.933047e-06 9.999981e-01 
2.472362e+01 6.586672e-13 1.621284e-06 9.999984e-01 
2.489950e+01 4.633394e-13 1.359802e-06 9.999986e-01 
2.507538e+01 3.259361e-13 1.140492e-06 9.999989e-01 
2.525126e+01 2.292797e-13 9.565528e-07 9.999990e-01 
2.542714e+01 1.612868e-13 8.022793e-07 9.999992e-01 
2.560302e+01 1.134572e-13 6.728870e-07 9.999993e-01 
2.577889e+01 7.981142e-14 5.643633e-07 9.999994e-01 
2.595477e+01 5.614333e-14 4.733423e-07 9.999995e-01 
2.613065e+01 3.949402e-14 3.970013e-07 9.999996e-01 
2.630653e+01 2.778206e-14 3.329726e-07 9.999997e-01 
2.648241e+01 1.954328e-14 2.792705e-07 9.999997e-01 
2.665829e+01 1.374772e-14 2.342295e-07 9.999998e-01 
2.683417e+01 9.670831e-15 1.964528e-07 9.999998e-01 
2.701005e+01 6.802944e-15 1.647687e-07 9.999998e-01 
2.718593e+01 4.785530e-15 1.381947e-07 9.999999e-01 
2.736181e+01 3.366380e-15 1.159065e-07 9.999999e-01 
2.753769e+01 2.368079e-15 9.721302e-08 9.999999e-01 
2.771357e+01 1.665825e-15 8.153442e-08 9.999999e-01 
2.788945e+01 1.171824e-15 6.838448e-08 9.999999e-01 
2.806533e+01 8.243194e-16 5.735537e-08 9.999999e-01 
2.824121e+01 5.798673e-16 4.810505e-08 1.000000e+00 
2.841709e+01 4.079075e-16 4.034663e-08 1.000000e+00 
2.859296e+01 2.869425e-16 3.383949e-08 1.000000e+00 
2.876884e+01 2.018496e-16 2.838183e-08 1.000000e+00 
2.894472e+01 1.419911e-16 2.380438e-08 1.000000e+00 
2.912060e+01 9.988359e-17 1.996519e-08 1.000000e+00 
2.929648e+01 7.026309e-17 1.674519e-08 1.000000e+00 
2.947236e+01 4.942655e-17 1.404451e-08 1.000000e+00 
2.964824e+01 3.476910e-17 1.177940e-08 1.000000e+00 
2.982412e+01 2.445831e-17 9.879606e-09 1.000000e+00 
3.000000e+01 1.720520e-17 8.286214e-09 1.000000e+00 
