#E                   3            4            5            6            7            8 
-5.000000e+00 9.999843e-01 1.574129e-05 7.395541e-11 1.169841e-16 7.240452e-23 6.837015e-30 
-4.824121e+00 9.999812e-01 1.876819e-05 1.051322e-10 1.982787e-16 1.463181e-22 1.647337e-29 
-4.648241e+00 9.999776e-01 2.237713e-05 1.494517e-10 3.360662e-16 2.956857e-22 3.969156e-29 
-4.472362e+00 9.999733e-01 2.668001e-05 2.124545e-10 5.696044e-16 5.975336e-22 9.563428e-29 
-4.296482e+00 9.999682e-01 3.181025e-05 3.020164e-10 9.654315e-16 1.207519e-21 2.304245e-28 
-4.120603e+00 9.999621e-01 3.792695e-05 4.293336e-10 1.636323e-15 2.440198e-21 5.551920e-28 
-3.944724e+00 9.999548e-01 4.521976e-05 6.103214e-10 2.773424e-15 4.931235e-21 1.337696e-27 
-3.768844e+00 9.999461e-01 5.391479e-05 8.676043e-10 4.700704e-15 9.965193e-21 3.223078e-27 
-3.592965e+00 9.999357e-01 6.428162e-05 1.233344e-09 7.967256e-15 2.013794e-20 7.765752e-27 
-3.417085e+00 9.999234e-01 7.664166e-05 1.753257e-09 1.350373e-14 4.069523e-20 1.871093e-26 
-3.241206e+00 9.999086e-01 9.137807e-05 2.492333e-09 2.288747e-14 8.223768e-20 4.508232e-26 
-3.065327e+00 9.998910e-01 1.089476e-04 3.542953e-09 3.879185e-14 1.661870e-19 1.086215e-25 
-2.889447e+00 9.998701e-01 1.298949e-04 5.036435e-09 6.574787e-14 3.358317e-19 2.617123e-25 
-2.713568e+00 9.998451e-01 1.548691e-04 7.159444e-09 1.114349e-13 6.786482e-19 6.305659e-25 
-2.537688e+00 9.998153e-01 1.846440e-04 1.017732e-08 1.888681e-13 1.371405e-18 1.519269e-24 
-2.361809e+00 9.997798e-01 2.201422e-04 1.446721e-08 3.201058e-13 2.771303e-18 3.660468e-24 
-2.185930e+00 9.997375e-01 2.624632e-04 2.056521e-08 5.425322e-13 5.600146e-18 8.819328e-24 
-2.010050e+00 9.996871e-01 3.129175e-04 2.923333e-08 9.195047e-13 1.131648e-17 2.124863e-23 
-1.834171e+00 9.996269e-01 3.730673e-04 4.155459e-08 1.558397e-12 2.286751e-17 5.119434e-23 
-1.658291e+00 9.995552e-01 4.447741e-04 5.906833e-08 2.641176e-12 4.620847e-17 1.233412e-22 
-1.482412e+00 9.994697e-01 5.302563e-04 8.396233e-08 4.476211e-12 9.337234e-17 2.971585e-22 
-1.306533e+00 9.993677e-01 6.321570e-04 1.193458e-07 7.586066e-12 1.886721e-16 7.159144e-22 
-1.130653e+00 9.992462e-01 7.536255e-04 1.696372e-07 1.285625e-11 3.812315e-16 1.724748e-21 
-9.547739e-01 9.991013e-01 8.984131e-04 2.411155e-07 2.178721e-11 7.702994e-16 4.155085e-21 
-7.788945e-01 9.989287e-01 1.070988e-03 3.427022e-07 3.692129e-11 1.556390e-15 1.000972e-20 
-6.030151e-01 9.987228e-01 1.276669e-03 4.870733e-07 6.256590e-11 3.144580e-15 2.411292e-20 
-4.271357e-01 9.984775e-01 1.521792e-03 6.922366e-07 1.060184e-10 6.353159e-15 5.808452e-20 
-2.512563e-01 9.981851e-01 1.813892e-03 9.837716e-07 1.796406e-10 1.283501e-14 1.399105e-19 
-7.537688e-02 9.978367e-01 2.161938e-03 1.398008e-06 3.043710e-10 2.592857e-14 3.369893e-19 
1.005025e-01 9.974214e-01 2.576594e-03 1.986533e-06 5.156711e-10 5.237591e-14 8.116197e-19 
2.763819e-01 9.969266e-01 3.070534e-03 2.822585e-06 8.735901e-10 1.057913e-13 1.954584e-18 
4.522613e-01 9.963372e-01 3.658815e-03 4.010118e-06 1.479794e-09 2.136618e-13 4.706681e-18 
6.281407e-01 9.956350e-01 4.359310e-03 5.696628e-06 2.506371e-09 4.314738e-13 1.133250e-17 
8.040201e-01 9.947987e-01 5.193214e-03 8.091328e-06 4.244541e-09 8.712109e-13 2.728212e-17 
9.798995e-01 9.938029e-01 6.185642e-03 1.149084e-05 7.186975e-09 1.758823e-12 6.566900e-17 
1.155779e+00 9.926174e-01 7.366307e-03 1.631550e-05 1.216685e-08 3.550075e-12 1.580372e-16 
1.331658e+00 9.912065e-01 8.770322e-03 2.316058e-05 2.059258e-08 7.163968e-12 3.802409e-16 
1.507538e+00 9.895280e-01 1.043910e-02 3.286853e-05 3.484376e-08 1.445278e-11 9.146186e-16 
1.683417e+00 9.875319e-01 1.242137e-02 4.663052e-05 5.893842e-08 2.914797e-11 2.199279e-15 
1.859296e+00 9.851594e-01 1.477435e-02 6.612909e-05 9.965617e-08 5.876212e-11 5.286314e-15 
2.035176e+00 9.823411e-01 1.756498e-02 9.373791e-05 1.684265e-07 1.184096e-10 1.270065e-14 
2.211055e+00 9.789956e-01 2.087130e-02 1.328008e-04 2.844980e-07 2.384730e-10 3.049732e-14 
2.386935e+00 9.750276e-01 2.478387e-02 1.880198e-04 4.802481e-07 4.799647e-10 7.318383e-14 
2.562814e+00 9.703260e-01 2.940717e-02 2.659937e-04 8.100593e-07 9.652590e-10 1.754822e-13 
2.738693e+00 9.647617e-01 3.486094e-02 3.759591e-04 1.365116e-06 1.939456e-09 4.203904e-13 
2.914573e+00 9.581857e-01 4.128119e-02 5.308076e-04 2.297997e-06 3.892633e-09 1.006004e-12 
3.090452e+00 9.504269e-01 4.882077e-02 7.484677e-04 3.863393e-06 7.802725e-09 2.404285e-12 
3.266332e+00 9.412906e-01 5.764917e-02 1.053768e-03 6.485213e-06 1.561655e-08 5.737309e-12 
3.442211e+00 9.305572e-01 6.795101e-02 1.480919e-03 1.086661e-05 3.119883e-08 1.366611e-11 
3.618090e+00 9.179822e-01 7.992277e-02 2.076774e-03 1.816919e-05 6.219612e-08 3.248279e-11 
3.793970e+00 9.032974e-01 9.376710e-02 2.905044e-03 3.030277e-05 1.236783e-07 7.701354e-11 
3.969849e+00 8.862141e-01 1.096836e-01 4.051609e-03 5.038957e-05 2.452084e-07 1.820506e-10 
4.145729e+00 8.664294e-01 1.278556e-01 5.631044e-03 8.349981e-05 4.844663e-07 4.288486e-10 
4.321608e+00 8.436358e-01 1.484312e-01 7.794310e-03 1.378027e-04 9.532772e-07 1.006104e-09 
4.497487e+00 8.175359e-01 1.714985e-01 1.073733e-02 2.263392e-04 1.866830e-06 2.349158e-09 
4.673367e+00 7.878620e-01 1.970549e-01 1.470980e-02 3.697035e-04 3.635649e-06 5.454723e-09 
4.849246e+00 7.544011e-01 2.249690e-01 2.002284e-02 6.000066e-04 7.035062e-06 1.258468e-08 
5.025126e+00 7.170259e-01 2.549404e-01 2.705360e-02 9.665824e-04 1.351246e-05 2.881986e-08 
5.201005e+00 6.757293e-01 2.864574e-01 3.624349e-02 1.543929e-03 2.573392e-05 6.544058e-08 
5.376884e+00 6.306608e-01 3.187621e-01 4.808614e-02 2.442309e-03 4.853588e-05 1.471592e-07 
5.552764e+00 5.821585e-01 3.508290e-01 6.310042e-02 3.821170e-03 9.054034e-05 3.273031e-07 
5.728643e+00 5.307735e-01 3.813703e-01 8.178376e-02 5.904929e-03 1.668184e-04 7.190106e-07 
5.904523e+00 4.772768e-01 4.088758e-01 1.045430e-01 8.999661e-03 3.031369e-04 1.557807e-06 
6.080402e+00 4.226449e-01 4.316982e-01 1.316035e-01 1.350771e-02 5.424727e-04 3.323810e-06 
6.256281e+00 3.680172e-01 4.481838e-01 1.629021e-01 1.993539e-02 9.545621e-04 6.973423e-06 
6.432161e+00 3.146266e-01 4.568430e-01 1.979798e-01 2.888700e-02 1.649170e-03 1.436450e-05 
6.608040e+00 2.637078e-01 4.565391e-01 2.358932e-01 4.103745e-02 2.793359e-03 2.900918e-05 
6.783920e+00 2.163944e-01 4.466675e-01 2.751726e-01 5.707600e-02 4.632159e-03 5.735557e-05 
6.959799e+00 1.736200e-01 4.272888e-01 3.138527e-01 7.761714e-02 7.510537e-03 1.108783e-04 
7.135678e+00 1.360406e-01 3.991847e-01 3.495922e-01 1.030806e-01 1.189252e-02 2.093306e-04 
7.311558e+00 1.039902e-01 3.638156e-01 3.798854e-01 1.335523e-01 1.837095e-02 3.855441e-04 
7.487437e+00 7.747674e-02 3.231793e-01 4.023447e-01 1.686477e-01 2.765948e-02 6.921019e-04 
7.663317e+00 5.621715e-02 2.795918e-01 4.150139e-01 2.074093e-01 4.055789e-02 1.209998e-03 
7.839196e+00 3.970244e-02 2.354270e-01 4.166562e-01 2.482715e-01 5.788386e-02 2.058972e-03 
8.015075e+00 2.727861e-02 1.928612e-01 4.069583e-01 2.891228e-01 8.037046e-02 3.408574e-03 
8.190955e+00 1.822932e-02 1.536655e-01 3.866027e-01 3.274770e-01 1.085371e-01 5.488303e-03 
8.366834e+00 1.184772e-02 1.190760e-01 3.571875e-01 3.607411e-01 1.425531e-01 8.594485e-03 
8.542714e+00 7.490016e-03 8.975438e-02 3.210045e-01 3.865395e-01 1.821203e-01 1.309137e-02 
8.718593e+00 4.607629e-03 6.583152e-02 2.807196e-01 4.030315e-01 2.264055e-01 1.940426e-02 
8.894472e+00 2.759799e-03 4.701293e-02 2.390230e-01 4.091564e-01 2.740442e-01 2.800363e-02 
9.070352e+00 1.610749e-03 3.271531e-02 1.983156e-01 4.047529e-01 3.232249e-01 3.938055e-02 
9.246231e+00 9.169511e-04 2.220511e-02 1.604878e-01 3.905339e-01 3.718408e-01 5.401539e-02 
9.422111e+00 5.096884e-04 1.471617e-02 1.268141e-01 3.679321e-01 4.176855e-01 7.234246e-02 
9.597990e+00 2.769546e-04 9.534156e-03 9.795765e-02 3.388612e-01 4.586559e-01 9.471405e-02 
9.773869e+00 1.472909e-04 6.045509e-03 7.405808e-02 3.054495e-01 4.929331e-01 1.213665e-01 
9.949749e+00 7.675728e-05 3.756299e-03 5.486346e-02 2.697948e-01 5.191175e-01 1.523912e-01 
1.012563e+01 3.924065e-05 2.289603e-03 3.987188e-02 2.337763e-01 5.363102e-01 1.877128e-01 
1.030151e+01 1.970141e-05 1.370581e-03 2.845737e-02 1.989354e-01 5.441404e-01 2.270765e-01 
1.047739e+01 9.724086e-06 8.065656e-04 1.996701e-02 1.664232e-01 5.427455e-01 2.700480e-01 
1.065327e+01 4.722945e-06 4.670756e-04 1.378618e-02 1.370024e-01 5.327140e-01 3.160256e-01 
1.082915e+01 2.259404e-06 2.664108e-04 9.375449e-03 1.110861e-01 5.150021e-01 3.642676e-01 
1.100503e+01 1.065578e-06 1.498051e-04 6.285653e-03 8.879766e-02 4.908336e-01 4.139322e-01 
1.118090e+01 4.958788e-07 8.311899e-05 4.158220e-03 7.003934e-02 4.615920e-01 4.641269e-01 
1.135678e+01 2.279045e-07 4.554713e-05 2.716763e-03 5.455942e-02 4.287157e-01 5.139623e-01 
1.153266e+01 1.035400e-07 2.467174e-05 1.754583e-03 4.201220e-02 3.936031e-01 5.626053e-01 
1.170854e+01 4.654088e-08 1.322238e-05 1.121159e-03 3.200753e-02 3.575351e-01 6.093229e-01 
1.188442e+01 2.071692e-08 7.017522e-06 7.094548e-04 2.414867e-02 3.216201e-01 6.535148e-01 
1.206030e+01 9.140486e-09 3.691571e-06 4.449751e-04 1.805874e-02 2.867616e-01 6.947310e-01 
1.223618e+01 4.000801e-09 1.926515e-06 2.768728e-04 1.339725e-02 2.536486e-01 7.326754e-01 
1.241206e+01 1.738699e-09 9.982364e-07 1.710507e-04 9.868326e-03 2.227634e-01 7.671962e-01 
1.258794e+01 7.508441e-10 5.139751e-07 1.050067e-04 7.223025e-03 1.944030e-01 7.982685e-01 
1.276382e+01 3.224394e-10 2.631624e-07 6.410356e-05 5.257361e-03 1.687078e-01 8.259705e-01 
1.293970e+01 1.377907e-10 1.340847e-07 3.894223e-05 3.807938e-03 1.456936e-01 8.504593e-01 
1.311558e+01 5.863257e-11 6.802704e-08 2.355628e-05 2.746372e-03 1.252834e-01 8.719466e-01 
1.329146e+01 2.485720e-11 3.438574e-08 1.419669e-05 1.973436e-03 1.073348e-01 8.906775e-01 
1.346734e+01 1.050462e-11 1.732566e-08 8.528681e-06 1.413518e-03 9.166476e-02 9.069132e-01 
1.364322e+01 4.427084e-12 8.705843e-09 5.109593e-06 1.009693e-03 7.806812e-02 9.209171e-01 
1.381910e+01 1.861384e-12 4.364279e-09 3.054017e-06 7.195448e-04 6.633242e-02 9.329450e-01 
1.399497e+01 7.810596e-13 2.183454e-09 1.821741e-06 5.117482e-04 5.624809e-02 9.432383e-01 
1.417085e+01 3.271836e-13 1.090523e-09 1.084828e-06 3.633407e-04 4.761557e-02 9.520200e-01 
1.434673e+01 1.368578e-13 5.438718e-10 6.450685e-07 2.575981e-04 4.024954e-02 9.594922e-01 
1.452261e+01 5.717608e-14 2.709097e-10 3.831046e-07 1.824054e-04 3.398125e-02 9.658360e-01 
1.469849e+01 2.386204e-14 1.348035e-10 2.272885e-07 1.290271e-04 2.865935e-02 9.712114e-01 
1.487437e+01 9.949907e-15 6.701873e-11 1.347274e-07 9.118911e-05 2.414969e-02 9.757590e-01 
1.505025e+01 4.145801e-15 3.329423e-11 7.980170e-08 6.439953e-05 2.033456e-02 9.796010e-01 
1.522613e+01 1.726339e-15 1.652990e-11 4.723857e-08 4.545177e-05 1.711143e-02 9.828431e-01 
1.540201e+01 7.184804e-16 8.202429e-12 2.794811e-08 3.206195e-05 1.439160e-02 9.855763e-01 
1.557789e+01 2.988898e-16 4.068385e-12 1.652782e-08 2.260666e-05 1.209870e-02 9.878787e-01 
1.575377e+01 1.242925e-16 2.017156e-12 9.770490e-09 1.593385e-05 1.016732e-02 9.898167e-01 
1.592965e+01 5.167048e-17 9.998167e-13 5.774053e-09 1.122713e-05 8.541575e-03 9.914472e-01 
1.610553e+01 2.147461e-17 4.954350e-13 3.411384e-09 7.908640e-06 7.173889e-03 9.928182e-01 
1.628141e+01 8.923021e-18 2.454464e-13 2.015042e-09 5.569788e-06 6.023862e-03 9.939706e-01 
1.645729e+01 3.706957e-18 1.215754e-13 1.190026e-09 3.921883e-06 5.057250e-03 9.949388e-01 
1.663317e+01 1.539767e-18 6.020975e-14 7.026856e-10 2.761103e-06 4.245079e-03 9.957522e-01 
1.680905e+01 6.394928e-19 2.981473e-14 4.148666e-10 1.943630e-06 3.562871e-03 9.964352e-01 
1.698492e+01 2.655634e-19 1.476206e-14 2.449108e-10 1.368033e-06 2.989968e-03 9.970087e-01 
1.716080e+01 1.102708e-19 7.308407e-15 1.445664e-10 9.628070e-07 2.508954e-03 9.974901e-01 
1.733668e+01 4.578459e-20 3.617969e-15 8.532825e-11 6.775608e-07 2.105161e-03 9.978942e-01 
1.751256e+01 1.900858e-20 1.790930e-15 5.036050e-11 4.767919e-07 1.766238e-03 9.982333e-01 
1.768844e+01 7.891438e-21 8.864793e-16 2.972100e-11 3.354948e-07 1.481800e-03 9.985179e-01 
1.786432e+01 3.275991e-21 4.387717e-16 1.753949e-11 2.360602e-07 1.243111e-03 9.987567e-01 
1.804020e+01 1.359918e-21 2.171660e-16 1.035032e-11 1.660898e-07 1.042831e-03 9.989570e-01 
1.821608e+01 5.645058e-22 1.074809e-16 6.107682e-12 1.168555e-07 8.747891e-04 9.991251e-01 
1.839196e+01 2.343217e-22 5.319351e-17 3.604022e-12 8.221357e-08 7.338059e-04 9.992661e-01 
1.856784e+01 9.726277e-23 2.632548e-17 2.126613e-12 5.783996e-08 6.155299e-04 9.993844e-01 
1.874372e+01 4.037128e-23 1.302824e-17 1.254819e-12 4.069155e-08 5.163080e-04 9.994837e-01 
1.891960e+01 1.675681e-23 6.447450e-18 7.404010e-13 2.862685e-08 4.330734e-04 9.995669e-01 
1.909548e+01 6.955118e-24 3.190689e-18 4.368648e-13 2.013896e-08 3.632524e-04 9.996367e-01 
1.927136e+01 2.886773e-24 1.578978e-18 2.577639e-13 1.416757e-08 3.046845e-04 9.996953e-01 
1.944724e+01 1.198165e-24 7.813825e-19 1.520873e-13 9.966666e-09 2.555573e-04 9.997444e-01 
1.962312e+01 4.972988e-25 3.866765e-19 8.973474e-14 7.011338e-09 2.143496e-04 9.997856e-01 
1.979899e+01 2.064026e-25 1.913502e-19 5.294504e-14 4.932295e-09 1.797854e-04 9.998202e-01 
1.997487e+01 8.566639e-26 9.469079e-20 3.123831e-14 3.469722e-09 1.507938e-04 9.998492e-01 
2.015075e+01 3.555525e-26 4.685808e-20 1.843095e-14 2.440835e-09 1.264767e-04 9.998735e-01 
2.032663e+01 1.475691e-26 2.318780e-20 1.087442e-14 1.717040e-09 1.060806e-04 9.998939e-01 
2.050251e+01 6.124710e-27 1.147448e-20 6.415985e-15 1.207872e-09 8.897336e-05 9.999110e-01 
2.067839e+01 2.541994e-27 5.678134e-21 3.785465e-15 8.496894e-10 7.462473e-05 9.999254e-01 
2.085427e+01 1.055024e-27 2.809811e-21 2.233439e-15 5.977210e-10 6.258994e-05 9.999374e-01 
2.103015e+01 4.378745e-28 1.390425e-21 1.317735e-15 4.204709e-10 5.249591e-05 9.999475e-01 
2.120603e+01 1.817339e-28 6.880460e-22 7.774660e-16 2.957827e-10 4.402970e-05 9.999560e-01 
2.138191e+01 7.542614e-29 3.404762e-22 4.587057e-16 2.080698e-10 3.692881e-05 9.999631e-01 
2.155779e+01 3.130453e-29 1.684828e-22 2.706365e-16 1.463675e-10 3.097308e-05 9.999690e-01 
2.173367e+01 1.299248e-29 8.337271e-23 1.596755e-16 1.029627e-10 2.597785e-05 9.999740e-01 
2.190955e+01 5.392333e-30 4.125646e-23 9.420841e-17 7.242939e-11 2.178821e-05 9.999782e-01 
2.208543e+01 2.238004e-30 2.041548e-23 5.558285e-17 5.095062e-11 1.827425e-05 9.999817e-01 
2.226131e+01 9.288487e-31 1.010246e-23 3.279380e-17 3.584131e-11 1.532701e-05 9.999847e-01 
2.243719e+01 3.855039e-31 4.999129e-24 1.934829e-17 2.521262e-11 1.285509e-05 9.999871e-01 
2.261307e+01 1.599972e-31 2.473782e-24 1.141545e-17 1.773585e-11 1.078183e-05 9.999892e-01 
2.278894e+01 6.640426e-32 1.224133e-24 6.735090e-18 1.247630e-11 9.042944e-06 9.999910e-01 
2.296482e+01 2.756001e-32 6.057526e-25 3.973687e-18 8.776464e-12 7.584501e-06 9.999924e-01 
2.314070e+01 1.143833e-32 2.997519e-25 2.344466e-18 6.173809e-12 6.361274e-06 9.999936e-01 
2.331658e+01 4.747290e-33 1.483299e-25 1.383229e-18 4.342969e-12 5.335327e-06 9.999947e-01 
2.349246e+01 1.970284e-33 7.339985e-26 8.161011e-19 3.055063e-12 4.474845e-06 9.999955e-01 
2.366834e+01 8.177338e-34 3.632133e-26 4.814974e-19 2.149085e-12 3.753141e-06 9.999962e-01 
2.384422e+01 3.393868e-34 1.797331e-26 2.840821e-19 1.511774e-12 3.147833e-06 9.999969e-01 
2.402010e+01 1.408568e-34 8.893948e-27 1.676076e-19 1.063458e-12 2.640149e-06 9.999974e-01 
2.419598e+01 5.846027e-35 4.401097e-27 9.888799e-20 7.480895e-13 2.214344e-06 9.999978e-01 
2.437186e+01 2.426296e-35 2.177847e-27 5.834362e-20 5.262436e-13 1.857214e-06 9.999981e-01 
2.454774e+01 1.006993e-35 1.077689e-27 3.442256e-20 3.701861e-13 1.557681e-06 9.999984e-01 
2.472362e+01 4.179357e-36 5.332857e-28 2.030920e-20 2.604074e-13 1.306457e-06 9.999987e-01 
2.489950e+01 1.734572e-36 2.638920e-28 1.198237e-20 1.831835e-13 1.095751e-06 9.999989e-01 
2.507538e+01 7.199049e-37 1.305848e-28 7.069559e-21 1.288604e-13 9.190274e-07 9.999991e-01 
2.525126e+01 2.987844e-37 6.461878e-29 4.171018e-21 9.064686e-14 7.708060e-07 9.999992e-01 
2.542714e+01 1.240054e-37 3.197606e-29 2.460887e-21 6.376552e-14 6.464898e-07 9.999994e-01 
2.560302e+01 5.146636e-38 1.582309e-29 1.451916e-21 4.485585e-14 5.422234e-07 9.999995e-01 
2.577889e+01 2.136025e-38 7.829922e-30 8.566257e-22 3.155384e-14 4.547732e-07 9.999995e-01 
2.595477e+01 8.865210e-39 3.874571e-30 5.054065e-22 2.219654e-14 3.814270e-07 9.999996e-01 
2.613065e+01 3.679356e-39 1.917299e-30 2.981882e-22 1.561415e-14 3.199102e-07 9.999997e-01 
2.630653e+01 1.527055e-39 9.487594e-31 1.759301e-22 1.098377e-14 2.683148e-07 9.999997e-01 
2.648241e+01 6.337783e-40 4.694857e-31 1.037982e-22 7.726534e-15 2.250407e-07 9.999998e-01 
2.665829e+01 2.630390e-40 2.323210e-31 6.124060e-23 5.435229e-15 1.887460e-07 9.999998e-01 
2.683417e+01 1.091699e-40 1.149621e-31 3.613176e-23 3.823410e-15 1.583049e-07 9.999998e-01 
2.701005e+01 4.530912e-41 5.688804e-32 2.131762e-23 2.689577e-15 1.327733e-07 9.999999e-01 
2.718593e+01 1.880478e-41 2.815057e-32 1.257733e-23 1.891983e-15 1.113595e-07 9.999999e-01 
2.736181e+01 7.804608e-42 1.393007e-32 7.420584e-24 1.330915e-15 9.339937e-08 9.999999e-01 
2.753769e+01 3.239171e-42 6.893179e-33 4.378121e-24 9.362317e-16 7.833584e-08 9.999999e-01 
2.771357e+01 1.344363e-42 3.411032e-33 2.583077e-24 6.585920e-16 6.570177e-08 9.999999e-01 
2.788945e+01 5.579552e-43 1.687920e-33 1.524007e-24 4.632864e-16 5.510533e-08 9.999999e-01 
2.806533e+01 2.315699e-43 8.352532e-34 8.991594e-25 3.258987e-16 4.621790e-08 1.000000e+00 
2.824121e+01 9.610917e-44 4.133180e-34 5.305012e-25 2.292534e-16 3.876383e-08 1.000000e+00 
2.841709e+01 3.988849e-44 2.045269e-34 3.129940e-25 1.612682e-16 3.251197e-08 1.000000e+00 
2.859296e+01 1.655504e-44 1.012084e-34 1.846654e-25 1.134441e-16 2.726841e-08 1.000000e+00 
2.876884e+01 6.870891e-45 5.008215e-35 1.089520e-25 7.980223e-17 2.287054e-08 1.000000e+00 
2.894472e+01 2.851647e-45 2.478273e-35 6.428134e-26 5.613686e-17 1.918196e-08 1.000000e+00 
2.912060e+01 1.183528e-45 1.226352e-35 3.792578e-26 3.948946e-17 1.608827e-08 1.000000e+00 
2.929648e+01 4.912033e-46 6.068502e-36 2.237609e-26 2.777885e-17 1.349354e-08 1.000000e+00 
2.947236e+01 2.038656e-46 3.002947e-36 1.320182e-26 1.954103e-17 1.131729e-08 1.000000e+00 
2.964824e+01 8.461099e-47 1.485983e-36 7.789032e-27 1.374613e-17 9.492031e-09 1.000000e+00 
2.982412e+01 3.511636e-47 7.353263e-37 4.595504e-27 9.669714e-18 7.961148e-09 1.000000e+00 
3.000000e+01 1.457445e-47 3.638700e-37 2.711333e-27 6.802158e-18 6.677167e-09 1.000000e+00 
