#E                   6            7            8 
-5.000000e+00 9.999955e-01 4.547498e-06 4.884038e-12 
-4.824121e+00 9.999946e-01 5.421950e-06 6.942974e-12 
-4.648241e+00 9.999935e-01 6.464554e-06 9.869883e-12 
-4.472362e+00 9.999923e-01 7.707641e-06 1.403067e-11 
-4.296482e+00 9.999908e-01 9.189762e-06 1.994549e-11 
-4.120603e+00 9.999890e-01 1.095688e-05 2.835377e-11 
-3.944724e+00 9.999869e-01 1.306380e-05 4.030665e-11 
-3.768844e+00 9.999844e-01 1.557585e-05 5.729841e-11 
-3.592965e+00 9.999814e-01 1.857094e-05 8.145320e-11 
-3.417085e+00 9.999779e-01 2.214195e-05 1.157907e-10 
-3.241206e+00 9.999736e-01 2.639961e-05 1.646033e-10 
-3.065327e+00 9.999685e-01 3.147594e-05 2.339932e-10 
-2.889447e+00 9.999625e-01 3.752836e-05 3.326347e-10 
-2.713568e+00 9.999553e-01 4.474452e-05 4.728586e-10 
-2.537688e+00 9.999467e-01 5.334818e-05 6.721938e-10 
-2.361809e+00 9.999364e-01 6.360607e-05 9.555577e-10 
-2.185930e+00 9.999242e-01 7.583623e-05 1.358371e-09 
-2.010050e+00 9.999096e-01 9.041778e-05 1.930986e-09 
-1.834171e+00 9.998922e-01 1.078027e-04 2.744975e-09 
-1.658291e+00 9.998715e-01 1.285299e-04 3.902081e-09 
-1.482412e+00 9.998468e-01 1.532417e-04 5.546928e-09 
-1.306533e+00 9.998173e-01 1.827038e-04 7.885089e-09 
-1.130653e+00 9.997822e-01 2.178290e-04 1.120878e-08 
-9.547739e-01 9.997403e-01 2.597054e-04 1.593335e-08 
-7.788945e-01 9.996903e-01 3.096298e-04 2.264916e-08 
-6.030151e-01 9.996308e-01 3.691479e-04 3.219535e-08 
-4.271357e-01 9.995599e-01 4.401016e-04 4.576456e-08 
-2.512563e-01 9.994752e-01 5.246862e-04 6.505182e-08 
-7.537688e-02 9.993744e-01 6.255173e-04 9.246609e-08 
1.005025e-01 9.992542e-01 7.457109e-04 1.314308e-07 
2.763819e-01 9.991108e-01 8.889793e-04 1.868107e-07 
4.522613e-01 9.989400e-01 1.059744e-03 2.655183e-07 
6.281407e-01 9.987364e-01 1.263269e-03 3.773747e-07 
8.040201e-01 9.984936e-01 1.505822e-03 5.363325e-07 
9.798995e-01 9.982044e-01 1.794863e-03 7.622109e-07 
1.155779e+00 9.978597e-01 2.139266e-03 1.083159e-06 
1.331658e+00 9.974489e-01 2.549584e-03 1.539147e-06 
1.507538e+00 9.969595e-01 3.038363e-03 2.186925e-06 
1.683417e+00 9.963764e-01 3.620504e-03 3.107039e-06 
1.859296e+00 9.956819e-01 4.313697e-03 4.413782e-06 
2.035176e+00 9.948548e-01 5.138924e-03 6.269268e-06 
2.211055e+00 9.938701e-01 6.121045e-03 8.903354e-06 
2.386935e+00 9.926979e-01 7.289479e-03 1.264177e-05 
2.562814e+00 9.913031e-01 8.678992e-03 1.794586e-05 
2.738693e+00 9.896439e-01 1.033059e-02 2.546852e-05 
2.914573e+00 9.876713e-01 1.229256e-02 3.613301e-05 
3.090452e+00 9.853272e-01 1.462156e-02 5.124353e-05 
3.266332e+00 9.825434e-01 1.738395e-02 7.264023e-05 
3.442211e+00 9.792400e-01 2.065710e-02 1.029157e-04 
3.618090e+00 9.753235e-01 2.453083e-02 1.457162e-04 
3.793970e+00 9.706850e-01 2.910887e-02 2.061600e-04 
3.969849e+00 9.651984e-01 3.451017e-02 2.914135e-04 
4.145729e+00 9.587185e-01 4.087004e-02 4.114822e-04 
4.321608e+00 9.510789e-01 4.834081e-02 5.802878e-04 
4.497487e+00 9.420911e-01 5.709180e-02 8.171215e-04 
4.673367e+00 9.315433e-01 6.730810e-02 1.148587e-03 
4.849246e+00 9.192010e-01 7.918779e-02 1.611158e-03 
5.025126e+00 9.048086e-01 9.293685e-02 2.254505e-03 
5.201005e+00 8.880933e-01 1.087610e-01 3.145719e-03 
5.376884e+00 8.687716e-01 1.268539e-01 4.374555e-03 
5.552764e+00 8.465600e-01 1.473803e-01 6.059725e-03 
5.728643e+00 8.211894e-01 1.704544e-01 8.356135e-03 
5.904523e+00 7.924244e-01 1.961129e-01 1.146270e-02 
6.080402e+00 7.600874e-01 2.242825e-01 1.563002e-02 
6.256281e+00 7.240877e-01 2.547455e-01 2.116674e-02 
6.432161e+00 6.844517e-01 2.871055e-01 2.844281e-02 
6.608040e+00 6.413532e-01 3.207595e-01 3.788732e-02 
6.783920e+00 5.951393e-01 3.548823e-01 4.997838e-02 
6.959799e+00 5.463447e-01 3.884328e-01 6.522246e-02 
7.135678e+00 4.956906e-01 4.201877e-01 8.412170e-02 
7.311558e+00 4.440628e-01 4.488078e-01 1.071294e-01 
7.487437e+00 3.924670e-01 4.729363e-01 1.345967e-01 
7.663317e+00 3.419643e-01 4.913192e-01 1.667166e-01 
7.839196e+00 2.935921e-01 5.029337e-01 2.034742e-01 
8.015075e+00 2.482832e-01 5.071041e-01 2.446127e-01 
8.190955e+00 2.067935e-01 5.035819e-01 2.896247e-01 
8.366834e+00 1.696514e-01 4.925771e-01 3.377715e-01 
8.542714e+00 1.371350e-01 4.747319e-01 3.881331e-01 
8.718593e+00 1.092786e-01 4.510437e-01 4.396777e-01 
8.894472e+00 8.590501e-02 4.227519e-01 4.913431e-01 
9.070352e+00 6.667438e-02 3.912096e-01 5.421160e-01 
9.246231e+00 5.113988e-02 3.577616e-01 5.910985e-01 
9.422111e+00 3.880164e-02 3.236440e-01 6.375543e-01 
9.597990e+00 2.915212e-02 2.899153e-01 6.809326e-01 
9.773869e+00 2.170984e-02 2.574192e-01 7.208709e-01 
9.949749e+00 1.604103e-02 2.267775e-01 7.571814e-01 
1.012563e+01 1.177056e-02 1.984030e-01 7.898264e-01 
1.030151e+01 8.584658e-03 1.725273e-01 8.188881e-01 
1.047739e+01 6.228028e-03 1.492343e-01 8.445376e-01 
1.065327e+01 4.497664e-03 1.284957e-01 8.670066e-01 
1.082915e+01 3.235243e-03 1.102026e-01 8.865621e-01 
1.100503e+01 2.319278e-03 9.419358e-02 9.034871e-01 
1.118090e+01 1.657821e-03 8.027671e-02 9.180655e-01 
1.135678e+01 1.182079e-03 6.824676e-02 9.305712e-01 
1.153266e+01 8.410860e-04 5.789743e-02 9.412615e-01 
1.170854e+01 5.973890e-04 4.902974e-02 9.503729e-01 
1.188442e+01 4.236583e-04 4.145735e-02 9.581190e-01 
1.206030e+01 3.000664e-04 3.500955e-02 9.646904e-01 
1.223618e+01 2.122992e-04 2.953256e-02 9.702551e-01 
1.241206e+01 1.500661e-04 2.488964e-02 9.749603e-01 
1.258794e+01 1.059941e-04 2.096049e-02 9.789335e-01 
1.276382e+01 7.481683e-05 1.764015e-02 9.822850e-01 
1.293970e+01 5.278122e-05 1.483768e-02 9.851095e-01 
1.311558e+01 3.721858e-05 1.247469e-02 9.874881e-01 
1.329146e+01 2.623448e-05 1.048397e-02 9.894898e-01 
1.346734e+01 1.848604e-05 8.808069e-03 9.911734e-01 
1.364322e+01 1.302257e-05 7.398046e-03 9.925889e-01 
1.381910e+01 9.171703e-06 6.212319e-03 9.937785e-01 
1.399497e+01 6.458320e-06 5.215630e-03 9.947779e-01 
1.417085e+01 4.546938e-06 4.378140e-03 9.956173e-01 
1.434673e+01 3.200807e-06 3.674630e-03 9.963222e-01 
1.452261e+01 2.252944e-06 3.083813e-03 9.969139e-01 
1.469849e+01 1.585623e-06 2.587741e-03 9.974107e-01 
1.487437e+01 1.115872e-06 2.171295e-03 9.978276e-01 
1.505025e+01 7.852353e-07 1.821746e-03 9.981775e-01 
1.522613e+01 5.525360e-07 1.528382e-03 9.984711e-01 
1.540201e+01 3.887773e-07 1.282200e-03 9.987174e-01 
1.557789e+01 2.735419e-07 1.075628e-03 9.989241e-01 
1.575377e+01 1.924564e-07 9.023064e-04 9.990975e-01 
1.592965e+01 1.354031e-07 7.568918e-04 9.992430e-01 
1.610553e+01 9.526092e-08 6.348972e-04 9.993650e-01 
1.628141e+01 6.701814e-08 5.325550e-04 9.994674e-01 
1.645729e+01 4.714794e-08 4.467024e-04 9.995533e-01 
1.663317e+01 3.316860e-08 3.746848e-04 9.996253e-01 
1.680905e+01 2.333385e-08 3.142743e-04 9.996857e-01 
1.698492e+01 1.641503e-08 2.636013e-04 9.997364e-01 
1.716080e+01 1.154764e-08 2.210968e-04 9.997789e-01 
1.733668e+01 8.123473e-09 1.854448e-04 9.998145e-01 
1.751256e+01 5.714626e-09 1.555407e-04 9.998445e-01 
1.768844e+01 4.020053e-09 1.304582e-04 9.998695e-01 
1.786432e+01 2.827965e-09 1.094201e-04 9.998906e-01 
1.804020e+01 1.989367e-09 9.177437e-05 9.999082e-01 
1.821608e+01 1.399440e-09 7.697406e-05 9.999230e-01 
1.839196e+01 9.844481e-10 6.456042e-05 9.999354e-01 
1.856784e+01 6.925170e-10 5.414862e-05 9.999459e-01 
1.874372e+01 4.871552e-10 4.541588e-05 9.999546e-01 
1.891960e+01 3.426917e-10 3.809145e-05 9.999619e-01 
1.909548e+01 2.410679e-10 3.194822e-05 9.999681e-01 
1.927136e+01 1.695800e-10 2.679572e-05 9.999732e-01 
1.944724e+01 1.192916e-10 2.247418e-05 9.999775e-01 
1.962312e+01 8.391592e-11 1.884960e-05 9.999812e-01 
1.979899e+01 5.903082e-11 1.580956e-05 9.999842e-01 
1.997487e+01 4.152532e-11 1.325982e-05 9.999867e-01 
2.015075e+01 2.921104e-11 1.112129e-05 9.999889e-01 
2.032663e+01 2.054854e-11 9.327653e-06 9.999907e-01 
2.050251e+01 1.445489e-11 7.823292e-06 9.999922e-01 
2.067839e+01 1.016830e-11 6.561553e-06 9.999934e-01 
2.085427e+01 7.152895e-12 5.503306e-06 9.999945e-01 
2.103015e+01 5.031707e-12 4.615732e-06 9.999954e-01 
2.120603e+01 3.539556e-12 3.871306e-06 9.999961e-01 
2.138191e+01 2.489901e-12 3.246940e-06 9.999968e-01 
2.155779e+01 1.751521e-12 2.723272e-06 9.999973e-01 
2.173367e+01 1.232108e-12 2.284062e-06 9.999977e-01 
2.190955e+01 8.667263e-13 1.915687e-06 9.999981e-01 
2.208543e+01 6.096986e-13 1.606724e-06 9.999984e-01 
2.226131e+01 4.288925e-13 1.347590e-06 9.999987e-01 
2.243719e+01 3.017044e-13 1.130250e-06 9.999989e-01 
2.261307e+01 2.122339e-13 9.479625e-07 9.999991e-01 
2.278894e+01 1.492959e-13 7.950744e-07 9.999992e-01 
2.296482e+01 1.050222e-13 6.668442e-07 9.999993e-01 
2.314070e+01 7.387785e-14 5.592950e-07 9.999994e-01 
2.331658e+01 5.196936e-14 4.690915e-07 9.999995e-01 
2.349246e+01 3.655784e-14 3.934360e-07 9.999996e-01 
2.366834e+01 2.571661e-14 3.299823e-07 9.999997e-01 
2.384422e+01 1.809034e-14 2.767625e-07 9.999997e-01 
2.402010e+01 1.272565e-14 2.321260e-07 9.999998e-01 
2.419598e+01 8.951854e-15 1.946885e-07 9.999998e-01 
2.437186e+01 6.297180e-15 1.632890e-07 9.999998e-01 
2.454774e+01 4.429750e-15 1.369536e-07 9.999999e-01 
2.472362e+01 3.116107e-15 1.148656e-07 9.999999e-01 
2.489950e+01 2.192025e-15 9.634000e-08 9.999999e-01 
2.507538e+01 1.541979e-15 8.080220e-08 9.999999e-01 
2.525126e+01 1.084705e-15 6.777035e-08 9.999999e-01 
2.542714e+01 7.630355e-16 5.684029e-08 9.999999e-01 
2.560302e+01 5.367571e-16 4.767304e-08 1.000000e+00 
2.577889e+01 3.775817e-16 3.998429e-08 1.000000e+00 
2.595477e+01 2.656098e-16 3.353559e-08 1.000000e+00 
2.613065e+01 1.868431e-16 2.812694e-08 1.000000e+00 
2.630653e+01 1.314348e-16 2.359060e-08 1.000000e+00 
2.648241e+01 9.245775e-17 1.978589e-08 1.000000e+00 
2.665829e+01 6.503938e-17 1.659480e-08 1.000000e+00 
2.683417e+01 4.575194e-17 1.391838e-08 1.000000e+00 
2.701005e+01 3.218419e-17 1.167361e-08 1.000000e+00 
2.718593e+01 2.263996e-17 9.790882e-09 1.000000e+00 
2.736181e+01 1.592608e-17 8.211800e-09 1.000000e+00 
2.753769e+01 1.120320e-17 6.887394e-09 1.000000e+00 
2.771357e+01 7.880885e-18 5.776589e-09 1.000000e+00 
2.788945e+01 5.543807e-18 4.844935e-09 1.000000e+00 
2.806533e+01 3.899790e-18 4.063540e-09 1.000000e+00 
2.824121e+01 2.743306e-18 3.408169e-09 1.000000e+00 
2.841709e+01 1.929778e-18 2.858496e-09 1.000000e+00 
2.859296e+01 1.357502e-18 2.397476e-09 1.000000e+00 
2.876884e+01 9.549345e-19 2.010809e-09 1.000000e+00 
2.894472e+01 6.717485e-19 1.686504e-09 1.000000e+00 
2.912060e+01 4.725413e-19 1.414503e-09 1.000000e+00 
2.929648e+01 3.324091e-19 1.186371e-09 1.000000e+00 
2.947236e+01 2.338331e-19 9.950317e-10 1.000000e+00 
2.964824e+01 1.644898e-19 8.345522e-10 1.000000e+00 
2.982412e+01 1.157103e-19 6.999549e-10 1.000000e+00 
3.000000e+01 8.139641e-20 5.870655e-10 1.000000e+00 
