#E                   1            2            3            4            5 
-5.000000e+00 9.999957e-01 4.250949e-06 2.622181e-12 2.210000e-19 2.464327e-27 
-4.824121e+00 9.999949e-01 5.068378e-06 3.727599e-12 3.745781e-19 4.980028e-27 
-4.648241e+00 9.999940e-01 6.042992e-06 5.299022e-12 6.348809e-19 1.006387e-26 
-4.472362e+00 9.999928e-01 7.205017e-06 7.532898e-12 1.076074e-18 2.033754e-26 
-4.296482e+00 9.999914e-01 8.590488e-06 1.070849e-11 1.823862e-18 4.109904e-26 
-4.120603e+00 9.999898e-01 1.024237e-05 1.522280e-11 3.091302e-18 8.305480e-26 
-3.944724e+00 9.999878e-01 1.221190e-05 2.164017e-11 5.239514e-18 1.678409e-25 
-3.768844e+00 9.999854e-01 1.456014e-05 3.076285e-11 8.880560e-18 3.391802e-25 
-3.592965e+00 9.999826e-01 1.735993e-05 4.373128e-11 1.505184e-17 6.854300e-25 
-3.417085e+00 9.999793e-01 2.069807e-05 6.216668e-11 2.551164e-17 1.385146e-24 
-3.241206e+00 9.999753e-01 2.467809e-05 8.837366e-11 4.324013e-17 2.799159e-24 
-3.065327e+00 9.999706e-01 2.942341e-05 1.256284e-10 7.328841e-17 5.656649e-24 
-2.889447e+00 9.999649e-01 3.508116e-05 1.785879e-10 1.242176e-16 1.143117e-23 
-2.713568e+00 9.999582e-01 4.182678e-05 2.538727e-10 2.105381e-16 2.310051e-23 
-2.537688e+00 9.999501e-01 4.986943e-05 3.608939e-10 3.568432e-16 4.668225e-23 
-2.361809e+00 9.999405e-01 5.945847e-05 5.130294e-10 6.048166e-16 9.433687e-23 
-2.185930e+00 9.999291e-01 7.089118e-05 7.292966e-10 1.025107e-15 1.906384e-22 
-2.010050e+00 9.999155e-01 8.452200e-05 1.036729e-09 1.737455e-15 3.852460e-22 
-1.834171e+00 9.998992e-01 1.007735e-04 1.473754e-09 2.944807e-15 7.785113e-22 
-1.658291e+00 9.998798e-01 1.201493e-04 2.094997e-09 4.991128e-15 1.573223e-21 
-1.482412e+00 9.998567e-01 1.432500e-04 2.978107e-09 8.459390e-15 3.179172e-21 
-1.306533e+00 9.998292e-01 1.707914e-04 4.233458e-09 1.433763e-14 6.424450e-21 
-1.130653e+00 9.997964e-01 2.036270e-04 6.017941e-09 2.430041e-14 1.298241e-20 
-9.547739e-01 9.997572e-01 2.427737e-04 8.554563e-09 4.118574e-14 2.623447e-20 
-7.788945e-01 9.997105e-01 2.894442e-04 1.216030e-08 6.980346e-14 5.301342e-20 
-6.030151e-01 9.996549e-01 3.450835e-04 1.728571e-08 1.183050e-13 1.071261e-19 
-4.271357e-01 9.995886e-01 4.114137e-04 2.457114e-08 2.005048e-13 2.164713e-19 
-2.512563e-01 9.995095e-01 4.904874e-04 3.492672e-08 3.398135e-13 4.374212e-19 
-7.537688e-02 9.994152e-01 5.847502e-04 4.964594e-08 5.759040e-13 8.838788e-19 
1.005025e-01 9.993028e-01 6.971159e-04 7.056703e-08 9.760039e-13 1.785984e-18 
2.763819e-01 9.991688e-01 8.310558e-04 1.003022e-07 1.654031e-12 3.608721e-18 
4.522613e-01 9.990092e-01 9.907047e-04 1.425634e-07 2.803010e-12 7.291513e-18 
6.281407e-01 9.988188e-01 1.180987e-03 2.026246e-07 4.749985e-12 1.473224e-17 
8.040201e-01 9.985919e-01 1.407764e-03 2.879787e-07 8.049037e-12 2.976486e-17 
9.798995e-01 9.983216e-01 1.678014e-03 4.092698e-07 1.363882e-11 6.013399e-17 
1.155779e+00 9.979994e-01 2.000041e-03 5.816161e-07 2.310930e-11 1.214825e-16 
1.331658e+00 9.976155e-01 2.383720e-03 8.264873e-07 3.915346e-11 2.454033e-16 
1.507538e+00 9.971580e-01 2.840792e-03 1.174367e-06 6.633173e-11 4.956955e-16 
1.683417e+00 9.966131e-01 3.385209e-03 1.668528e-06 1.123658e-10 1.001178e-15 
1.859296e+00 9.959641e-01 4.033537e-03 2.370377e-06 1.903276e-10 2.021912e-15 
2.035176e+00 9.951912e-01 4.805431e-03 3.367031e-06 3.223405e-10 4.082808e-15 
2.211055e+00 9.942710e-01 5.724190e-03 4.782030e-06 5.458377e-10 8.243109e-15 
2.386935e+00 9.931758e-01 6.817402e-03 6.790482e-06 9.241345e-10 1.663973e-14 
2.562814e+00 9.918727e-01 8.117684e-03 9.640449e-06 1.564283e-09 3.358225e-14 
2.738693e+00 9.903228e-01 9.663544e-03 1.368312e-05 2.647199e-09 6.775860e-14 
2.914573e+00 9.884802e-01 1.150035e-02 1.941526e-05 4.478454e-09 1.366751e-13 
3.090452e+00 9.862910e-01 1.368143e-02 2.753893e-05 7.573830e-09 2.755880e-13 
3.266332e+00 9.836916e-01 1.626930e-02 3.904523e-05 1.280324e-08 5.554539e-13 
3.442211e+00 9.806077e-01 1.933698e-02 5.533133e-05 2.163249e-08 1.118969e-12 
3.618090e+00 9.769522e-01 2.296943e-02 7.836390e-05 3.652875e-08 2.252838e-12 
3.793970e+00 9.726240e-01 2.726499e-02 1.109059e-04 6.163919e-08 4.532476e-12 
3.969849e+00 9.675062e-01 3.233684e-02 1.568304e-04 1.039240e-07 9.111252e-12 
4.145729e+00 9.614640e-01 3.831425e-02 2.215524e-04 1.750434e-07 1.829747e-11 
4.321608e+00 9.543435e-01 4.534354e-02 3.126188e-04 2.944881e-07 3.670258e-11 
4.497487e+00 9.459705e-01 5.358852e-02 4.405091e-04 4.947558e-07 7.351963e-11 
4.673367e+00 9.361495e-01 6.322995e-02 6.197113e-04 8.298678e-07 1.470296e-10 
4.849246e+00 9.246646e-01 7.446382e-02 8.701524e-04 1.389307e-06 2.934794e-10 
5.025126e+00 9.112809e-01 8.749773e-02 1.219074e-03 2.320687e-06 5.844931e-10 
5.201005e+00 8.957479e-01 1.025448e-01 1.703455e-03 3.866344e-06 1.161039e-09 
5.376884e+00 8.778059e-01 1.198146e-01 2.373068e-03 6.421901e-06 2.299287e-09 
5.552764e+00 8.571950e-01 1.395001e-01 3.294263e-03 1.062907e-05 4.537412e-09 
5.728643e+00 8.336679e-01 1.617601e-01 4.554479e-03 1.752100e-05 8.917753e-09 
5.904523e+00 8.070062e-01 1.866976e-01 6.267429e-03 2.874704e-05 1.744508e-08 
6.080402e+00 7.770412e-01 2.143331e-01 8.578739e-03 4.691488e-05 3.394486e-08 
6.256281e+00 7.436768e-01 2.445755e-01 1.167160e-02 7.610288e-05 6.565200e-08 
6.432161e+00 7.069146e-01 2.771910e-01 1.577176e-02 1.226123e-04 1.261144e-07 
6.608040e+00 6.668776e-01 3.117753e-01 2.115077e-02 1.960486e-04 2.404238e-07 
6.783920e+00 6.238299e-01 3.477325e-01 2.812634e-02 3.108380e-04 4.544974e-07 
6.959799e+00 5.781875e-01 3.842653e-01 3.705805e-02 4.883003e-04 8.512707e-07 
7.135678e+00 5.305180e-01 4.203839e-01 4.833714e-02 7.593968e-04 1.578458e-06 
7.311558e+00 4.815256e-01 4.549344e-01 6.236877e-02 1.168257e-03 2.895250e-06 
7.487437e+00 4.320210e-01 4.866510e-01 7.954620e-02 1.776537e-03 5.249347e-06 
7.663317e+00 3.828771e-01 5.142280e-01 1.002169e-01 2.668573e-03 9.401424e-06 
7.839196e+00 3.349770e-01 5.364074e-01 1.246417e-01 3.957174e-03 1.662199e-05 
8.015075e+00 2.891573e-01 5.520740e-01 1.529500e-01 5.789680e-03 2.899586e-05 
8.190955e+00 2.461558e-01 5.603466e-01 1.850940e-01 8.353738e-03 4.988222e-05 
8.366834e+00 2.065695e-01 5.606557e-01 2.208083e-01 1.188194e-02 8.459323e-05 
8.542714e+00 1.708260e-01 5.527992e-01 2.595792e-01 1.665426e-02 1.413700e-04 
8.718593e+00 1.391717e-01 5.369674e-01 3.006311e-01 2.299708e-02 2.327491e-04 
8.894472e+00 1.116759e-01 5.137360e-01 3.429331e-01 3.127748e-02 3.774248e-04 
9.070352e+00 8.824802e-02 4.840262e-01 3.852314e-01 4.189165e-02 6.027117e-04 
9.246231e+00 6.866467e-02 4.490355e-01 4.261054e-01 5.524669e-02 9.477021e-04 
9.422111e+00 5.260298e-02 4.101485e-01 4.640459e-01 7.173542e-02 1.467177e-03 
9.597990e+00 3.967511e-02 3.688352e-01 4.975487e-01 9.170473e-02 2.236270e-03 
9.773869e+00 2.946131e-02 3.265501e-01 5.252142e-01 1.154187e-01 3.355768e-03 
9.949749e+00 2.153858e-02 2.846415e-01 5.458438e-01 1.430182e-01 4.957821e-03 
1.012563e+01 1.550328e-02 2.442802e-01 5.585239e-01 1.744811e-01 7.211591e-03 
1.030151e+01 1.098712e-02 2.064106e-01 5.626897e-01 2.095844e-01 1.032821e-02 
1.047739e+01 7.666729e-03 1.717282e-01 5.581643e-01 2.478766e-01 1.456415e-02 
1.065327e+01 5.267606e-03 1.406787e-01 5.451702e-01 2.886616e-01 2.022191e-02 
1.082915e+01 3.563724e-03 1.134756e-01 5.243121e-01 3.310017e-01 2.764692e-02 
1.100503e+01 2.374080e-03 9.013161e-02 4.965328e-01 3.737419e-01 3.721961e-02 
1.118090e+01 1.557416e-03 7.049689e-02 4.630461e-01 4.155578e-01 4.934180e-02 
1.135678e+01 1.006140e-03 5.430090e-02 4.252505e-01 4.550252e-01 6.441729e-02 
1.153266e+01 6.401678e-04 4.119325e-02 3.846336e-01 4.907060e-01 8.282698e-02 
1.170854e+01 4.012014e-04 3.078068e-02 3.426753e-01 5.212431e-01 1.048997e-01 
1.188442e+01 2.477025e-04 2.265842e-02 3.007583e-01 5.454547e-01 1.308808e-01 
1.206030e+01 1.506884e-04 1.643473e-02 2.600962e-01 5.624171e-01 1.609012e-01 
1.223618e+01 9.034615e-05 1.174832e-02 2.216821e-01 5.715294e-01 1.949498e-01 
1.241206e+01 5.339933e-05 8.279141e-03 1.862618e-01 5.725522e-01 2.328535e-01 
1.258794e+01 3.112389e-05 5.753429e-03 1.543294e-01 5.656184e-01 2.742677e-01 
1.276382e+01 1.789537e-05 3.944184e-03 1.261428e-01 5.512147e-01 3.186804e-01 
1.293970e+01 1.015448e-05 2.668441e-03 1.017528e-01 5.301370e-01 3.654316e-01 
1.311558e+01 5.689218e-06 1.782526e-03 8.104161e-02 5.034232e-01 4.137469e-01 
1.329146e+01 3.148918e-06 1.176327e-03 6.376521e-02 4.722723e-01 4.627830e-01 
1.346734e+01 1.722855e-06 7.673596e-04 4.959502e-02 4.379557e-01 5.116802e-01 
1.364322e+01 9.324074e-07 4.951529e-04 3.815592e-02 4.017330e-01 5.596150e-01 
1.381910e+01 4.995120e-07 3.162736e-04 2.905822e-02 3.647775e-01 6.058475e-01 
1.399497e+01 2.650940e-07 2.001246e-04 2.192249e-02 3.281198e-01 6.497573e-01 
1.417085e+01 1.394789e-07 1.255430e-04 1.639704e-02 2.926115e-01 6.908657e-01 
1.434673e+01 7.281408e-08 7.814169e-05 1.216856e-02 2.589098e-01 7.288434e-01 
1.452261e+01 3.774497e-08 4.829588e-05 8.967056e-03 2.274797e-01 7.635049e-01 
1.469849e+01 1.944321e-08 2.966212e-05 6.566373e-03 1.986103e-01 7.947936e-01 
1.487437e+01 9.959858e-09 1.811636e-05 4.781649e-03 1.724398e-01 8.227605e-01 
1.505025e+01 5.076986e-09 1.101050e-05 3.464954e-03 1.489843e-01 8.475397e-01 
1.522613e+01 2.576881e-09 6.663143e-06 2.500074e-03 1.281679e-01 8.693253e-01 
1.540201e+01 1.303053e-09 4.017263e-06 1.797163e-03 1.098493e-01 8.883495e-01 
1.557789e+01 6.567921e-10 2.414235e-06 1.287716e-03 9.384554e-02 9.048643e-01 
1.575377e+01 3.301312e-10 1.446844e-06 9.201224e-04 7.995075e-02 9.191277e-01 
1.592965e+01 1.655425e-10 8.650237e-07 6.558967e-04 6.795100e-02 9.313922e-01 
1.610553e+01 8.284133e-11 5.161180e-07 4.665948e-04 5.763467e-02 9.418982e-01 
1.628141e+01 4.138375e-11 3.074080e-07 3.313520e-04 4.879967e-02 9.508687e-01 
1.645729e+01 2.064290e-11 1.828267e-07 2.349619e-04 4.125800e-02 9.585069e-01 
1.663317e+01 1.028411e-11 1.085973e-07 1.664027e-04 3.483812e-02 9.649954e-01 
1.680905e+01 5.118017e-12 6.443732e-08 1.177232e-04 2.938596e-02 9.704963e-01 
1.698492e+01 2.544757e-12 3.820019e-08 8.320966e-05 2.476480e-02 9.751520e-01 
1.716080e+01 1.264333e-12 2.262893e-08 5.877000e-05 2.085452e-02 9.790867e-01 
1.733668e+01 6.277668e-13 1.339629e-08 4.148199e-05 1.755042e-02 9.824081e-01 
1.751256e+01 3.115308e-13 7.926300e-09 2.926369e-05 1.476184e-02 9.852089e-01 
1.768844e+01 1.545276e-13 4.687693e-09 2.063484e-05 1.241069e-02 9.875687e-01 
1.786432e+01 7.662053e-14 2.771288e-09 1.454478e-05 1.043003e-02 9.895554e-01 
1.804020e+01 3.797907e-14 1.637813e-09 1.024880e-05 8.762641e-03 9.912271e-01 
1.821608e+01 1.882028e-14 9.676749e-10 7.219744e-06 7.359818e-03 9.926330e-01 
1.839196e+01 9.324145e-15 5.716048e-10 5.084774e-06 6.180169e-03 9.938147e-01 
1.856784e+01 4.618585e-15 3.375820e-10 3.580457e-06 5.188606e-03 9.948078e-01 
1.874372e+01 2.287385e-15 1.993393e-10 2.520784e-06 4.355432e-03 9.956420e-01 
1.891960e+01 1.132690e-15 1.176923e-10 1.774493e-06 3.655555e-03 9.963427e-01 
1.909548e+01 5.608328e-16 6.947908e-11 1.249004e-06 3.067794e-03 9.969310e-01 
1.927136e+01 2.776609e-16 4.101274e-11 8.790465e-07 2.574292e-03 9.974248e-01 
1.944724e+01 1.374553e-16 2.420744e-11 6.186221e-07 2.160006e-03 9.978394e-01 
1.962312e+01 6.804230e-17 1.428729e-11 4.353213e-07 1.812270e-03 9.981873e-01 
1.979899e+01 3.368001e-17 8.431923e-12 3.063162e-07 1.520430e-03 9.984793e-01 
1.997487e+01 1.667036e-17 4.976028e-12 2.155310e-07 1.275526e-03 9.987243e-01 
2.015075e+01 8.250884e-18 2.936445e-12 1.516464e-07 1.070029e-03 9.989298e-01 
2.032663e+01 4.083586e-18 1.732792e-12 1.066941e-07 8.976084e-04 9.991023e-01 
2.050251e+01 2.021021e-18 1.022490e-12 7.506478e-08 7.529504e-04 9.992470e-01 
2.067839e+01 1.000207e-18 6.033390e-13 5.281072e-08 6.315906e-04 9.993684e-01 
2.085427e+01 4.949942e-19 3.560043e-13 3.715347e-08 5.297811e-04 9.994702e-01 
2.103015e+01 2.449647e-19 2.100594e-13 2.613784e-08 4.443755e-04 9.995556e-01 
2.120603e+01 1.212274e-19 1.239432e-13 1.838797e-08 3.727330e-04 9.996272e-01 
2.138191e+01 5.999196e-20 7.313051e-14 1.293579e-08 3.126371e-04 9.996874e-01 
2.155779e+01 2.968802e-20 4.314894e-14 9.100140e-09 2.622279e-04 9.997378e-01 
2.173367e+01 1.469149e-20 2.545881e-14 6.401762e-09 2.199449e-04 9.997800e-01 
2.190955e+01 7.270216e-21 1.502115e-14 4.503478e-09 1.844785e-04 9.998155e-01 
2.208543e+01 3.597712e-21 8.862694e-15 3.168065e-09 1.547303e-04 9.998453e-01 
2.226131e+01 1.780342e-21 5.229092e-15 2.228630e-09 1.297785e-04 9.998702e-01 
2.243719e+01 8.810058e-22 3.085212e-15 1.567762e-09 1.088500e-04 9.998911e-01 
2.261307e+01 4.359660e-22 1.820297e-15 1.102861e-09 9.129615e-05 9.999087e-01 
2.278894e+01 2.157373e-22 1.073985e-15 7.758189e-10 7.657295e-05 9.999234e-01 
2.296482e+01 1.067571e-22 6.336556e-16 5.457564e-10 6.422399e-05 9.999358e-01 
2.314070e+01 5.282839e-23 3.738587e-16 3.839162e-10 5.386645e-05 9.999461e-01 
2.331658e+01 2.614191e-23 2.205773e-16 2.700681e-10 4.517921e-05 9.999548e-01 
2.349246e+01 1.293620e-23 1.301409e-16 1.899807e-10 3.789295e-05 9.999621e-01 
2.366834e+01 6.401409e-24 7.678316e-17 1.336427e-10 3.178173e-05 9.999682e-01 
2.384422e+01 3.167700e-24 4.530205e-17 9.401143e-11 2.665608e-05 9.999733e-01 
2.402010e+01 1.567516e-24 2.672818e-17 6.613260e-11 2.235706e-05 9.999776e-01 
2.419598e+01 7.756751e-25 1.576960e-17 4.652113e-11 1.875137e-05 9.999812e-01 
2.437186e+01 3.838374e-25 9.304039e-18 3.272538e-11 1.572718e-05 9.999843e-01 
2.454774e+01 1.899392e-25 5.489367e-18 2.302072e-11 1.319072e-05 9.999868e-01 
2.472362e+01 9.399002e-26 3.238716e-18 1.619395e-11 1.106333e-05 9.999889e-01 
2.489950e+01 4.651025e-26 1.910835e-18 1.139165e-11 9.279043e-06 9.999907e-01 
2.507538e+01 2.301524e-26 1.127388e-18 8.013468e-12 7.782523e-06 9.999922e-01 
2.525126e+01 1.138891e-26 6.651564e-19 5.637079e-12 6.527359e-06 9.999935e-01 
2.542714e+01 5.635714e-27 3.924405e-19 3.965406e-12 5.474627e-06 9.999945e-01 
2.560302e+01 2.788788e-27 2.315389e-19 2.789467e-12 4.591678e-06 9.999954e-01 
2.577889e+01 1.380009e-27 1.366073e-19 1.962251e-12 3.851131e-06 9.999961e-01 
2.595477e+01 6.828865e-28 8.059791e-20 1.380346e-12 3.230019e-06 9.999968e-01 
2.613065e+01 3.379208e-28 4.755253e-20 9.710046e-13 2.709080e-06 9.999973e-01 
2.630653e+01 1.672173e-28 2.805585e-20 6.830533e-13 2.272159e-06 9.999977e-01 
2.648241e+01 8.274612e-29 1.655287e-20 4.804939e-13 1.905704e-06 9.999981e-01 
2.665829e+01 4.094624e-29 9.766142e-21 3.380034e-13 1.598350e-06 9.999984e-01 
2.683417e+01 2.026191e-29 5.761994e-21 2.377685e-13 1.340567e-06 9.999987e-01 
2.701005e+01 1.002644e-29 3.399559e-21 1.672582e-13 1.124360e-06 9.999989e-01 
2.718593e+01 4.961498e-30 2.005729e-21 1.176578e-13 9.430223e-07 9.999991e-01 
2.736181e+01 2.455156e-30 1.183374e-21 8.276635e-14 7.909309e-07 9.999992e-01 
2.753769e+01 1.214914e-30 6.981869e-22 5.822198e-14 6.633690e-07 9.999993e-01 
2.771357e+01 6.011898e-31 4.119281e-22 4.095624e-14 5.563803e-07 9.999994e-01 
2.788945e+01 2.974937e-31 2.430362e-22 2.881066e-14 4.666469e-07 9.999995e-01 
2.806533e+01 1.472123e-31 1.433906e-22 2.026686e-14 3.913857e-07 9.999996e-01 
2.824121e+01 7.284677e-32 8.460001e-23 1.425672e-14 3.282627e-07 9.999997e-01 
2.841709e+01 3.604761e-32 4.991374e-23 1.002888e-14 2.753202e-07 9.999997e-01 
2.859296e+01 1.783786e-32 2.944894e-23 7.054817e-15 2.309163e-07 9.999998e-01 
2.876884e+01 8.826915e-33 1.737478e-23 4.962709e-15 1.936740e-07 9.999998e-01 
2.894472e+01 4.367925e-33 1.025107e-23 3.491017e-15 1.624381e-07 9.999998e-01 
2.912060e+01 2.161431e-33 6.048097e-24 2.455755e-15 1.362399e-07 9.999999e-01 
2.929648e+01 1.069566e-33 3.568358e-24 1.727500e-15 1.142670e-07 9.999999e-01 
2.947236e+01 5.292657e-34 2.105320e-24 1.215210e-15 9.583793e-08 9.999999e-01 
2.964824e+01 2.619027e-34 1.242132e-24 8.548391e-16 8.038111e-08 9.999999e-01 
2.982412e+01 1.296003e-34 7.328538e-25 6.013364e-16 6.741718e-08 9.999999e-01 
3.000000e+01 6.413164e-35 4.323814e-25 4.230099e-16 5.654408e-08 9.999999e-01 
