#E                   4            5            6            7            8 
-5.000000e+00 9.999974e-01 2.587045e-06 2.133239e-12 5.577912e-19 8.266688e-26 
-4.824121e+00 9.999969e-01 3.084518e-06 3.032538e-12 9.454135e-19 1.670572e-25 
-4.648241e+00 9.999963e-01 3.677651e-06 4.310950e-12 1.602404e-18 3.375971e-25 
-4.472362e+00 9.999956e-01 4.384839e-06 6.128293e-12 2.715951e-18 6.822321e-25 
-4.296482e+00 9.999948e-01 5.228013e-06 8.711764e-12 4.603328e-18 1.378687e-24 
-4.120603e+00 9.999938e-01 6.233324e-06 1.238433e-11 7.802286e-18 2.786115e-24 
-3.944724e+00 9.999926e-01 7.431948e-06 1.760512e-11 1.322427e-17 5.630310e-24 
-3.768844e+00 9.999911e-01 8.861056e-06 2.502679e-11 2.241411e-17 1.137799e-23 
-3.592965e+00 9.999894e-01 1.056497e-05 3.557717e-11 3.799015e-17 2.299315e-23 
-3.417085e+00 9.999874e-01 1.259652e-05 5.057518e-11 6.439031e-17 4.646559e-23 
-3.241206e+00 9.999850e-01 1.501873e-05 7.189575e-11 1.091364e-16 9.389970e-23 
-3.065327e+00 9.999821e-01 1.790669e-05 1.022042e-10 1.849775e-16 1.897565e-22 
-2.889447e+00 9.999786e-01 2.134997e-05 1.452895e-10 3.135218e-16 3.834679e-22 
-2.713568e+00 9.999745e-01 2.545534e-05 2.065377e-10 5.313936e-16 7.749275e-22 
-2.537688e+00 9.999696e-01 3.035011e-05 2.936055e-10 9.006677e-16 1.566004e-21 
-2.361809e+00 9.999638e-01 3.618605e-05 4.173771e-10 1.526555e-15 3.164638e-21 
-2.185930e+00 9.999569e-01 4.314412e-05 5.933247e-10 2.587377e-15 6.395210e-21 
-2.010050e+00 9.999486e-01 5.144006e-05 8.434430e-10 4.385372e-15 1.292365e-20 
-1.834171e+00 9.999387e-01 6.133108e-05 1.198998e-09 7.432802e-15 2.611647e-20 
-1.658291e+00 9.999269e-01 7.312384e-05 1.704434e-09 1.259789e-14 5.277682e-20 
-1.482412e+00 9.999128e-01 8.718391e-05 2.422930e-09 2.135217e-14 1.066525e-19 
-1.306533e+00 9.998960e-01 1.039471e-04 3.444297e-09 3.618971e-14 2.155249e-19 
-1.130653e+00 9.998761e-01 1.239331e-04 4.896196e-09 6.133760e-14 4.355345e-19 
-9.547739e-01 9.998522e-01 1.477612e-04 6.960098e-09 1.039601e-13 8.801284e-19 
-7.788945e-01 9.998238e-01 1.761698e-04 9.893954e-09 1.761995e-13 1.778556e-18 
-6.030151e-01 9.997899e-01 2.100391e-04 1.406443e-08 2.986348e-13 3.594070e-18 
-4.271357e-01 9.997496e-01 2.504183e-04 1.999270e-08 5.061430e-13 7.262779e-18 
-2.512563e-01 9.997014e-01 2.985580e-04 2.841957e-08 8.578328e-13 1.467627e-17 
-7.537688e-02 9.996440e-01 3.559485e-04 4.039796e-08 1.453878e-12 2.965682e-17 
1.005025e-01 9.995756e-01 4.243663e-04 5.742441e-08 2.464045e-12 5.992785e-17 
2.763819e-01 9.994940e-01 5.059282e-04 8.162591e-08 4.176030e-12 1.210952e-16 
4.522613e-01 9.993967e-01 6.031566e-04 1.160253e-07 7.077367e-12 2.446913e-16 
6.281407e-01 9.992808e-01 7.190567e-04 1.649184e-07 1.199421e-11 4.944268e-16 
8.040201e-01 9.991426e-01 8.572086e-04 2.344099e-07 2.032647e-11 9.990236e-16 
9.798995e-01 9.989778e-01 1.021876e-03 3.331741e-07 3.444615e-11 2.018543e-15 
1.155779e+00 9.987814e-01 1.218138e-03 4.735358e-07 5.837214e-11 4.078367e-15 
1.331658e+00 9.985473e-01 1.452038e-03 6.730044e-07 9.891319e-11 8.239831e-15 
1.507538e+00 9.982683e-01 1.730773e-03 9.564525e-07 1.676035e-10 1.664680e-14 
1.683417e+00 9.979357e-01 2.062903e-03 1.359207e-06 2.839807e-10 3.362946e-14 
1.859296e+00 9.975395e-01 2.458611e-03 1.931435e-06 4.811347e-10 6.793306e-14 
2.035176e+00 9.970673e-01 2.930000e-03 2.744362e-06 8.151010e-10 1.372175e-13 
2.211055e+00 9.965046e-01 3.491451e-03 3.899089e-06 1.380755e-09 2.771393e-13 
2.386935e+00 9.958344e-01 4.160038e-03 5.539082e-06 2.338702e-09 5.596798e-13 
2.562814e+00 9.950361e-01 4.956013e-03 7.867856e-06 3.960745e-09 1.130122e-12 
2.738693e+00 9.940854e-01 5.903380e-03 1.117399e-05 6.706750e-09 2.281623e-12 
2.914573e+00 9.929536e-01 7.030552e-03 1.586647e-05 1.135449e-08 4.605565e-12 
3.090452e+00 9.916063e-01 8.371113e-03 2.252463e-05 1.921889e-08 9.294522e-12 
3.266332e+00 9.900033e-01 9.964695e-03 3.196847e-05 3.252191e-08 1.875246e-11 
3.442211e+00 9.880966e-01 1.185797e-02 4.535775e-05 5.501603e-08 3.782290e-11 
3.618090e+00 9.858298e-01 1.410575e-02 6.433110e-05 9.303409e-08 7.625900e-11 
3.793970e+00 9.831364e-01 1.677226e-02 9.120101e-05 1.572549e-07 1.536869e-10 
3.969849e+00 9.799381e-01 1.993241e-02 1.292265e-04 2.656682e-07 3.095675e-10 
4.145729e+00 9.761433e-01 2.367327e-02 1.829925e-04 4.485437e-07 6.231666e-10 
4.321608e+00 9.716449e-01 2.809543e-02 2.589370e-04 7.567443e-07 1.253522e-09 
4.497487e+00 9.663183e-01 3.331438e-02 3.660781e-04 1.275593e-06 2.519291e-09 
4.673367e+00 9.600192e-01 3.946162e-02 5.170117e-04 2.147940e-06 5.057920e-09 
4.849246e+00 9.525817e-01 4.668536e-02 7.292721e-04 3.612392e-06 1.014210e-08 
5.025126e+00 9.438163e-01 5.515049e-02 1.027168e-03 6.066392e-06 2.030706e-08 
5.201005e+00 9.335081e-01 6.503744e-02 1.444240e-03 1.016978e-05 4.058930e-08 
5.376884e+00 9.214170e-01 7.653940e-02 2.026489e-03 1.701375e-05 8.096242e-08 
5.552764e+00 9.072777e-01 8.985712e-02 2.836581e-03 2.839451e-05 1.611021e-07 
5.728643e+00 8.908026e-01 1.051907e-01 3.959162e-03 4.725262e-05 3.196512e-07 
5.904523e+00 8.716867e-01 1.227268e-01 5.507432e-03 7.837097e-05 6.321048e-07 
6.080402e+00 8.496166e-01 1.426217e-01 7.630951e-03 1.294697e-04 1.245046e-06 
6.256281e+00 8.242835e-01 1.649767e-01 1.052444e-02 2.128983e-04 2.441029e-06 
6.432161e+00 7.954015e-01 1.898086e-01 1.443696e-02 3.482028e-04 4.760104e-06 
6.608040e+00 7.627321e-01 2.170126e-01 1.968015e-02 5.659372e-04 9.224353e-06 
6.783920e+00 7.261145e-01 2.463211e-01 2.663351e-02 9.131701e-04 1.774610e-05 
6.959799e+00 6.855009e-01 2.772604e-01 3.574359e-02 1.461184e-03 3.385630e-05 
7.135678e+00 6.409942e-01 3.091131e-01 4.751286e-02 2.315802e-03 6.397635e-05 
7.311558e+00 5.928846e-01 3.408921e-01 6.247325e-02 3.630511e-03 1.195829e-04 
7.487437e+00 5.416780e-01 3.713397e-01 8.113946e-02 5.621979e-03 2.207873e-04 
7.663317e+00 4.881106e-01 3.989624e-01 1.039384e-01 8.586509e-03 4.020546e-04 
7.839196e+00 4.331398e-01 4.221096e-01 1.311151e-01 1.291448e-02 7.209890e-04 
8.015075e+00 3.779073e-01 4.391025e-01 1.626211e-01 1.909785e-02 1.271217e-03 
8.190955e+00 3.236723e-01 4.484041e-01 1.979995e-01 2.772394e-02 2.200258e-03 
8.366834e+00 2.717178e-01 4.488132e-01 2.362890e-01 3.944735e-02 3.732674e-03 
8.542714e+00 2.232431e-01 4.396518e-01 2.759753e-01 5.493234e-02 6.197460e-03 
8.718593e+00 1.792563e-01 4.209096e-01 3.150167e-01 7.476096e-02 1.005643e-02 
8.894472e+00 1.404876e-01 3.933108e-01 3.509653e-01 9.930906e-02 1.592727e-02 
9.070352e+00 1.073360e-01 3.582835e-01 3.811874e-01 1.286017e-01 2.459137e-02 
9.246231e+00 7.985932e-02 3.178267e-01 4.031675e-01 1.621725e-01 3.697401e-02 
9.422111e+00 5.780539e-02 2.742941e-01 4.148539e-01 1.989620e-01 5.408454e-02 
9.597990e+00 4.067625e-02 2.301297e-01 4.149872e-01 2.372975e-01 7.690942e-02 
9.773869e+00 2.781066e-02 1.875972e-01 4.033406e-01 2.749881e-01 1.062634e-01 
9.949749e+00 1.847046e-02 1.485512e-01 3.808073e-01 3.095499e-01 1.426211e-01 
1.012563e+01 1.191789e-02 1.142830e-01 3.492962e-01 3.385344e-01 1.859685e-01 
1.030151e+01 7.475179e-03 8.546475e-02 3.114461e-01 3.598945e-01 2.357194e-01 
1.047739e+01 4.562312e-03 6.219191e-02 2.702174e-01 3.722966e-01 2.907319e-01 
1.065327e+01 2.713426e-03 4.410119e-02 2.284615e-01 3.752946e-01 3.494293e-01 
1.082915e+01 1.575459e-03 3.052973e-02 1.885685e-01 3.693277e-01 4.099986e-01 
1.100503e+01 8.948594e-04 2.067541e-02 1.522593e-01 3.555575e-01 4.706129e-01 
1.118090e+01 4.983420e-04 1.372809e-02 1.205378e-01 3.356085e-01 5.296273e-01 
1.135678e+01 2.727135e-04 8.957211e-03 9.377118e-02 3.112880e-01 5.857109e-01 
1.153266e+01 1.469760e-04 5.755671e-03 7.184160e-02 2.843495e-01 6.379062e-01 
1.170854e+01 7.817040e-05 3.649853e-03 5.431739e-02 2.563296e-01 6.856249e-01 
1.188442e+01 4.110663e-05 2.288381e-03 4.060461e-02 2.284645e-01 7.286014e-01 
1.206030e+01 2.140842e-05 1.420969e-03 3.006180e-02 2.016703e-01 7.668255e-01 
1.223618e+01 1.105861e-05 8.751533e-04 2.207486e-02 1.765665e-01 8.004724e-01 
1.241206e+01 5.673016e-06 5.352798e-04 1.609823e-02 1.535225e-01 8.298384e-01 
1.258794e+01 2.893340e-06 3.254991e-04 1.167160e-02 1.327112e-01 8.552888e-01 
1.276382e+01 1.468456e-06 1.969676e-04 8.420909e-03 1.141615e-01 8.772192e-01 
1.293970e+01 7.422333e-07 1.187019e-04 6.050695e-03 9.780237e-02 8.960275e-01 
1.311558e+01 3.738745e-07 7.128965e-05 4.332689e-03 8.349974e-02 9.120959e-01 
1.329146e+01 1.877843e-07 4.269170e-05 3.093556e-03 7.108353e-02 9.257800e-01 
1.346734e+01 9.409015e-08 2.550420e-05 2.203483e-03 6.036764e-02 9.374033e-01 
1.364322e+01 4.704903e-08 1.520554e-05 1.566330e-03 5.116360e-02 9.472548e-01 
1.381910e+01 2.348668e-08 9.050157e-06 1.111530e-03 4.328948e-02 9.555899e-01 
1.399497e+01 1.170783e-08 5.378911e-06 7.876671e-04 3.657527e-02 9.626317e-01 
1.417085e+01 5.829282e-09 3.193129e-06 5.575043e-04 3.086573e-02 9.685736e-01 
1.434673e+01 2.899488e-09 1.893678e-06 3.942044e-04 2.602155e-02 9.735824e-01 
1.452261e+01 1.441004e-09 1.122105e-06 2.785046e-04 2.191934e-02 9.778010e-01 
1.469849e+01 7.156583e-10 6.644426e-07 1.966254e-04 1.845093e-02 9.813518e-01 
1.487437e+01 3.552154e-10 3.932122e-07 1.387371e-04 1.552225e-02 9.843386e-01 
1.505025e+01 1.762238e-10 2.325858e-07 9.784355e-05 1.305202e-02 9.868499e-01 
1.522613e+01 8.738936e-11 1.375183e-07 6.897523e-05 1.097039e-02 9.889605e-01 
1.540201e+01 4.332143e-11 8.128086e-08 4.860761e-05 9.217575e-03 9.907337e-01 
1.557789e+01 2.146947e-11 4.802754e-08 3.424442e-05 7.742579e-03 9.922231e-01 
1.575377e+01 1.063738e-11 2.837181e-08 2.411959e-05 6.502034e-03 9.934738e-01 
1.592965e+01 5.269381e-12 1.675697e-08 1.698485e-05 5.459145e-03 9.945239e-01 
1.610553e+01 2.609820e-12 9.895320e-09 1.195858e-05 4.582747e-03 9.954053e-01 
1.628141e+01 1.292407e-12 5.842546e-09 8.418513e-06 3.846494e-03 9.961451e-01 
1.645729e+01 6.399354e-13 3.449232e-09 5.925692e-06 3.228139e-03 9.967659e-01 
1.663317e+01 3.168322e-13 2.036099e-09 4.170605e-06 2.708917e-03 9.972869e-01 
1.680905e+01 1.568505e-13 1.201819e-09 2.935097e-06 2.273016e-03 9.977240e-01 
1.698492e+01 7.764466e-14 7.093298e-10 2.065453e-06 1.907123e-03 9.980908e-01 
1.716080e+01 3.843365e-14 4.186313e-10 1.453390e-06 1.600034e-03 9.983985e-01 
1.733668e+01 1.902349e-14 2.470550e-10 1.022651e-06 1.342326e-03 9.986567e-01 
1.751256e+01 9.415654e-15 1.457933e-10 7.195398e-07 1.126079e-03 9.988732e-01 
1.768844e+01 4.660104e-15 8.603320e-11 5.062522e-07 9.446354e-04 9.990549e-01 
1.786432e+01 2.306365e-15 5.076705e-11 3.561773e-07 7.924046e-04 9.992072e-01 
1.804020e+01 1.141431e-15 2.995623e-11 2.505849e-07 6.646899e-04 9.993351e-01 
1.821608e+01 5.648883e-16 1.767598e-11 1.762928e-07 5.575480e-04 9.994423e-01 
1.839196e+01 2.795554e-16 1.042971e-11 1.240243e-07 4.676682e-04 9.995322e-01 
1.856784e+01 1.383461e-16 6.153958e-12 8.725144e-08 3.922719e-04 9.996076e-01 
1.874372e+01 6.846373e-17 3.631045e-12 6.138089e-08 3.290268e-04 9.996709e-01 
1.891960e+01 3.388050e-17 2.142419e-12 4.318067e-08 2.759757e-04 9.997240e-01 
1.909548e+01 1.676623e-17 1.264076e-12 3.037678e-08 2.314764e-04 9.997685e-01 
1.927136e+01 8.296936e-18 7.458289e-13 2.136934e-08 1.941509e-04 9.998058e-01 
1.944724e+01 4.105797e-18 4.400504e-13 1.503273e-08 1.628432e-04 9.998371e-01 
1.962312e+01 2.031773e-18 2.596352e-13 1.057505e-08 1.365833e-04 9.998634e-01 
1.979899e+01 1.005428e-18 1.531873e-13 7.439178e-09 1.145575e-04 9.998854e-01 
1.997487e+01 4.975367e-19 9.038167e-14 5.233185e-09 9.608338e-05 9.999039e-01 
2.015075e+01 2.462057e-19 5.332572e-14 3.681340e-09 8.058822e-05 9.999194e-01 
2.032663e+01 1.218344e-19 3.146241e-14 2.589671e-09 6.759176e-05 9.999324e-01 
2.050251e+01 6.028938e-20 1.856293e-14 1.821724e-09 5.669112e-05 9.999433e-01 
2.067839e+01 2.983396e-20 1.095217e-14 1.281503e-09 4.754836e-05 9.999525e-01 
2.085427e+01 1.476320e-20 6.461793e-15 9.014798e-10 3.988003e-05 9.999601e-01 
2.103015e+01 7.305492e-21 3.812461e-15 6.341498e-10 3.344836e-05 9.999666e-01 
2.120603e+01 3.615081e-21 2.249352e-15 4.460950e-10 2.805393e-05 9.999719e-01 
2.138191e+01 1.788900e-21 1.327117e-15 3.138068e-10 2.352947e-05 9.999765e-01 
2.155779e+01 8.852257e-22 7.829975e-16 2.207482e-10 1.973469e-05 9.999803e-01 
2.173367e+01 4.380479e-22 4.619675e-16 1.552858e-10 1.655192e-05 9.999834e-01 
2.190955e+01 2.167649e-22 2.725600e-16 1.092360e-10 1.388245e-05 9.999861e-01 
2.208543e+01 1.072645e-22 1.608099e-16 7.684223e-11 1.164350e-05 9.999884e-01 
2.226131e+01 5.307905e-23 9.487751e-17 5.405475e-11 9.765644e-06 9.999902e-01 
2.243719e+01 2.626576e-23 5.597751e-17 3.802486e-11 8.190645e-06 9.999918e-01 
2.261307e+01 1.299741e-23 3.302660e-17 2.674861e-11 6.869660e-06 9.999931e-01 
2.278894e+01 6.431665e-24 1.948561e-17 1.881633e-11 5.761722e-06 9.999942e-01 
2.296482e+01 3.182658e-24 1.149646e-17 1.323635e-11 4.832471e-06 9.999952e-01 
2.314070e+01 1.574913e-24 6.782877e-18 9.311118e-12 4.053089e-06 9.999959e-01 
2.331658e+01 7.793330e-25 4.001879e-18 6.549908e-12 3.399405e-06 9.999966e-01 
2.349246e+01 3.856466e-25 2.361097e-18 4.607534e-12 2.851148e-06 9.999971e-01 
2.366834e+01 1.908340e-25 1.393040e-18 3.241170e-12 2.391313e-06 9.999976e-01 
2.384422e+01 9.443266e-26 8.218895e-19 2.280001e-12 2.005641e-06 9.999980e-01 
2.402010e+01 4.672922e-26 4.849123e-19 1.603867e-12 1.682170e-06 9.999983e-01 
2.419598e+01 2.312357e-26 2.860968e-19 1.128240e-12 1.410869e-06 9.999986e-01 
2.437186e+01 1.144251e-26 1.687962e-19 7.936604e-13 1.183323e-06 9.999988e-01 
2.454774e+01 5.662229e-27 9.958925e-20 5.583004e-13 9.924756e-07 9.999990e-01 
2.472362e+01 2.801907e-27 5.875735e-20 3.927363e-13 8.324084e-07 9.999992e-01 
2.489950e+01 1.386500e-27 3.466665e-20 2.762703e-13 6.981569e-07 9.999993e-01 
2.507538e+01 6.860981e-28 2.045321e-20 1.943423e-13 5.855576e-07 9.999994e-01 
2.525126e+01 3.395099e-28 1.206733e-20 1.367101e-13 4.911184e-07 9.999995e-01 
2.542714e+01 1.680036e-28 7.119688e-21 9.616868e-14 4.119105e-07 9.999996e-01 
2.560302e+01 8.313519e-29 4.200593e-21 6.764984e-14 3.454772e-07 9.999997e-01 
2.577889e+01 4.113875e-29 2.478337e-21 4.758827e-14 2.897584e-07 9.999997e-01 
2.595477e+01 2.035717e-29 1.462211e-21 3.347596e-14 2.430259e-07 9.999998e-01 
2.613065e+01 1.007357e-29 8.626996e-22 2.354866e-14 2.038305e-07 9.999998e-01 
2.630653e+01 4.984823e-30 5.089900e-22 1.656530e-14 1.709565e-07 9.999998e-01 
2.648241e+01 2.466698e-30 3.003025e-22 1.165286e-14 1.433845e-07 9.999999e-01 
2.665829e+01 1.220625e-30 1.771775e-22 8.197199e-15 1.202593e-07 9.999999e-01 
2.683417e+01 6.040159e-31 1.045342e-22 5.766318e-15 1.008638e-07 9.999999e-01 
2.701005e+01 2.988922e-31 6.167482e-23 4.056315e-15 8.459640e-08 9.999999e-01 
2.718593e+01 1.479043e-31 3.638795e-23 2.853414e-15 7.095262e-08 9.999999e-01 
2.736181e+01 7.318919e-32 2.146877e-23 2.007233e-15 5.950932e-08 9.999999e-01 
2.753769e+01 3.621706e-32 1.266651e-23 1.411988e-15 4.991161e-08 1.000000e+00 
2.771357e+01 1.792171e-32 7.473198e-24 9.932626e-16 4.186182e-08 1.000000e+00 
2.788945e+01 8.868405e-33 4.409163e-24 6.987103e-16 3.511031e-08 1.000000e+00 
2.806533e+01 4.388456e-33 2.601392e-24 4.915076e-16 2.944769e-08 1.000000e+00 
2.824121e+01 2.171590e-33 1.534813e-24 3.457509e-16 2.469834e-08 1.000000e+00 
2.841709e+01 1.074593e-33 9.055347e-25 2.432184e-16 2.071497e-08 1.000000e+00 
2.859296e+01 5.317535e-34 5.342625e-25 1.710919e-16 1.737404e-08 1.000000e+00 
2.876884e+01 2.631337e-34 3.152132e-25 1.203546e-16 1.457194e-08 1.000000e+00 
2.894472e+01 1.302095e-34 1.859748e-25 8.466341e-17 1.222177e-08 1.000000e+00 
2.912060e+01 6.443308e-35 1.097245e-25 5.955646e-17 1.025063e-08 1.000000e+00 
2.929648e+01 3.188417e-35 6.473711e-26 4.189498e-17 8.597399e-09 1.000000e+00 
2.947236e+01 1.577761e-35 3.819469e-26 2.947101e-17 7.210803e-09 1.000000e+00 
2.964824e+01 7.807419e-36 2.253474e-26 2.073138e-17 6.047838e-09 1.000000e+00 
2.982412e+01 3.863436e-36 1.329543e-26 1.458348e-17 5.072438e-09 1.000000e+00 
3.000000e+01 1.911789e-36 7.844258e-27 1.025875e-17 4.254350e-09 1.000000e+00 
