#E                   5            6            7            8 
-5.000000e+00 9.999998e-01 1.774622e-07 9.807303e-15 1.449182e-22 
-4.824121e+00 9.999998e-01 2.115872e-07 1.394172e-14 2.456253e-22 
-4.648241e+00 9.999997e-01 2.522742e-07 1.981907e-14 4.163164e-22 
-4.472362e+00 9.999997e-01 3.007850e-07 2.817411e-14 7.056248e-22 
-4.296482e+00 9.999996e-01 3.586243e-07 4.005135e-14 1.195981e-21 
-4.120603e+00 9.999996e-01 4.275856e-07 5.693561e-14 2.027097e-21 
-3.944724e+00 9.999995e-01 5.098078e-07 8.093770e-14 3.435776e-21 
-3.768844e+00 9.999994e-01 6.078409e-07 1.150582e-13 5.823380e-21 
-3.592965e+00 9.999993e-01 7.247251e-07 1.635628e-13 9.870188e-21 
-3.417085e+00 9.999991e-01 8.640855e-07 2.325152e-13 1.672922e-20 
-3.241206e+00 9.999990e-01 1.030244e-06 3.305356e-13 2.835476e-20 
-3.065327e+00 9.999988e-01 1.228354e-06 4.698779e-13 4.805917e-20 
-2.889447e+00 9.999985e-01 1.464559e-06 6.679622e-13 8.145664e-20 
-2.713568e+00 9.999983e-01 1.746184e-06 9.495518e-13 1.380628e-19 
-2.537688e+00 9.999979e-01 2.081965e-06 1.349850e-12 2.340060e-19 
-2.361809e+00 9.999975e-01 2.482314e-06 1.918899e-12 3.966223e-19 
-2.185930e+00 9.999970e-01 2.959647e-06 2.727840e-12 6.722445e-19 
-2.010050e+00 9.999965e-01 3.528768e-06 3.877801e-12 1.139403e-18 
-1.834171e+00 9.999958e-01 4.207327e-06 5.512544e-12 1.931201e-18 
-1.658291e+00 9.999950e-01 5.016368e-06 7.836437e-12 3.273237e-18 
-1.482412e+00 9.999940e-01 5.980981e-06 1.114000e-11 5.547884e-18 
-1.306533e+00 9.999929e-01 7.131081e-06 1.583622e-11 9.403234e-18 
-1.130653e+00 9.999915e-01 8.502336e-06 2.251219e-11 1.593775e-17 
-9.547739e-01 9.999899e-01 1.013727e-05 3.200251e-11 2.701324e-17 
-7.788945e-01 9.999879e-01 1.208658e-05 4.549358e-11 4.578531e-17 
-6.030151e-01 9.999856e-01 1.441073e-05 6.467195e-11 7.760246e-17 
-4.271357e-01 9.999828e-01 1.718179e-05 9.193517e-11 1.315299e-16 
-2.512563e-01 9.999795e-01 2.048568e-05 1.306914e-10 2.229326e-16 
-7.537688e-02 9.999756e-01 2.442486e-05 1.857857e-10 3.778524e-16 
1.005025e-01 9.999709e-01 2.912148e-05 2.641054e-10 6.404283e-16 
2.763819e-01 9.999653e-01 3.472118e-05 3.754410e-10 1.085472e-15 
4.522613e-01 9.999586e-01 4.139759e-05 5.337104e-10 1.839780e-15 
6.281407e-01 9.999506e-01 4.935771e-05 7.586983e-10 3.118263e-15 
8.040201e-01 9.999412e-01 5.884836e-05 1.078529e-09 5.285171e-15 
9.798995e-01 9.999298e-01 7.016376e-05 1.533183e-09 8.957864e-15 
1.155779e+00 9.999163e-01 8.365473e-05 2.179490e-09 1.518270e-14 
1.331658e+00 9.999003e-01 9.973944e-05 3.098239e-09 2.573311e-14 
1.507538e+00 9.998811e-01 1.189165e-04 4.404265e-09 4.361485e-14 
1.683417e+00 9.998582e-01 1.417802e-04 6.260808e-09 7.392218e-14 
1.859296e+00 9.998310e-01 1.690391e-04 8.899907e-09 1.252891e-13 
2.035176e+00 9.997984e-01 2.015378e-04 1.265139e-08 2.123487e-13 
2.211055e+00 9.997597e-01 2.402831e-04 1.798408e-08 3.599010e-13 
2.386935e+00 9.997135e-01 2.864749e-04 2.556437e-08 6.099768e-13 
2.562814e+00 9.996584e-01 3.415435e-04 3.633943e-08 1.033808e-12 
2.738693e+00 9.995928e-01 4.071936e-04 5.165549e-08 1.752111e-12 
2.914573e+00 9.995145e-01 4.854566e-04 7.342592e-08 2.969463e-12 
3.090452e+00 9.994211e-01 5.787531e-04 1.043700e-07 5.032546e-12 
3.266332e+00 9.993099e-01 6.899671e-04 1.483523e-07 8.528836e-12 
3.442211e+00 9.991773e-01 8.225347e-04 2.108645e-07 1.445381e-11 
3.618090e+00 9.990192e-01 9.805482e-04 2.997103e-07 2.449425e-11 
3.793970e+00 9.988307e-01 1.168881e-03 4.259775e-07 4.150807e-11 
3.969849e+00 9.986061e-01 1.393337e-03 6.054188e-07 7.033722e-11 
4.145729e+00 9.983383e-01 1.660823e-03 8.604118e-07 1.191843e-10 
4.321608e+00 9.980192e-01 1.979556e-03 1.222741e-06 2.019438e-10 
4.497487e+00 9.976389e-01 2.359314e-03 1.737544e-06 3.421491e-10 
4.673367e+00 9.971858e-01 2.811719e-03 2.468911e-06 5.796535e-10 
4.849246e+00 9.966459e-01 3.350581e-03 3.507819e-06 9.819370e-10 
5.025126e+00 9.960027e-01 3.992301e-03 4.983376e-06 1.663235e-09 
5.201005e+00 9.952366e-01 4.756336e-03 7.078747e-06 2.816889e-09 
5.376884e+00 9.943242e-01 5.665753e-03 1.005368e-05 4.770038e-09 
5.552764e+00 9.932379e-01 6.747865e-03 1.427635e-05 8.076021e-09 
5.728643e+00 9.919448e-01 8.034966e-03 2.026834e-05 1.367042e-08 
5.904523e+00 9.904060e-01 9.565183e-03 2.876808e-05 2.313440e-08 
6.080402e+00 9.885757e-01 1.138344e-02 4.082014e-05 3.913859e-08 
6.256281e+00 9.863995e-01 1.354253e-02 5.790077e-05 6.619092e-08 
6.432161e+00 9.838134e-01 1.610435e-02 8.209394e-05 1.118945e-07 
6.608040e+00 9.807423e-01 1.914118e-02 1.163376e-04 1.890607e-07 
6.783920e+00 9.770978e-01 2.273711e-02 1.647670e-04 3.192528e-07 
6.959799e+00 9.727768e-01 2.698944e-02 2.331913e-04 5.387164e-07 
7.135678e+00 9.676593e-01 3.201007e-02 3.297528e-04 9.082802e-07 
7.311558e+00 9.616060e-01 3.792667e-02 4.658328e-04 1.529836e-06 
7.487437e+00 9.544566e-01 4.488355e-02 6.572884e-04 2.573678e-06 
7.663317e+00 9.460277e-01 5.304182e-02 9.261270e-04 4.323668e-06 
7.839196e+00 9.361114e-01 6.257855e-02 1.302750e-03 7.251475e-06 
8.015075e+00 9.244744e-01 7.368453e-02 1.828923e-03 1.213791e-05 
8.190955e+00 9.108584e-01 8.655970e-02 2.561641e-03 2.026984e-05 
8.366834e+00 8.949824e-01 1.014058e-01 3.578070e-03 3.375704e-05 
8.542714e+00 8.765472e-01 1.184151e-01 4.981688e-03 5.603708e-05 
8.718593e+00 8.552434e-01 1.377542e-01 6.909679e-03 9.267024e-05 
8.894472e+00 8.307636e-01 1.595424e-01 9.541408e-03 1.525732e-04 
9.070352e+00 8.028195e-01 1.838231e-01 1.310750e-02 2.499017e-04 
9.246231e+00 7.711651e-01 2.105295e-01 1.789848e-02 4.068638e-04 
9.422111e+00 7.356258e-01 2.394451e-01 2.427128e-02 6.578228e-04 
9.597990e+00 6.961321e-01 2.701619e-01 3.265084e-02 1.055101e-03 
9.773869e+00 6.527575e-01 3.020423e-01 4.352326e-02 1.676890e-03 
9.949749e+00 6.057545e-01 3.341920e-01 5.741602e-02 2.637544e-03 
1.012563e+01 5.555848e-01 3.654544e-01 7.486066e-02 4.100188e-03 
1.030151e+01 5.029360e-01 3.944383e-01 9.633475e-02 6.290954e-03 
1.047739e+01 4.487169e-01 4.195872e-01 1.221827e-01 9.513199e-03 
1.065327e+01 3.940250e-01 4.392957e-01 1.525204e-01 1.415886e-02 
1.082915e+01 3.400840e-01 4.520671e-01 1.871359e-01 2.071291e-02 
1.100503e+01 2.881546e-01 4.566943e-01 2.254049e-01 2.974615e-02 
1.118090e+01 2.394277e-01 4.524368e-01 2.662436e-01 4.189189e-02 
1.135678e+01 1.949179e-01 4.391558e-01 3.081224e-01 5.780395e-02 
1.153266e+01 1.553737e-01 4.173763e-01 3.491531e-01 7.809687e-02 
1.170854e+01 1.212226e-01 3.882555e-01 3.872480e-01 1.032738e-01 
1.188442e+01 9.255917e-02 3.534572e-01 4.203314e-01 1.336523e-01 
1.206030e+01 6.917502e-02 3.149561e-01 4.465690e-01 1.692999e-01 
1.223618e+01 5.062304e-02 2.748100e-01 4.645735e-01 2.099935e-01 
1.241206e+01 3.629875e-02 2.349413e-01 4.735488e-01 2.552112e-01 
1.258794e+01 2.552363e-02 1.969671e-01 4.733501e-01 3.041591e-01 
1.276382e+01 1.761719e-02 1.620956e-01 4.644549e-01 3.558323e-01 
1.293970e+01 1.194998e-02 1.310947e-01 4.478585e-01 4.090968e-01 
1.311558e+01 7.975680e-03 1.043204e-01 4.249212e-01 4.627827e-01 
1.329146e+01 5.244427e-03 8.178676e-02 3.971967e-01 5.157721e-01 
1.346734e+01 3.401950e-03 6.325522e-02 3.662709e-01 5.670719e-01 
1.364322e+01 2.179839e-03 4.832549e-02 3.336305e-01 6.158641e-01 
1.381910e+01 1.381464e-03 3.651531e-02 3.005717e-01 6.615316e-01 
1.399497e+01 8.669662e-04 2.732253e-02 2.681497e-01 7.036608e-01 
1.417085e+01 5.393970e-04 2.026799e-02 2.371650e-01 7.420276e-01 
1.434673e+01 3.330575e-04 1.492124e-02 2.081748e-01 7.765709e-01 
1.452261e+01 2.042938e-04 1.091250e-02 1.815228e-01 8.073604e-01 
1.469849e+01 1.245940e-04 7.935048e-03 1.573765e-01 8.345639e-01 
1.487437e+01 7.561096e-05 5.741440e-03 1.357671e-01 8.584159e-01 
1.505025e+01 4.568989e-05 4.136562e-03 1.166264e-01 8.791914e-01 
1.522613e+01 2.750857e-05 2.969416e-03 9.981862e-02 8.971845e-01 
1.540201e+01 1.651049e-05 2.124939e-03 8.516683e-02 9.126917e-01 
1.557789e+01 9.883186e-06 1.516585e-03 7.247268e-02 9.260009e-01 
1.575377e+01 5.902721e-06 1.079955e-03 6.153135e-02 9.373828e-01 
1.592965e+01 3.518640e-06 7.675587e-04 5.214179e-02 9.470871e-01 
1.610553e+01 2.094076e-06 5.446439e-04 4.411339e-02 9.553399e-01 
1.628141e+01 1.244555e-06 3.859381e-04 3.726996e-02 9.623429e-01 
1.645729e+01 7.388092e-07 2.731614e-04 3.145170e-02 9.682744e-01 
1.663317e+01 4.381532e-07 1.931508e-04 2.651580e-02 9.732906e-01 
1.680905e+01 2.596342e-07 1.364633e-04 2.233611e-02 9.775272e-01 
1.698492e+01 1.537434e-07 9.634608e-05 1.880222e-02 9.811013e-01 
1.716080e+01 9.098665e-08 6.798273e-05 1.581820e-02 9.841137e-01 
1.733668e+01 5.382023e-08 4.794572e-05 1.330123e-02 9.866508e-01 
1.751256e+01 3.182248e-08 3.380040e-05 1.118014e-02 9.887860e-01 
1.768844e+01 1.880927e-08 2.382007e-05 9.394031e-03 9.905821e-01 
1.786432e+01 1.111432e-08 1.678177e-05 7.890965e-03 9.920922e-01 
1.804020e+01 6.565804e-09 1.182023e-05 6.626770e-03 9.933614e-01 
1.821608e+01 3.877962e-09 8.323867e-06 5.563965e-03 9.944277e-01 
1.839196e+01 2.290045e-09 5.860696e-06 4.670807e-03 9.953233e-01 
1.856784e+01 1.352140e-09 4.125820e-06 3.920455e-03 9.960754e-01 
1.874372e+01 7.982642e-10 2.904147e-06 3.290245e-03 9.967068e-01 
1.891960e+01 4.712238e-10 2.044008e-06 2.761059e-03 9.972369e-01 
1.909548e+01 2.781445e-10 1.438499e-06 2.316786e-03 9.976818e-01 
1.927136e+01 1.641658e-10 1.012290e-06 1.943860e-03 9.980551e-01 
1.944724e+01 9.688770e-11 7.123188e-07 1.630864e-03 9.983684e-01 
1.962312e+01 5.717848e-11 5.012124e-07 1.368197e-03 9.986313e-01 
1.979899e+01 3.374257e-11 3.526557e-07 1.147787e-03 9.988519e-01 
1.997487e+01 1.991170e-11 2.481215e-07 9.628490e-04 9.990369e-01 
2.015075e+01 1.174966e-11 1.745681e-07 8.076853e-04 9.991921e-01 
2.032663e+01 6.933167e-12 1.228159e-07 6.775094e-04 9.993224e-01 
2.050251e+01 4.090993e-12 8.640428e-08 5.683022e-04 9.994316e-01 
2.067839e+01 2.413894e-12 6.078664e-08 4.766897e-04 9.995232e-01 
2.085427e+01 1.424299e-12 4.276364e-08 3.998395e-04 9.996001e-01 
2.103015e+01 8.403862e-13 3.008401e-08 3.353747e-04 9.996646e-01 
2.120603e+01 4.958520e-13 2.116374e-08 2.813004e-04 9.997187e-01 
2.138191e+01 2.925644e-13 1.488830e-08 2.359427e-04 9.997640e-01 
2.155779e+01 1.726186e-13 1.047357e-08 1.978972e-04 9.998021e-01 
2.173367e+01 1.018477e-13 7.367866e-09 1.659855e-04 9.998340e-01 
2.190955e+01 6.009141e-14 5.183063e-09 1.392189e-04 9.998608e-01 
2.208543e+01 3.545453e-14 3.646106e-09 1.167682e-04 9.998832e-01 
2.226131e+01 2.091845e-14 2.564901e-09 9.793755e-05 9.999021e-01 
2.243719e+01 1.234202e-14 1.804307e-09 8.214339e-05 9.999179e-01 
2.261307e+01 7.281846e-15 1.269256e-09 6.889615e-05 9.999311e-01 
2.278894e+01 4.296313e-15 8.928681e-10 5.778516e-05 9.999422e-01 
2.296482e+01 2.534835e-15 6.280937e-10 4.846597e-05 9.999515e-01 
2.314070e+01 1.495556e-15 4.418359e-10 4.064965e-05 9.999593e-01 
2.331658e+01 8.823790e-16 3.108114e-10 3.409387e-05 9.999659e-01 
2.349246e+01 5.206037e-16 2.186414e-10 2.859534e-05 9.999714e-01 
2.366834e+01 3.071559e-16 1.538039e-10 2.398357e-05 9.999760e-01 
2.384422e+01 1.812217e-16 1.081938e-10 2.011555e-05 9.999799e-01 
2.402010e+01 1.069206e-16 7.610913e-11 1.687135e-05 9.999831e-01 
2.419598e+01 6.308296e-17 5.353910e-11 1.415037e-05 9.999858e-01 
2.437186e+01 3.721883e-17 3.766215e-11 1.186821e-05 9.999881e-01 
2.454774e+01 2.195903e-17 2.649348e-11 9.954113e-06 9.999900e-01 
2.472362e+01 1.295578e-17 1.863686e-11 8.348719e-06 9.999917e-01 
2.489950e+01 7.643878e-18 1.311012e-11 7.002239e-06 9.999930e-01 
2.507538e+01 4.509869e-18 9.222319e-12 5.872919e-06 9.999941e-01 
2.525126e+01 2.660811e-18 6.487444e-12 4.925734e-06 9.999951e-01 
2.542714e+01 1.569871e-18 4.563595e-12 4.131311e-06 9.999959e-01 
2.560302e+01 9.262194e-19 3.210262e-12 3.465012e-06 9.999965e-01 
2.577889e+01 5.464668e-19 2.258259e-12 2.906173e-06 9.999971e-01 
2.595477e+01 3.224138e-19 1.588573e-12 2.437464e-06 9.999976e-01 
2.613065e+01 1.902232e-19 1.117482e-12 2.044349e-06 9.999980e-01 
2.630653e+01 1.122311e-19 7.860924e-13 1.714635e-06 9.999983e-01 
2.648241e+01 6.621601e-20 5.529767e-13 1.438097e-06 9.999986e-01 
2.665829e+01 3.906724e-20 3.889914e-13 1.206160e-06 9.999988e-01 
2.683417e+01 2.304955e-20 2.736360e-13 1.011630e-06 9.999990e-01 
2.701005e+01 1.359916e-20 1.924892e-13 8.484734e-07 9.999992e-01 
2.718593e+01 8.023463e-21 1.354065e-13 7.116309e-07 9.999993e-01 
2.736181e+01 4.733818e-21 9.525169e-14 5.968585e-07 9.999994e-01 
2.753769e+01 2.792938e-21 6.700478e-14 5.005967e-07 9.999995e-01 
2.771357e+01 1.647824e-21 4.713450e-14 4.198601e-07 9.999996e-01 
2.788945e+01 9.722112e-22 3.315676e-14 3.521447e-07 9.999996e-01 
2.806533e+01 5.736015e-22 2.332412e-14 2.953505e-07 9.999997e-01 
2.824121e+01 3.384231e-22 1.640734e-14 2.477161e-07 9.999998e-01 
2.841709e+01 1.996685e-22 1.154174e-14 2.077643e-07 9.999998e-01 
2.859296e+01 1.178038e-22 8.119037e-15 1.742559e-07 9.999998e-01 
2.876884e+01 6.950386e-23 5.711335e-15 1.461517e-07 9.999999e-01 
2.894472e+01 4.100706e-23 4.017637e-15 1.225803e-07 9.999999e-01 
2.912060e+01 2.419403e-23 2.826206e-15 1.028104e-07 9.999999e-01 
2.929648e+01 1.427440e-23 1.988094e-15 8.622906e-08 9.999999e-01 
2.947236e+01 8.421851e-24 1.398524e-15 7.232197e-08 9.999999e-01 
2.964824e+01 4.968865e-24 9.837917e-16 6.065782e-08 9.999999e-01 
2.982412e+01 2.931614e-24 6.920481e-16 5.087487e-08 9.999999e-01 
3.000000e+01 1.729643e-24 4.868211e-16 4.266973e-08 1.000000e+00 
