#E                   2            3            4            5            6 
-5.000000e+00 9.999626e-01 3.742993e-05 4.276465e-10 1.522958e-15 1.422140e-21 
-4.824121e+00 9.999554e-01 4.462717e-05 6.079231e-10 2.581280e-15 2.873910e-21 
-4.648241e+00 9.999468e-01 5.320826e-05 8.641952e-10 4.375037e-15 5.807687e-21 
-4.472362e+00 9.999366e-01 6.343925e-05 1.228498e-09 7.415281e-15 1.173634e-20 
-4.296482e+00 9.999244e-01 7.563733e-05 1.746369e-09 1.256819e-14 2.371707e-20 
-4.120603e+00 9.999098e-01 9.018064e-05 2.482541e-09 2.130182e-14 4.792792e-20 
-3.944724e+00 9.998925e-01 1.075200e-04 3.529034e-09 3.610435e-14 9.685339e-20 
-3.768844e+00 9.998718e-01 1.281928e-04 5.016650e-09 6.119289e-14 1.957220e-19 
-3.592965e+00 9.998472e-01 1.528398e-04 7.131321e-09 1.037148e-13 3.955148e-19 
-3.417085e+00 9.998178e-01 1.822247e-04 1.013734e-08 1.757835e-13 7.992521e-19 
-3.241206e+00 9.997827e-01 2.172578e-04 1.441039e-08 2.979294e-13 1.615111e-18 
-3.065327e+00 9.997410e-01 2.590244e-04 2.048446e-08 5.049467e-13 3.263759e-18 
-2.889447e+00 9.996912e-01 3.088179e-04 2.911856e-08 8.558038e-13 6.595234e-18 
-2.713568e+00 9.996318e-01 3.681800e-04 4.139148e-08 1.450437e-12 1.332718e-17 
-2.537688e+00 9.995610e-01 4.389478e-04 5.883654e-08 2.458207e-12 2.693031e-17 
-2.361809e+00 9.994766e-01 5.233107e-04 8.363293e-08 4.166123e-12 5.441748e-17 
-2.185930e+00 9.993760e-01 6.238776e-04 1.188777e-07 7.060553e-12 1.099584e-16 
-2.010050e+00 9.992561e-01 7.437564e-04 1.689722e-07 1.196567e-11 2.221827e-16 
-1.834171e+00 9.991131e-01 8.866496e-04 2.401707e-07 2.027800e-11 4.489334e-16 
-1.658291e+00 9.989427e-01 1.056967e-03 3.413602e-07 3.436382e-11 9.070717e-16 
-1.482412e+00 9.987396e-01 1.259959e-03 4.851672e-07 5.823224e-11 1.832682e-15 
-1.306533e+00 9.984974e-01 1.501878e-03 6.895298e-07 9.867532e-11 3.702675e-15 
-1.130653e+00 9.982089e-01 1.790163e-03 9.799286e-07 1.671989e-10 7.480383e-15 
-9.547739e-01 9.978649e-01 2.133666e-03 1.392553e-06 2.832918e-10 1.511152e-14 
-7.788945e-01 9.974551e-01 2.542913e-03 1.978792e-06 4.799611e-10 3.052554e-14 
-6.030151e-01 9.969668e-01 3.030416e-03 2.811606e-06 8.130995e-10 6.165731e-14 
-4.271357e-01 9.963850e-01 3.611039e-03 3.994549e-06 1.377338e-09 1.245274e-13 
-2.512563e-01 9.956919e-01 4.302426e-03 5.674564e-06 2.332860e-09 2.514759e-13 
-7.537688e-02 9.948664e-01 5.125505e-03 8.060077e-06 3.950744e-09 5.077735e-13 
1.005025e-01 9.938835e-01 6.105072e-03 1.144661e-05 6.689596e-09 1.025120e-12 
2.763819e-01 9.927133e-01 7.270472e-03 1.625294e-05 1.132501e-08 2.069173e-12 
4.522613e-01 9.913205e-01 8.656380e-03 2.307221e-05 1.916811e-08 4.175618e-12 
6.281407e-01 9.896635e-01 1.030370e-02 3.274384e-05 3.243419e-08 8.424188e-12 
8.040201e-01 9.876929e-01 1.226058e-02 4.645483e-05 5.486404e-08 1.699011e-11 
9.798995e-01 9.853505e-01 1.458355e-02 6.588197e-05 9.276986e-08 3.425302e-11 
1.155779e+00 9.825677e-01 1.733878e-02 9.339104e-05 1.567938e-07 6.902468e-11 
1.331658e+00 9.792640e-01 2.060342e-02 1.323151e-04 2.648602e-07 1.390194e-10 
1.507538e+00 9.753452e-01 2.446703e-02 1.873419e-04 4.471215e-07 2.798130e-10 
1.683417e+00 9.707012e-01 2.903300e-02 2.650507e-04 7.542289e-07 5.627674e-10 
1.859296e+00 9.652042e-01 3.441986e-02 3.746533e-04 1.271122e-06 1.130828e-09 
2.035176e+00 9.587065e-01 4.076233e-02 5.290089e-04 2.139952e-06 2.269847e-09 
2.211055e+00 9.510384e-01 4.821196e-02 7.460059e-04 3.598046e-06 4.550329e-09 
2.386935e+00 9.420066e-01 5.693694e-02 1.050425e-03 6.040501e-06 9.108199e-09 
2.562814e+00 9.313927e-01 6.712070e-02 1.476423e-03 1.012284e-05 1.819890e-08 
2.738693e+00 9.189534e-01 7.895881e-02 2.070801e-03 1.692830e-05 3.628605e-08 
2.914573e+00 9.044211e-01 9.265337e-02 2.897227e-03 2.823844e-05 7.216900e-08 
3.090452e+00 8.875072e-01 1.084041e-01 4.041574e-03 4.696695e-05 1.431152e-07 
3.266332e+00 8.679080e-01 1.263954e-01 5.618486e-03 7.784747e-05 2.828273e-07 
3.442211e+00 8.453144e-01 1.467774e-01 7.779125e-03 1.285107e-04 5.566724e-07 
3.618090e+00 8.194257e-01 1.696422e-01 1.071986e-02 2.111451e-04 1.090498e-06 
3.793970e+00 7.899692e-01 1.949925e-01 1.469117e-02 3.450103e-04 2.124512e-06 
3.969849e+00 7.567254e-01 2.227048e-01 2.000560e-02 5.601580e-04 4.112644e-06 
4.145729e+00 7.195587e-01 2.524881e-01 2.704247e-02 9.027943e-04 7.902834e-06 
4.321608e+00 6.784529e-01 2.838428e-01 3.624655e-02 1.442755e-03 1.505810e-05 
4.497487e+00 6.335473e-01 3.160244e-01 4.811638e-02 2.283507e-03 2.841602e-05 
4.673367e+00 5.851713e-01 3.480231e-01 6.317770e-02 3.574840e-03 5.303970e-05 
4.849246e+00 5.338693e-01 3.785676e-01 8.193749e-02 5.527884e-03 9.778827e-05 
5.025126e+00 4.804094e-01 4.061659e-01 1.048157e-01 8.431132e-03 1.778268e-04 
5.201005e+00 4.257701e-01 4.291910e-01 1.320556e-01 1.266484e-02 3.184892e-04 
5.376884e+00 3.710973e-01 4.460122e-01 1.636200e-01 1.870953e-02 5.609719e-04 
5.552764e+00 3.176343e-01 4.551658e-01 1.990869e-01 2.714268e-02 9.703188e-04 
5.728643e+00 2.666268e-01 4.555432e-01 2.375669e-01 3.861709e-02 1.645980e-03 
5.904523e+00 2.192177e-01 4.465653e-01 2.776674e-01 5.381481e-02 2.734830e-03 
6.080402e+00 1.763454e-01 4.283085e-01 3.175266e-01 7.337372e-02 4.445827e-03 
6.256281e+00 1.386638e-01 4.015497e-01 3.549328e-01 9.778901e-02 7.064567e-03 
6.432161e+00 1.064997e-01 3.677123e-01 3.875238e-01 1.272992e-01 1.096490e-02 
6.608040e+00 7.985090e-02 3.287175e-01 4.130442e-01 1.617735e-01 1.661383e-02 
6.783920e+00 5.842537e-02 2.867662e-01 4.296206e-01 2.006224e-01 2.456548e-02 
6.959799e+00 4.171001e-02 2.440901e-01 4.360044e-01 2.427552e-01 3.544033e-02 
7.135678e+00 2.905371e-02 2.027192e-01 4.317368e-01 2.866026e-01 4.988764e-02 
7.311558e+00 1.974989e-02 1.643015e-01 4.172046e-01 3.302126e-01 6.853144e-02 
7.487437e+00 1.310625e-02 1.299986e-01 3.935770e-01 3.714135e-01 9.190463e-02 
7.663317e+00 8.494877e-03 1.004618e-01 3.626396e-01 4.080250e-01 1.203788e-01 
7.839196e+00 5.381171e-03 7.587593e-02 3.265592e-01 4.380835e-01 1.541003e-01 
8.015075e+00 3.334050e-03 5.605091e-02 2.876233e-01 4.600472e-01 1.929445e-01 
8.190955e+00 2.022235e-03 4.053458e-02 2.479993e-01 4.729468e-01 2.364971e-01 
8.366834e+00 1.201971e-03 2.872575e-02 2.095461e-01 4.764584e-01 2.840677e-01 
8.542714e+00 7.008764e-04 1.997112e-02 1.736977e-01 4.708937e-01 3.347366e-01 
8.718593e+00 4.014146e-04 1.363759e-02 1.414206e-01 4.571144e-01 3.874260e-01 
8.894472e+00 2.260976e-04 9.158490e-03 1.132355e-01 4.363934e-01 4.409866e-01 
9.070352e+00 1.254051e-04 6.056566e-03 8.928294e-02 4.102491e-01 4.942860e-01 
9.246231e+00 6.858408e-05 3.949282e-03 6.941345e-02 3.802824e-01 5.462863e-01 
9.422111e+00 3.703314e-05 2.542546e-03 5.328166e-02 3.480357e-01 5.961031e-01 
9.597990e+00 1.976851e-05 1.618213e-03 4.043226e-02 3.148890e-01 6.430408e-01 
9.773869e+00 1.044501e-05 1.019422e-03 3.036895e-02 2.819958e-01 6.866054e-01 
9.949749e+00 5.468921e-06 6.364001e-04 2.260422e-02 2.502568e-01 7.264971e-01 
1.012563e+01 2.840696e-06 3.941275e-04 1.669089e-02 2.203228e-01 7.625894e-01 
1.030151e+01 1.465252e-06 2.423861e-04 1.223866e-02 1.926182e-01 7.948993e-01 
1.047739e+01 7.512058e-07 1.481624e-04 8.919645e-03 1.673764e-01 8.235550e-01 
1.065327e+01 3.831065e-07 9.009111e-05 6.466586e-03 1.446789e-01 8.487640e-01 
1.082915e+01 1.944956e-07 5.453252e-05 4.666939e-03 1.244932e-01 8.707851e-01 
1.100503e+01 9.835769e-08 3.288044e-05 3.355040e-03 1.067075e-01 8.899045e-01 
1.118090e+01 4.957465e-08 1.975934e-05 2.403897e-03 9.115833e-02 9.064180e-01 
1.135678e+01 2.491588e-08 1.184056e-05 1.717510e-03 7.765390e-02 9.206167e-01 
1.153266e+01 1.249229e-08 7.078182e-06 1.224143e-03 6.599021e-02 9.327786e-01 
1.170854e+01 6.250516e-09 4.222591e-06 8.707085e-04 5.596335e-02 9.431617e-01 
1.188442e+01 3.122005e-09 2.514666e-06 6.182406e-04 4.737747e-02 9.520018e-01 
1.206030e+01 1.557083e-09 1.495346e-06 4.383313e-04 4.004980e-02 9.595104e-01 
1.223618e+01 7.756207e-10 8.881020e-07 3.103895e-04 3.381335e-02 9.658754e-01 
1.241206e+01 3.859498e-10 5.268994e-07 2.195611e-04 2.851806e-02 9.712618e-01 
1.258794e+01 1.918791e-10 3.123259e-07 1.551740e-04 2.403074e-02 9.758138e-01 
1.276382e+01 9.532359e-11 1.849968e-07 1.095869e-04 2.023440e-02 9.796558e-01 
1.293970e+01 4.732606e-11 1.095085e-07 7.734382e-05 1.702710e-02 9.828954e-01 
1.311558e+01 2.348393e-11 6.478905e-08 5.455858e-05 1.432061e-02 9.856248e-01 
1.329146e+01 1.164792e-11 3.831444e-08 3.846869e-05 1.203897e-02 9.879225e-01 
1.346734e+01 5.775154e-12 2.264963e-08 2.711375e-05 1.011707e-02 9.898558e-01 
1.364322e+01 2.862480e-12 1.338516e-08 1.910449e-05 8.499320e-03 9.914816e-01 
1.381910e+01 1.418427e-12 7.908086e-09 1.345757e-05 7.138368e-03 9.928482e-01 
1.399497e+01 7.027083e-13 4.671142e-09 9.477674e-06 5.994011e-03 9.939965e-01 
1.417085e+01 3.480667e-13 2.758633e-09 6.673538e-06 5.032170e-03 9.949612e-01 
1.434673e+01 1.723781e-13 1.628910e-09 4.698321e-06 4.224014e-03 9.957713e-01 
1.452261e+01 8.535814e-14 9.617082e-10 3.307291e-06 3.545181e-03 9.964515e-01 
1.469849e+01 4.226297e-14 5.677299e-10 2.327846e-06 2.975116e-03 9.970226e-01 
1.487437e+01 2.092353e-14 3.351199e-10 1.638310e-06 2.496486e-03 9.975019e-01 
1.505025e+01 1.035801e-14 1.977994e-10 1.152934e-06 2.094695e-03 9.979042e-01 
1.522613e+01 5.127307e-15 1.167405e-10 8.113053e-07 1.757455e-03 9.982417e-01 
1.540201e+01 2.537925e-15 6.889605e-11 5.708745e-07 1.474429e-03 9.985250e-01 
1.557789e+01 1.256170e-15 4.065812e-11 4.016771e-07 1.236926e-03 9.987627e-01 
1.575377e+01 6.217290e-16 2.399295e-11 2.826161e-07 1.037641e-03 9.989621e-01 
1.592965e+01 3.077089e-16 1.415813e-11 1.988395e-07 8.704351e-04 9.991294e-01 
1.610553e+01 1.522886e-16 8.354427e-12 1.398933e-07 7.301531e-04 9.992697e-01 
1.628141e+01 7.536759e-17 4.929666e-12 9.841947e-08 6.124656e-04 9.993874e-01 
1.645729e+01 3.729870e-17 2.908774e-12 6.924000e-08 5.137373e-04 9.994862e-01 
1.663317e+01 1.845848e-17 1.716310e-12 4.871090e-08 4.309170e-04 9.995690e-01 
1.680905e+01 9.134658e-18 1.012688e-12 3.426805e-08 3.614435e-04 9.996385e-01 
1.698492e+01 4.520472e-18 5.975173e-13 2.410726e-08 3.031672e-04 9.996968e-01 
1.716080e+01 2.237027e-18 3.525505e-13 1.695908e-08 2.542846e-04 9.997457e-01 
1.733668e+01 1.107019e-18 2.080122e-13 1.193035e-08 2.132821e-04 9.997867e-01 
1.751256e+01 5.478181e-19 1.227308e-13 8.392689e-09 1.788899e-04 9.998211e-01 
1.768844e+01 2.710910e-19 7.241284e-14 5.904006e-09 1.500427e-04 9.998500e-01 
1.786432e+01 1.341503e-19 4.272438e-14 4.153272e-09 1.258468e-04 9.998741e-01 
1.804020e+01 6.638452e-20 2.520776e-14 2.921678e-09 1.055522e-04 9.998944e-01 
1.821608e+01 3.285038e-20 1.487275e-14 2.055288e-09 8.853018e-05 9.999115e-01 
1.839196e+01 1.625597e-20 8.774999e-15 1.445813e-09 7.425302e-05 9.999257e-01 
1.856784e+01 8.044225e-21 5.177283e-15 1.017069e-09 6.227817e-05 9.999377e-01 
1.874372e+01 3.980657e-21 3.054611e-15 7.154641e-10 5.223442e-05 9.999478e-01 
1.891960e+01 1.969811e-21 1.802226e-15 5.032973e-10 4.381038e-05 9.999562e-01 
1.909548e+01 9.747514e-22 1.063315e-15 3.540469e-10 3.674486e-05 9.999633e-01 
1.927136e+01 4.823504e-22 6.273562e-16 2.490557e-10 3.081880e-05 9.999692e-01 
1.944724e+01 2.386882e-22 3.701400e-16 1.751990e-10 2.584845e-05 9.999742e-01 
1.962312e+01 1.181134e-22 2.183823e-16 1.232442e-10 2.167968e-05 9.999783e-01 
1.979899e+01 5.844760e-23 1.288453e-16 8.669643e-11 1.818322e-05 9.999818e-01 
1.997487e+01 2.892239e-23 7.601854e-17 6.098676e-11 1.525066e-05 9.999847e-01 
2.015075e+01 1.431204e-23 4.485080e-17 4.290123e-11 1.279105e-05 9.999872e-01 
2.032663e+01 7.082205e-24 2.646189e-17 3.017892e-11 1.072812e-05 9.999893e-01 
2.050251e+01 3.504576e-24 1.561245e-17 2.122939e-11 8.997897e-06 9.999910e-01 
2.067839e+01 1.734212e-24 9.211311e-18 1.493383e-11 7.546720e-06 9.999925e-01 
2.085427e+01 8.581615e-25 5.434651e-18 1.050521e-11 6.329586e-06 9.999937e-01 
2.103015e+01 4.246544e-25 3.206430e-18 7.389898e-12 5.308750e-06 9.999947e-01 
2.120603e+01 2.101368e-25 1.891785e-18 5.198427e-12 4.452554e-06 9.999955e-01 
2.138191e+01 1.039845e-25 1.116148e-18 3.656835e-12 3.734445e-06 9.999963e-01 
2.155779e+01 5.145590e-26 6.585240e-19 2.572401e-12 3.132152e-06 9.999969e-01 
2.173367e+01 2.546253e-26 3.885272e-19 1.809556e-12 2.626997e-06 9.999974e-01 
2.190955e+01 1.259993e-26 2.292299e-19 1.272932e-12 2.203314e-06 9.999978e-01 
2.208543e+01 6.234969e-27 1.352450e-19 8.954442e-13 1.847962e-06 9.999982e-01 
2.226131e+01 3.085323e-27 7.979412e-20 6.299002e-13 1.549922e-06 9.999985e-01 
2.243719e+01 1.526747e-27 4.707828e-20 4.431033e-13 1.299949e-06 9.999987e-01 
2.261307e+01 7.554978e-28 2.777604e-20 3.117010e-13 1.090293e-06 9.999989e-01 
2.278894e+01 3.738518e-28 1.638778e-20 2.192660e-13 9.144494e-07 9.999991e-01 
2.296482e+01 1.849975e-28 9.668738e-21 1.542427e-13 7.669663e-07 9.999992e-01 
2.314070e+01 9.154445e-29 5.704525e-21 1.085020e-13 6.432694e-07 9.999994e-01 
2.331658e+01 4.530000e-29 3.365652e-21 7.632570e-14 5.395224e-07 9.999995e-01 
2.349246e+01 2.241633e-29 1.985724e-21 5.369130e-14 4.525078e-07 9.999995e-01 
2.366834e+01 1.109253e-29 1.171571e-21 3.776914e-14 3.795270e-07 9.999996e-01 
2.384422e+01 5.489047e-30 6.912230e-22 2.656869e-14 3.183166e-07 9.999997e-01 
2.402010e+01 2.716209e-30 4.078194e-22 1.868974e-14 2.669782e-07 9.999997e-01 
2.419598e+01 1.344093e-30 2.406121e-22 1.314730e-14 2.239197e-07 9.999998e-01 
2.437186e+01 6.651132e-31 1.419604e-22 9.248462e-15 1.878058e-07 9.999998e-01 
2.454774e+01 3.291257e-31 8.375618e-23 6.505829e-15 1.575163e-07 9.999998e-01 
2.472362e+01 1.628651e-31 4.941588e-23 4.576524e-15 1.321119e-07 9.999999e-01 
2.489950e+01 8.059241e-32 2.915521e-23 3.219355e-15 1.108048e-07 9.999999e-01 
2.507538e+01 3.988048e-32 1.720148e-23 2.264655e-15 9.293411e-08 9.999999e-01 
2.525126e+01 1.973452e-32 1.014882e-23 1.593071e-15 7.794562e-08 9.999999e-01 
2.542714e+01 9.765461e-33 5.987770e-24 1.120645e-15 6.537448e-08 9.999999e-01 
2.560302e+01 4.832356e-33 3.532765e-24 7.883177e-16 5.483083e-08 9.999999e-01 
2.577889e+01 2.391251e-33 2.084320e-24 5.545419e-16 4.598767e-08 1.000000e+00 
2.595477e+01 1.183290e-33 1.229742e-24 3.900924e-16 3.857074e-08 1.000000e+00 
2.613065e+01 5.855413e-34 7.255439e-25 2.744104e-16 3.235001e-08 1.000000e+00 
2.630653e+01 2.897502e-34 4.280686e-25 1.930339e-16 2.713258e-08 1.000000e+00 
2.648241e+01 1.433805e-34 2.525591e-25 1.357897e-16 2.275661e-08 1.000000e+00 
2.665829e+01 7.095061e-35 1.490091e-25 9.552122e-17 1.908640e-08 1.000000e+00 
2.683417e+01 3.510931e-35 8.791486e-26 6.719438e-17 1.600813e-08 1.000000e+00 
2.701005e+01 1.737355e-35 5.186949e-26 4.726787e-17 1.342633e-08 1.000000e+00 
2.718593e+01 8.597154e-36 3.060283e-26 3.325057e-17 1.126092e-08 1.000000e+00 
2.736181e+01 4.254230e-36 1.805557e-26 2.339011e-17 9.444747e-09 1.000000e+00 
2.753769e+01 2.105170e-36 1.065273e-26 1.645377e-17 7.921490e-09 1.000000e+00 
2.771357e+01 1.041726e-36 6.285076e-27 1.157440e-17 6.643905e-09 1.000000e+00 
2.788945e+01 5.154891e-37 3.708175e-27 8.142008e-18 5.572370e-09 1.000000e+00 
2.806533e+01 2.550855e-37 2.187811e-27 5.727494e-18 4.673654e-09 1.000000e+00 
2.824121e+01 1.262269e-37 1.290802e-27 4.029004e-18 3.919883e-09 1.000000e+00 
2.841709e+01 6.246232e-38 7.615688e-28 2.834202e-18 3.287681e-09 1.000000e+00 
2.859296e+01 3.090895e-38 4.493231e-28 1.993719e-18 2.757441e-09 1.000000e+00 
2.876884e+01 1.529503e-38 2.650992e-28 1.402481e-18 2.312718e-09 1.000000e+00 
2.894472e+01 7.568619e-39 1.564077e-28 9.865750e-19 1.939721e-09 1.000000e+00 
2.912060e+01 3.745268e-39 9.228002e-29 6.940060e-19 1.626881e-09 1.000000e+00 
2.929648e+01 1.853314e-39 5.444492e-29 4.881984e-19 1.364496e-09 1.000000e+00 
2.947236e+01 9.170969e-40 3.212233e-29 3.434230e-19 1.144429e-09 1.000000e+00 
2.964824e+01 4.538177e-40 1.895207e-29 2.415809e-19 9.598546e-10 1.000000e+00 
2.982412e+01 2.245679e-40 1.118166e-29 1.699400e-19 8.050484e-10 1.000000e+00 
3.000000e+01 1.111255e-40 6.597143e-30 1.195443e-19 6.752095e-10 1.000000e+00 
