#E                   4            5            6            7            8 
-5.000000e+00 9.999837e-01 1.627642e-05 8.775167e-11 1.463340e-16 9.963487e-23 
-4.824121e+00 9.999806e-01 1.940622e-05 1.247444e-10 2.480242e-16 2.013464e-22 
-4.648241e+00 9.999769e-01 2.313784e-05 1.773316e-10 4.203808e-16 4.068890e-22 
-4.472362e+00 9.999724e-01 2.758699e-05 2.520874e-10 7.125105e-16 8.222576e-22 
-4.296482e+00 9.999671e-01 3.289163e-05 3.583569e-10 1.207645e-15 1.661649e-21 
-4.120603e+00 9.999608e-01 3.921625e-05 5.094246e-10 2.046854e-15 3.357921e-21 
-3.944724e+00 9.999532e-01 4.675696e-05 7.241751e-10 3.469237e-15 6.785799e-21 
-3.768844e+00 9.999443e-01 5.574755e-05 1.029453e-09 5.880042e-15 1.371295e-20 
-3.592965e+00 9.999335e-01 6.646678e-05 1.463419e-09 9.966121e-15 2.771150e-20 
-3.417085e+00 9.999208e-01 7.924694e-05 2.080320e-09 1.689161e-14 5.600003e-20 
-3.241206e+00 9.999055e-01 9.448423e-05 2.957266e-09 2.862956e-14 1.131659e-19 
-3.065327e+00 9.998873e-01 1.126510e-04 4.203872e-09 4.852406e-14 2.286869e-19 
-2.889447e+00 9.998657e-01 1.343102e-04 5.975950e-09 8.224284e-14 4.621317e-19 
-2.713568e+00 9.998399e-01 1.601331e-04 8.494986e-09 1.393918e-13 9.338742e-19 
-2.537688e+00 9.998091e-01 1.909199e-04 1.207581e-08 2.362513e-13 1.887160e-18 
-2.361809e+00 9.997724e-01 2.276244e-04 1.716592e-08 4.004134e-13 3.813526e-18 
-2.185930e+00 9.997286e-01 2.713834e-04 2.440142e-08 6.786408e-13 7.706221e-18 
-2.010050e+00 9.996764e-01 3.235519e-04 3.468640e-08 1.150185e-12 1.557229e-17 
-1.834171e+00 9.996142e-01 3.857451e-04 4.930593e-08 1.949355e-12 3.146729e-17 
-1.658291e+00 9.995400e-01 4.598875e-04 7.008641e-08 3.303765e-12 6.358592e-17 
-1.482412e+00 9.994516e-01 5.482728e-04 9.962362e-08 5.599136e-12 1.284862e-16 
-1.306533e+00 9.993462e-01 6.536335e-04 1.416066e-07 9.489112e-12 2.596237e-16 
-1.130653e+00 9.992206e-01 7.792255e-04 2.012777e-07 1.608131e-11 5.245943e-16 
-9.547739e-01 9.990708e-01 9.289268e-04 2.860866e-07 2.725252e-11 1.059967e-15 
-7.788945e-01 9.988922e-01 1.107356e-03 4.066182e-07 4.618270e-11 2.141650e-15 
-6.030151e-01 9.986794e-01 1.320013e-03 5.779112e-07 7.825951e-11 4.327028e-15 
-4.271357e-01 9.984257e-01 1.573444e-03 8.213301e-07 1.326103e-10 8.742048e-15 
-2.512563e-01 9.981234e-01 1.875441e-03 1.167221e-06 2.246963e-10 1.766101e-14 
-7.537688e-02 9.977631e-01 2.235270e-03 1.658682e-06 3.807058e-10 3.567734e-14 
1.005025e-01 9.973337e-01 2.663952e-03 2.356911e-06 6.449899e-10 7.206748e-14 
2.763819e-01 9.968221e-01 3.174586e-03 3.348785e-06 1.092648e-09 1.455628e-13 
4.522613e-01 9.962125e-01 3.782726e-03 4.757606e-06 1.850824e-09 2.939804e-13 
6.281407e-01 9.954864e-01 4.506835e-03 6.758319e-06 3.134721e-09 5.936570e-13 
8.040201e-01 9.946216e-01 5.368805e-03 9.599048e-06 5.308499e-09 1.198649e-12 
9.798995e-01 9.935918e-01 6.394568e-03 1.363155e-05 8.988190e-09 2.419780e-12 
1.155779e+00 9.923658e-01 7.614800e-03 1.935423e-05 1.521551e-08 4.883975e-12 
1.331658e+00 9.909068e-01 9.065733e-03 2.747285e-05 2.575122e-08 9.855264e-12 
1.507538e+00 9.891709e-01 1.079009e-02 3.898605e-05 4.356991e-08 1.988111e-11 
1.683417e+00 9.871065e-01 1.283811e-02 5.530556e-05 7.369358e-08 4.009287e-11 
1.859296e+00 9.846527e-01 1.526875e-02 7.842504e-05 1.245946e-07 8.082021e-11 
2.035176e+00 9.817377e-01 1.815095e-02 1.111563e-04 2.105532e-07 1.628419e-10 
2.211055e+00 9.782772e-01 2.156499e-02 1.574590e-04 3.556138e-07 3.279189e-10 
2.386935e+00 9.741726e-01 2.560394e-02 2.228991e-04 6.002096e-07 6.598940e-10 
2.562814e+00 9.693087e-01 3.037501e-02 3.152836e-04 1.012231e-06 1.326888e-09 
2.738693e+00 9.635519e-01 3.600086e-02 4.455345e-04 1.705465e-06 2.665514e-09 
2.914573e+00 9.567477e-01 4.262051e-02 6.288840e-04 2.870223e-06 5.348564e-09 
3.090452e+00 9.487189e-01 5.038975e-02 8.864976e-04 4.823986e-06 1.071793e-08 
3.266332e+00 9.392636e-01 5.948063e-02 1.247655e-03 8.094804e-06 2.144346e-08 
3.442211e+00 9.281541e-01 7.007961e-02 1.752645e-03 1.355780e-05 4.282144e-08 
3.618090e+00 9.151370e-01 8.238367e-02 2.456557e-03 2.265717e-05 8.532201e-08 
3.793970e+00 8.999341e-01 9.659378e-02 3.434143e-03 3.776423e-05 1.695585e-07 
3.969849e+00 8.822464e-01 1.129046e-01 4.785909e-03 6.274948e-05 3.359174e-07 
4.145729e+00 8.617602e-01 1.314897e-01 6.645503e-03 1.038860e-04 6.630752e-07 
4.321608e+00 8.381584e-01 1.524807e-01 9.188285e-03 1.712565e-04 1.303276e-06 
4.497487e+00 8.111355e-01 1.759404e-01 1.264063e-02 2.809084e-04 2.548810e-06 
4.673367e+00 7.804190e-01 2.018290e-01 1.728900e-02 4.580886e-04 4.955707e-06 
4.849246e+00 7.457973e-01 2.299640e-01 2.348712e-02 7.419811e-04 9.570451e-06 
5.025126e+00 7.071531e-01 2.599777e-01 3.165843e-02 1.192438e-03 1.833829e-05 
5.201005e+00 6.645016e-01 2.912743e-01 4.229012e-02 1.899192e-03 3.482373e-05 
5.376884e+00 6.180296e-01 3.229972e-01 5.591381e-02 2.993866e-03 6.545191e-05 
5.552764e+00 5.681311e-01 3.540149e-01 7.306767e-02 4.664682e-03 1.215893e-04 
5.728643e+00 5.154316e-01 3.829371e-01 9.423551e-02 7.172901e-03 2.229213e-04 
5.904523e+00 4.607929e-01 4.081743e-01 1.197612e-01 1.086876e-02 4.027358e-04 
6.080402e+00 4.052919e-01 4.280468e-01 1.497426e-01 1.620289e-02 7.158403e-04 
6.256281e+00 3.501660e-01 4.409413e-01 1.839155e-01 2.372733e-02 1.249845e-03 
6.432161e+00 2.967289e-01 4.455024e-01 2.215496e-01 3.407886e-02 2.140305e-03 
6.608040e+00 2.462618e-01 4.408296e-01 2.613817e-01 4.793720e-02 3.589606e-03 
6.783920e+00 1.998983e-01 4.266445e-01 3.016158e-01 6.595307e-02 5.888335e-03 
6.959799e+00 1.585191e-01 4.033874e-01 3.400115e-01 8.864577e-02 9.436240e-03 
7.135678e+00 1.226794e-01 3.722166e-01 3.740679e-01 1.162782e-01 1.475784e-02 
7.311558e+00 9.257850e-02 3.349019e-01 4.012877e-01 1.487261e-01 2.250583e-02 
7.487437e+00 6.807757e-02 2.936263e-01 4.194852e-01 1.853666e-01 3.344435e-02 
7.663317e+00 4.875707e-02 2.507333e-01 4.270877e-01 2.250170e-01 4.840498e-02 
7.839196e+00 3.399970e-02 2.084649e-01 4.233714e-01 2.659519e-01 6.821210e-02 
8.015075e+00 2.308169e-02 1.687364e-01 4.085836e-01 3.060173e-01 9.358100e-02 
8.190955e+00 1.525676e-02 1.329802e-01 3.839216e-01 3.428397e-01 1.250018e-01 
8.366834e+00 9.822317e-03 1.020756e-01 3.513671e-01 3.741046e-01 1.626304e-01 
8.542714e+00 6.163029e-03 7.636350e-02 3.134067e-01 3.978540e-01 2.062129e-01 
8.718593e+00 3.772214e-03 5.572773e-02 2.726950e-01 4.127396e-01 2.550654e-01 
8.894472e+00 2.254920e-03 3.971822e-02 2.317283e-01 4.181782e-01 3.081203e-01 
9.070352e+00 1.318302e-03 2.768580e-02 1.925882e-01 4.143770e-01 3.640307e-01 
9.246231e+00 7.550011e-04 1.890484e-02 1.567939e-01 4.022337e-01 4.213125e-01 
9.422111e+00 4.243123e-04 1.266760e-02 1.252663e-01 3.831482e-01 4.784936e-01 
9.597990e+00 2.344302e-04 8.344608e-03 9.838503e-02 3.587940e-01 5.342419e-01 
9.773869e+00 1.275606e-04 5.413676e-03 7.610248e-02 3.309013e-01 5.874550e-01 
9.949749e+00 6.847870e-05 3.465092e-03 5.807708e-02 3.010841e-01 6.373052e-01 
1.012563e+01 3.632875e-05 2.191761e-03 4.379924e-02 2.707280e-01 6.832447e-01 
1.030151e+01 1.907511e-05 1.372124e-03 3.269265e-02 2.409351e-01 7.249810e-01 
1.047739e+01 9.926817e-06 8.513725e-04 2.418577e-02 2.125169e-01 7.624361e-01 
1.065327e+01 5.126496e-06 5.242201e-04 1.775569e-02 1.860177e-01 7.956972e-01 
1.082915e+01 2.630131e-06 3.206668e-04 1.294974e-02 1.617564e-01 8.249705e-01 
1.100503e+01 1.341836e-06 1.950560e-04 9.391825e-03 1.398730e-01 8.505388e-01 
1.118090e+01 6.813184e-07 1.180847e-04 6.779031e-03 1.203746e-01 8.727276e-01 
1.135678e+01 3.445431e-07 7.119843e-05 4.873355e-03 1.031760e-01 8.918791e-01 
1.153266e+01 1.736397e-07 4.278183e-05 3.491407e-03 8.813220e-02 9.083334e-01 
1.170854e+01 8.725630e-08 2.563248e-05 2.494107e-03 7.506417e-02 9.224160e-01 
1.188442e+01 4.374040e-08 1.532004e-05 1.777329e-03 6.377772e-02 9.344296e-01 
1.206030e+01 2.188131e-08 9.137640e-06 1.263937e-03 5.407667e-02 9.446502e-01 
1.223618e+01 1.092722e-08 5.440689e-06 8.972816e-04 4.577167e-02 9.533256e-01 
1.241206e+01 5.448931e-09 3.234736e-06 6.360587e-04 3.868553e-02 9.606752e-01 
1.258794e+01 2.713805e-09 1.920833e-06 4.503306e-04 3.265625e-02 9.668915e-01 
1.276382e+01 1.350196e-09 1.139440e-06 3.185053e-04 2.753816e-02 9.721422e-01 
1.293970e+01 6.711780e-10 6.753293e-07 2.250735e-04 2.320203e-02 9.765722e-01 
1.311558e+01 3.333967e-10 3.999656e-07 1.589333e-04 1.953440e-02 9.803063e-01 
1.329146e+01 1.655078e-10 2.367355e-07 1.121602e-04 1.643643e-02 9.834512e-01 
1.346734e+01 8.212058e-11 1.400491e-07 7.911145e-05 1.382265e-02 9.860981e-01 
1.364322e+01 4.072843e-11 8.281508e-08 5.577658e-05 1.161950e-02 9.883246e-01 
1.381910e+01 2.019230e-11 4.895318e-08 3.931035e-05 9.763957e-03 9.901967e-01 
1.399497e+01 1.000787e-11 2.892811e-08 2.769679e-05 8.202230e-03 9.917700e-01 
1.417085e+01 4.958909e-12 1.709024e-08 1.950927e-05 6.888537e-03 9.930919e-01 
1.434673e+01 2.456618e-12 1.009446e-08 1.373914e-05 5.784007e-03 9.942022e-01 
1.452261e+01 1.216777e-12 5.961285e-09 9.673856e-06 4.855707e-03 9.951346e-01 
1.469849e+01 6.025854e-13 3.519906e-09 6.810425e-06 4.075778e-03 9.959174e-01 
1.487437e+01 2.983810e-13 2.078103e-09 4.793953e-06 3.420688e-03 9.965745e-01 
1.505025e+01 1.477331e-13 1.226753e-09 3.374171e-06 2.870584e-03 9.971260e-01 
1.522613e+01 7.313840e-14 7.241162e-10 2.374662e-06 2.408732e-03 9.975889e-01 
1.540201e+01 3.620601e-14 4.273925e-10 1.671106e-06 2.021036e-03 9.979773e-01 
1.557789e+01 1.792209e-14 2.522426e-10 1.175923e-06 1.695635e-03 9.983032e-01 
1.575377e+01 8.871025e-15 1.488631e-10 8.274292e-07 1.422551e-03 9.985766e-01 
1.592965e+01 4.390761e-15 8.784891e-11 5.821886e-07 1.193395e-03 9.988060e-01 
1.610553e+01 2.173150e-15 5.184056e-11 4.096194e-07 1.001116e-03 9.989985e-01 
1.628141e+01 1.075539e-15 3.059071e-11 2.881932e-07 8.397908e-04 9.991599e-01 
1.645729e+01 5.322934e-16 1.805086e-11 2.027569e-07 7.044441e-04 9.992954e-01 
1.663317e+01 2.634308e-16 1.065116e-11 1.426455e-07 5.908979e-04 9.994090e-01 
1.680905e+01 1.303690e-16 6.284751e-12 1.003535e-07 4.956446e-04 9.995043e-01 
1.698492e+01 6.451715e-17 3.708280e-12 7.059932e-08 4.157399e-04 9.995842e-01 
1.716080e+01 3.192791e-17 2.188020e-12 4.966641e-08 3.487124e-04 9.996512e-01 
1.733668e+01 1.580015e-17 1.290997e-12 3.493979e-08 2.924882e-04 9.997075e-01 
1.751256e+01 7.818938e-18 7.617202e-13 2.457955e-08 2.453270e-04 9.997546e-01 
1.768844e+01 3.869289e-18 4.494302e-13 1.729116e-08 2.057686e-04 9.997942e-01 
1.786432e+01 1.914749e-18 2.651712e-13 1.216387e-08 1.725878e-04 9.998274e-01 
1.804020e+01 9.475236e-19 1.564545e-13 8.556908e-09 1.447567e-04 9.998552e-01 
1.821608e+01 4.688851e-19 9.230981e-14 6.019495e-09 1.214131e-04 9.998786e-01 
1.839196e+01 2.320284e-19 5.446356e-14 4.234496e-09 1.018334e-04 9.998982e-01 
1.856784e+01 1.148192e-19 3.213385e-14 2.978804e-09 8.541106e-05 9.999146e-01 
1.874372e+01 5.681809e-20 1.895913e-14 2.095468e-09 7.163688e-05 9.999284e-01 
1.891960e+01 2.811628e-20 1.118596e-14 1.474073e-09 6.008391e-05 9.999399e-01 
1.909548e+01 1.391324e-20 6.599742e-15 1.036947e-09 5.039402e-05 9.999496e-01 
1.927136e+01 6.884905e-21 3.893858e-15 7.294458e-10 4.226677e-05 9.999577e-01 
1.944724e+01 3.406960e-21 2.297379e-15 5.131320e-10 3.545019e-05 9.999645e-01 
1.962312e+01 1.685915e-21 1.355454e-15 3.609647e-10 2.973292e-05 9.999703e-01 
1.979899e+01 8.342650e-22 7.997175e-16 2.539217e-10 2.493769e-05 9.999751e-01 
1.997487e+01 4.128307e-22 4.718326e-16 1.786219e-10 2.091580e-05 9.999791e-01 
2.015075e+01 2.042865e-22 2.783807e-16 1.256520e-10 1.754254e-05 9.999825e-01 
2.032663e+01 1.010897e-22 1.642442e-16 8.839009e-11 1.471331e-05 9.999853e-01 
2.050251e+01 5.002352e-23 9.690376e-17 6.217814e-11 1.234036e-05 9.999877e-01 
2.067839e+01 2.475377e-23 5.717302e-17 4.373928e-11 1.035012e-05 9.999896e-01 
2.085427e+01 1.224922e-23 3.373195e-17 3.076844e-11 8.680857e-06 9.999913e-01 
2.103015e+01 6.061430e-24 1.990177e-17 2.164408e-11 7.280811e-06 9.999927e-01 
2.120603e+01 2.999451e-24 1.174200e-17 1.522554e-11 6.106562e-06 9.999939e-01 
2.138191e+01 1.484255e-24 6.927747e-18 1.071042e-11 5.121696e-06 9.999949e-01 
2.155779e+01 7.344715e-25 4.087352e-18 7.534246e-12 4.295668e-06 9.999957e-01 
2.173367e+01 3.634473e-25 2.411526e-18 5.299967e-12 3.602861e-06 9.999964e-01 
2.190955e+01 1.798489e-25 1.422793e-18 3.728263e-12 3.021790e-06 9.999970e-01 
2.208543e+01 8.899678e-26 8.394439e-19 2.622647e-12 2.534435e-06 9.999975e-01 
2.226131e+01 4.403933e-26 4.952694e-19 1.844901e-12 2.125680e-06 9.999979e-01 
2.243719e+01 2.179250e-26 2.922075e-19 1.297796e-12 1.782849e-06 9.999982e-01 
2.261307e+01 1.078384e-26 1.724015e-19 9.129344e-13 1.495310e-06 9.999985e-01 
2.278894e+01 5.336292e-27 1.017164e-19 6.422037e-13 1.254145e-06 9.999987e-01 
2.296482e+01 2.640620e-27 6.001234e-20 4.517581e-13 1.051876e-06 9.999989e-01 
2.314070e+01 1.306689e-27 3.540709e-20 3.177892e-13 8.822285e-07 9.999991e-01 
2.331658e+01 6.466040e-28 2.089007e-20 2.235488e-13 7.399420e-07 9.999993e-01 
2.349246e+01 3.199666e-28 1.232508e-20 1.572554e-13 6.206036e-07 9.999994e-01 
2.366834e+01 1.583328e-28 7.271757e-21 1.106213e-13 5.205122e-07 9.999995e-01 
2.384422e+01 7.834966e-29 4.290314e-21 7.781650e-14 4.365636e-07 9.999996e-01 
2.402010e+01 3.877067e-29 2.531272e-21 5.474001e-14 3.661542e-07 9.999996e-01 
2.419598e+01 1.918534e-29 1.493442e-21 3.850685e-14 3.071006e-07 9.999997e-01 
2.437186e+01 9.493706e-30 8.811261e-22 2.708764e-14 2.575711e-07 9.999997e-01 
2.454774e+01 4.697881e-30 5.198616e-22 1.905479e-14 2.160299e-07 9.999998e-01 
2.472362e+01 2.324707e-30 3.067167e-22 1.340409e-14 1.811884e-07 9.999998e-01 
2.489950e+01 1.150362e-30 1.809619e-22 9.429104e-15 1.519662e-07 9.999998e-01 
2.507538e+01 5.692468e-31 1.067669e-22 6.632901e-15 1.274569e-07 9.999999e-01 
2.525126e+01 2.816870e-31 6.299214e-23 4.665913e-15 1.069006e-07 9.999999e-01 
2.542714e+01 1.393905e-31 3.716516e-23 3.282236e-15 8.965955e-08 9.999999e-01 
2.560302e+01 6.897619e-32 2.192733e-23 2.308888e-15 7.519918e-08 9.999999e-01 
2.577889e+01 3.413229e-32 1.293705e-23 1.624187e-15 6.307099e-08 9.999999e-01 
2.595477e+01 1.689008e-32 7.632819e-24 1.142534e-15 5.289885e-08 9.999999e-01 
2.613065e+01 8.357913e-33 4.503339e-24 8.037151e-16 4.436728e-08 1.000000e+00 
2.630653e+01 4.135843e-33 2.656955e-24 5.653732e-16 3.721168e-08 1.000000e+00 
2.648241e+01 2.046587e-33 1.567595e-24 3.977117e-16 3.121015e-08 1.000000e+00 
2.665829e+01 1.012736e-33 9.248761e-25 2.797702e-16 2.617655e-08 1.000000e+00 
2.683417e+01 5.011441e-34 5.456739e-25 1.968043e-16 2.195477e-08 1.000000e+00 
2.701005e+01 2.479869e-34 3.219459e-25 1.384419e-16 1.841389e-08 1.000000e+00 
2.718593e+01 1.227142e-34 1.899470e-25 9.738695e-17 1.544408e-08 1.000000e+00 
2.736181e+01 6.072411e-35 1.120681e-25 6.850683e-17 1.295325e-08 1.000000e+00 
2.753769e+01 3.004882e-35 6.611984e-26 4.819111e-17 1.086414e-08 1.000000e+00 
2.771357e+01 1.486940e-35 3.901049e-26 3.390003e-17 9.111959e-09 1.000000e+00 
2.788945e+01 7.358000e-36 2.301607e-26 2.384697e-17 7.642374e-09 1.000000e+00 
2.806533e+01 3.641044e-36 1.357940e-26 1.677514e-17 6.409805e-09 1.000000e+00 
2.824121e+01 1.801740e-36 8.011805e-27 1.180047e-17 5.376026e-09 1.000000e+00 
2.841709e+01 8.915760e-37 4.726939e-27 8.301038e-18 4.508976e-09 1.000000e+00 
2.859296e+01 4.411889e-37 2.788879e-27 5.839364e-18 3.781764e-09 1.000000e+00 
2.876884e+01 2.183186e-37 1.645430e-27 4.107699e-18 3.171838e-09 1.000000e+00 
2.894472e+01 1.080331e-37 9.707982e-28 2.889560e-18 2.660281e-09 1.000000e+00 
2.912060e+01 5.345928e-38 5.727678e-28 2.032660e-18 2.231229e-09 1.000000e+00 
2.929648e+01 2.645388e-38 3.379312e-28 1.429874e-18 1.871374e-09 1.000000e+00 
2.947236e+01 1.309048e-38 1.993783e-28 1.005845e-18 1.569557e-09 1.000000e+00 
2.964824e+01 6.477713e-39 1.176326e-28 7.075614e-19 1.316418e-09 1.000000e+00 
2.982412e+01 3.205442e-39 6.940283e-29 4.977339e-19 1.104105e-09 1.000000e+00 
3.000000e+01 1.586186e-39 4.094745e-29 3.501308e-19 9.260339e-10 1.000000e+00 
