#E                   2            3            4            5            6 
-5.000000e+00 9.999980e-01 1.987273e-06 1.007962e-12 4.229467e-20 4.862709e-28 
-4.824121e+00 9.999976e-01 2.369414e-06 1.432883e-12 7.168625e-20 9.826795e-28 
-4.648241e+00 9.999972e-01 2.825037e-06 2.036937e-12 1.215027e-19 1.985846e-27 
-4.472362e+00 9.999966e-01 3.368274e-06 2.895638e-12 2.059378e-19 4.013092e-27 
-4.296482e+00 9.999960e-01 4.015971e-06 4.116336e-12 3.490489e-19 8.109846e-27 
-4.120603e+00 9.999952e-01 4.788215e-06 5.851637e-12 5.916110e-19 1.638876e-26 
-3.944724e+00 9.999943e-01 5.708956e-06 8.318478e-12 1.002735e-18 3.311917e-26 
-3.768844e+00 9.999932e-01 6.806748e-06 1.182525e-11 1.699558e-18 6.692877e-26 
-3.592965e+00 9.999919e-01 8.115636e-06 1.681035e-11 2.880619e-18 1.352527e-25 
-3.417085e+00 9.999903e-01 9.676211e-06 2.389697e-11 4.882425e-18 2.733249e-25 
-3.241206e+00 9.999885e-01 1.153687e-05 3.397105e-11 8.275326e-18 5.523472e-25 
-3.065327e+00 9.999862e-01 1.375531e-05 4.829197e-11 1.402602e-17 1.116208e-24 
-2.889447e+00 9.999836e-01 1.640034e-05 6.865002e-11 2.377298e-17 2.255681e-24 
-2.713568e+00 9.999804e-01 1.955397e-05 9.759020e-11 4.029328e-17 4.558376e-24 
-2.537688e+00 9.999767e-01 2.331399e-05 1.387303e-10 6.829382e-17 9.211753e-24 
-2.361809e+00 9.999722e-01 2.779702e-05 1.972134e-10 1.157523e-16 1.861548e-23 
-2.185930e+00 9.999669e-01 3.314204e-05 2.803503e-10 1.961904e-16 3.761886e-23 
-2.010050e+00 9.999605e-01 3.951482e-05 3.985338e-10 3.325259e-16 7.602154e-23 
-1.834171e+00 9.999529e-01 4.711293e-05 5.665376e-10 5.636019e-16 1.536269e-22 
-1.658291e+00 9.999438e-01 5.617197e-05 8.053631e-10 9.552541e-16 3.104539e-22 
-1.482412e+00 9.999330e-01 6.697279e-05 1.144864e-09 1.619066e-15 6.273735e-22 
-1.306533e+00 9.999201e-01 7.985025e-05 1.627478e-09 2.744159e-15 1.267811e-21 
-1.130653e+00 9.999048e-01 9.520353e-05 2.313532e-09 4.651071e-15 2.562014e-21 
-9.547739e-01 9.998865e-01 1.135085e-04 3.288777e-09 7.883071e-15 5.177348e-21 
-7.788945e-01 9.998647e-01 1.353326e-04 4.675110e-09 1.336092e-14 1.046241e-20 
-6.030151e-01 9.998386e-01 1.613521e-04 6.645803e-09 2.264516e-14 2.114240e-20 
-4.271357e-01 9.998076e-01 1.923732e-04 9.447151e-09 3.838064e-14 4.272426e-20 
-2.512563e-01 9.997706e-01 2.293570e-04 1.342925e-08 6.504988e-14 8.633607e-20 
-7.537688e-02 9.997265e-01 2.734490e-04 1.908972e-08 1.102498e-13 1.744644e-19 
1.005025e-01 9.996740e-01 3.260145e-04 2.713586e-08 1.868552e-13 3.525477e-19 
2.763819e-01 9.996113e-01 3.886809e-04 3.857298e-08 3.166856e-13 7.124009e-19 
4.522613e-01 9.995366e-01 4.633873e-04 5.482992e-08 5.367181e-13 1.439547e-18 
6.281407e-01 9.994475e-01 5.524448e-04 7.793738e-08 9.096156e-13 2.908847e-18 
8.040201e-01 9.993413e-01 6.586068e-04 1.107813e-07 1.541566e-12 5.877716e-18 
9.798995e-01 9.992147e-01 7.851536e-04 1.574630e-07 2.612507e-12 1.187647e-17 
1.155779e+00 9.990638e-01 9.359927e-04 2.238101e-07 4.427333e-12 2.399692e-17 
1.331658e+00 9.988839e-01 1.115778e-03 3.181035e-07 7.502644e-12 4.848542e-17 
1.507538e+00 9.986695e-01 1.330050e-03 4.521080e-07 1.271369e-11 9.796067e-17 
1.683417e+00 9.984140e-01 1.585405e-03 6.425367e-07 2.154322e-11 1.979130e-16 
1.859296e+00 9.981094e-01 1.889693e-03 9.131294e-07 3.650300e-11 3.998303e-16 
2.035176e+00 9.977465e-01 2.252251e-03 1.297601e-06 6.184733e-11 8.077028e-16 
2.211055e+00 9.973140e-01 2.684182e-03 1.843826e-06 1.047811e-10 1.631538e-15 
2.386935e+00 9.967987e-01 3.198681e-03 2.619765e-06 1.775043e-10 3.295387e-15 
2.562814e+00 9.961849e-01 3.811420e-03 3.721874e-06 3.006711e-10 6.655378e-15 
2.738693e+00 9.954537e-01 4.540999e-03 5.287005e-06 5.092409e-10 1.343964e-14 
2.914573e+00 9.945830e-01 5.409471e-03 7.509251e-06 8.623698e-10 2.713573e-14 
3.090452e+00 9.935464e-01 6.442959e-03 1.066377e-05 1.460128e-09 5.478004e-14 
3.266332e+00 9.923125e-01 7.672363e-03 1.514042e-05 2.471734e-09 1.105647e-13 
3.442211e+00 9.908443e-01 9.134180e-03 2.149125e-05 4.183204e-09 2.231040e-13 
3.618090e+00 9.890981e-01 1.087144e-02 3.049738e-05 7.077719e-09 4.500648e-13 
3.793970e+00 9.870220e-01 1.293474e-02 4.326303e-05 1.197102e-08 9.076037e-13 
3.969849e+00 9.845552e-01 1.538348e-02 6.134753e-05 2.023926e-08 1.829546e-12 
4.145729e+00 9.816260e-01 1.828706e-02 8.695007e-05 3.420196e-08 3.686236e-12 
4.321608e+00 9.781504e-01 2.172636e-02 1.231676e-04 5.776450e-08 7.422950e-12 
4.497487e+00 9.740304e-01 2.579511e-02 1.743533e-04 9.749408e-08 1.493748e-11 
4.673367e+00 9.691519e-01 3.060132e-02 2.466133e-04 1.644175e-07 3.003519e-11 
4.849246e+00 9.633827e-01 3.626858e-02 3.484900e-04 2.770162e-07 6.033525e-11 
5.025126e+00 9.565706e-01 4.293705e-02 4.918984e-04 4.662016e-07 1.210663e-10 
5.201005e+00 9.485419e-01 5.076392e-02 6.933968e-04 7.835445e-07 2.426031e-10 
5.376884e+00 9.390997e-01 5.992304e-02 9.758970e-04 1.314829e-06 4.853840e-10 
5.552764e+00 9.280236e-01 7.060323e-02 1.370939e-03 2.202251e-06 9.693186e-10 
5.728643e+00 9.150698e-01 8.300481e-02 1.921677e-03 3.680548e-06 1.931504e-09 
5.904523e+00 8.999737e-01 9.733348e-02 2.686722e-03 6.135336e-06 3.838883e-09 
6.080402e+00 8.824538e-01 1.137910e-01 3.745000e-03 1.019649e-05 7.606781e-09 
6.256281e+00 8.622199e-01 1.325615e-01 5.201694e-03 1.688602e-05 1.501968e-08 
6.432161e+00 8.389839e-01 1.537930e-01 7.195273e-03 2.784923e-05 2.953454e-08 
6.608040e+00 8.124759e-01 1.775729e-01 9.905378e-03 4.571097e-05 5.779907e-08 
6.783920e+00 7.824654e-01 2.038989e-01 1.356103e-02 7.461488e-05 1.124888e-07 
6.959799e+00 7.487869e-01 2.326438e-01 1.844814e-02 1.210233e-04 2.175385e-07 
7.135678e+00 7.113706e-01 2.635194e-01 2.491479e-02 1.948754e-04 4.176454e-07 
7.311558e+00 6.702745e-01 2.960416e-01 3.337189e-02 3.112175e-04 7.952401e-07 
7.487437e+00 6.257156e-01 3.295039e-01 4.428657e-02 4.924235e-04 1.500225e-06 
7.663317e+00 5.780950e-01 3.629662e-01 5.816493e-02 7.711011e-04 2.800995e-06 
7.839196e+00 5.280104e-01 3.952691e-01 7.552163e-02 1.193727e-03 5.169987e-06 
8.015075e+00 4.762513e-01 4.250794e-01 9.683491e-02 1.824942e-03 9.423603e-06 
8.190955e+00 4.237713e-01 4.509713e-01 1.224882e-01 2.752293e-03 1.694518e-05 
8.366834e+00 3.716360e-01 4.715400e-01 1.527029e-01 4.091017e-03 3.003075e-05 
8.542714e+00 3.209507e-01 4.855373e-01 1.874713e-01 5.988282e-03 5.241077e-05 
8.718593e+00 2.727752e-01 4.920085e-01 2.265001e-01 8.626193e-03 9.001626e-05 
8.894472e+00 2.280383e-01 4.904096e-01 2.691771e-01 1.222285e-02 1.520750e-04 
9.070352e+00 1.874655e-01 4.806800e-01 3.145710e-01 1.703085e-02 2.526417e-04 
9.246231e+00 1.515317e-01 4.632565e-01 3.614662e-01 2.333291e-02 4.126872e-04 
9.422111e+00 1.204450e-01 4.390259e-01 4.084319e-01 3.143434e-02 6.628876e-04 
9.597990e+00 9.416206e-02 4.092238e-01 4.539143e-01 4.165258e-02 1.047276e-03 
9.773869e+00 7.242898e-02 3.753019e-01 4.963376e-01 5.430361e-02 1.627913e-03 
9.949749e+00 5.483695e-02 3.387858e-01 5.342014e-01 6.968512e-02 2.490726e-03 
1.012563e+01 4.088295e-02 3.011463e-01 5.661621e-01 8.805606e-02 3.752569e-03 
1.030151e+01 3.002553e-02 2.636996e-01 5.910935e-01 1.096120e-01 5.569432e-03 
1.047739e+01 2.173007e-02 2.275429e-01 6.081260e-01 1.344556e-01 8.145452e-03 
1.065327e+01 1.550075e-02 1.935256e-01 6.166690e-01 1.625627e-01 1.174196e-02 
1.082915e+01 1.089963e-02 1.622485e-01 6.164217e-01 1.937449e-01 1.668528e-02 
1.100503e+01 7.554849e-03 1.340844e-01 6.073778e-01 2.276117e-01 2.337122e-02 
1.118090e+01 5.160893e-03 1.092096e-01 5.898273e-01 2.635385e-01 3.226370e-02 
1.135678e+01 3.473648e-03 8.764059e-02 5.643555e-01 3.006460e-01 4.388428e-02 
1.153266e+01 2.302730e-03 6.927013e-02 5.318350e-01 3.378026e-01 5.878953e-02 
1.170854e+01 1.502807e-03 5.390010e-02 4.934055e-01 3.736573e-01 7.753432e-02 
1.188442e+01 9.650812e-04 4.126993e-02 4.504344e-01 4.067097e-01 1.006210e-01 
1.206030e+01 6.095860e-04 3.108052e-02 4.044544e-01 4.354176e-01 1.284379e-01 
1.223618e+01 3.785828e-04 2.301429e-02 3.570774e-01 4.583342e-01 1.611956e-01 
1.241206e+01 2.311221e-04 1.675181e-02 3.098916e-01 4.742563e-01 1.988691e-01 
1.258794e+01 1.386914e-04 1.198542e-02 2.643533e-01 4.823603e-01 2.411622e-01 
1.276382e+01 8.181702e-05 8.430061e-03 2.216899e-01 4.822987e-01 2.874996e-01 
1.293970e+01 4.746503e-05 5.831017e-03 1.828281e-01 4.742382e-01 3.370553e-01 
1.311558e+01 2.709443e-05 3.968569e-03 1.483597e-01 4.588313e-01 3.888133e-01 
1.329146e+01 1.522947e-05 2.659635e-03 1.185462e-01 4.371275e-01 4.416515e-01 
1.346734e+01 8.436833e-06 1.756711e-03 9.335751e-02 4.104434e-01 4.944339e-01 
1.364322e+01 4.611139e-06 1.144755e-03 7.253455e-02 3.802178e-01 5.460983e-01 
1.381910e+01 2.489138e-06 7.367781e-04 5.566119e-02 3.478752e-01 5.957244e-01 
1.399497e+01 1.328604e-06 4.688857e-04 4.223439e-02 3.147173e-01 6.425781e-01 
1.417085e+01 7.020091e-07 2.953911e-04 3.172343e-02 2.818499e-01 6.861305e-01 
1.434673e+01 3.675959e-07 1.844203e-04 2.361430e-02 2.501476e-01 7.260534e-01 
1.452261e+01 1.909575e-07 1.142242e-04 1.743845e-02 2.202483e-01 7.621988e-01 
1.469849e+01 9.850688e-08 7.025409e-05 1.278806e-02 1.925719e-01 7.945697e-01 
1.487437e+01 5.050695e-08 4.294767e-05 9.320863e-03 1.673508e-01 8.232853e-01 
1.505025e+01 2.575987e-08 2.611654e-05 6.757959e-03 1.446674e-01 8.485485e-01 
1.522613e+01 1.307855e-08 1.580939e-05 4.877514e-03 1.244907e-01 8.706159e-01 
1.540201e+01 6.614223e-09 9.532738e-06 3.506586e-03 1.067103e-01 8.897735e-01 
1.557789e+01 3.333849e-09 5.728860e-06 2.512572e-03 9.116413e-02 9.063176e-01 
1.575377e+01 1.675616e-09 3.433051e-06 1.795205e-03 7.766100e-02 9.205404e-01 
1.592965e+01 8.401359e-10 2.052290e-06 1.279546e-03 6.599763e-02 9.327208e-01 
1.610553e+01 4.203685e-10 1.224342e-06 9.101302e-04 5.597052e-02 9.431181e-01 
1.628141e+01 2.099680e-10 7.291371e-07 6.462392e-04 4.738409e-02 9.519689e-01 
1.645729e+01 1.047213e-10 4.335853e-07 4.581863e-04 4.005574e-02 9.594856e-01 
1.663317e+01 5.216454e-11 2.575125e-07 3.244512e-04 3.381860e-02 9.658567e-01 
1.680905e+01 2.595726e-11 1.527796e-07 2.295091e-04 2.852262e-02 9.712477e-01 
1.698492e+01 1.290498e-11 9.056224e-08 1.622053e-04 2.403467e-02 9.758030e-01 
1.716080e+01 6.411079e-12 5.364194e-08 1.145529e-04 2.023776e-02 9.796476e-01 
1.733668e+01 3.182966e-12 3.175330e-08 8.084881e-05 1.702996e-02 9.828892e-01 
1.751256e+01 1.579440e-12 1.878639e-08 5.703109e-05 1.432304e-02 9.856199e-01 
1.768844e+01 7.833955e-13 1.110976e-08 4.021208e-05 1.204102e-02 9.879188e-01 
1.786432e+01 3.884156e-13 6.567557e-09 2.834256e-05 1.011881e-02 9.898528e-01 
1.804020e+01 1.925200e-13 3.881204e-09 1.997032e-05 8.500782e-03 9.914792e-01 
1.821608e+01 9.539826e-14 2.293055e-09 1.406749e-05 7.139599e-03 9.928463e-01 
1.839196e+01 4.726165e-14 1.354461e-09 9.907222e-06 5.995047e-03 9.939950e-01 
1.856784e+01 2.340973e-14 7.999031e-10 6.975999e-06 5.033042e-03 9.949600e-01 
1.874372e+01 1.159354e-14 4.723247e-10 4.911262e-06 4.224746e-03 9.957703e-01 
1.891960e+01 5.740887e-15 2.788604e-10 3.457187e-06 3.545797e-03 9.964507e-01 
1.909548e+01 2.842458e-15 1.646211e-10 2.433351e-06 2.975632e-03 9.970219e-01 
1.927136e+01 1.407243e-15 9.717261e-11 1.712563e-06 2.496920e-03 9.975014e-01 
1.944724e+01 6.966432e-16 5.735465e-11 1.205188e-06 2.095059e-03 9.979037e-01 
1.962312e+01 3.448447e-16 3.385051e-11 8.480763e-07 1.757761e-03 9.982414e-01 
1.979899e+01 1.706919e-16 1.997736e-11 5.967484e-07 1.474686e-03 9.985247e-01 
1.997487e+01 8.448557e-17 1.178938e-11 4.198825e-07 1.237142e-03 9.987624e-01 
2.015075e+01 4.181532e-17 6.957088e-12 2.954252e-07 1.037822e-03 9.989619e-01 
2.032663e+01 2.069543e-17 4.105347e-12 2.078516e-07 8.705867e-04 9.991292e-01 
2.050251e+01 1.024240e-17 2.422482e-12 1.462337e-07 7.302803e-04 9.992696e-01 
2.067839e+01 5.068961e-18 1.429425e-12 1.028802e-07 6.125723e-04 9.993873e-01 
2.085427e+01 2.508581e-18 8.434395e-13 7.237820e-08 5.138268e-04 9.994861e-01 
2.103015e+01 1.241453e-18 4.976678e-13 5.091865e-08 4.309921e-04 9.995690e-01 
2.120603e+01 6.143653e-19 2.936428e-13 3.582121e-08 3.615065e-04 9.996385e-01 
2.138191e+01 3.040312e-19 1.732584e-13 2.519989e-08 3.032201e-04 9.996968e-01 
2.155779e+01 1.504547e-19 1.022269e-13 1.772772e-08 2.543289e-04 9.997457e-01 
2.173367e+01 7.445427e-20 6.031603e-14 1.247107e-08 2.133193e-04 9.997867e-01 
2.190955e+01 3.684434e-20 3.558749e-14 8.773076e-09 1.789211e-04 9.998211e-01 
2.208543e+01 1.823264e-20 2.099711e-14 6.171597e-09 1.500689e-04 9.998499e-01 
2.226131e+01 9.022486e-21 1.238853e-14 4.341513e-09 1.258687e-04 9.998741e-01 
2.243719e+01 4.464792e-21 7.309339e-15 3.054099e-09 1.055706e-04 9.998944e-01 
2.261307e+01 2.209402e-21 4.312560e-15 2.148442e-09 8.854561e-05 9.999115e-01 
2.278894e+01 1.093320e-21 2.544433e-15 1.511342e-09 7.426596e-05 9.999257e-01 
2.296482e+01 5.410266e-22 1.501225e-15 1.063166e-09 6.228903e-05 9.999377e-01 
2.314070e+01 2.677251e-22 8.857270e-16 7.478915e-10 5.224352e-05 9.999478e-01 
2.331658e+01 1.324826e-22 5.225805e-16 5.261086e-10 4.381801e-05 9.999562e-01 
2.349246e+01 6.555839e-23 3.083230e-16 3.700936e-10 3.675127e-05 9.999632e-01 
2.366834e+01 3.244121e-23 1.819106e-16 2.603438e-10 3.082417e-05 9.999692e-01 
2.384422e+01 1.605334e-23 1.073272e-16 1.831397e-10 2.585295e-05 9.999741e-01 
2.402010e+01 7.943893e-24 6.332298e-17 1.288301e-10 2.168346e-05 9.999783e-01 
2.419598e+01 3.930982e-24 3.736049e-17 9.062583e-11 1.818639e-05 9.999818e-01 
2.437186e+01 1.945219e-24 2.204263e-17 6.375091e-11 1.525332e-05 9.999847e-01 
2.454774e+01 9.625778e-25 1.300511e-17 4.484567e-11 1.279328e-05 9.999872e-01 
2.472362e+01 4.763245e-25 7.672991e-18 3.154674e-11 1.072999e-05 9.999893e-01 
2.489950e+01 2.357056e-25 4.527048e-18 2.219159e-11 8.999466e-06 9.999910e-01 
2.507538e+01 1.166371e-25 2.670948e-18 1.561069e-11 7.548035e-06 9.999925e-01 
2.525126e+01 5.771696e-26 1.575852e-18 1.098135e-11 6.330689e-06 9.999937e-01 
2.542714e+01 2.856078e-26 9.297488e-19 7.724836e-12 5.309676e-06 9.999947e-01 
2.560302e+01 1.413307e-26 5.485493e-19 5.434039e-12 4.453330e-06 9.999955e-01 
2.577889e+01 6.993638e-27 3.236426e-19 3.822576e-12 3.735096e-06 9.999963e-01 
2.595477e+01 3.460745e-27 1.909482e-19 2.688992e-12 3.132698e-06 9.999969e-01 
2.613065e+01 1.712521e-27 1.126589e-19 1.891572e-12 2.627455e-06 9.999974e-01 
2.630653e+01 8.474271e-28 6.646840e-20 1.330626e-12 2.203698e-06 9.999978e-01 
2.648241e+01 4.193423e-28 3.921616e-20 9.360291e-13 1.848284e-06 9.999982e-01 
2.665829e+01 2.075081e-28 2.313741e-20 6.584496e-13 1.550192e-06 9.999984e-01 
2.683417e+01 1.026837e-28 1.365100e-20 4.631864e-13 1.300176e-06 9.999987e-01 
2.701005e+01 5.081216e-29 8.054049e-21 3.258284e-13 1.090483e-06 9.999989e-01 
2.718593e+01 2.514397e-29 4.751864e-21 2.292040e-13 9.146088e-07 9.999991e-01 
2.736181e+01 1.244229e-29 2.803585e-21 1.612335e-13 7.671000e-07 9.999992e-01 
2.753769e+01 6.156961e-30 1.654106e-21 1.134197e-13 6.433815e-07 9.999994e-01 
2.771357e+01 3.046721e-30 9.759175e-22 7.978506e-14 5.396165e-07 9.999995e-01 
2.788945e+01 1.507644e-30 5.757882e-22 5.612479e-14 4.525867e-07 9.999995e-01 
2.806533e+01 7.460451e-31 3.397132e-22 3.948097e-14 3.795931e-07 9.999996e-01 
2.824121e+01 3.691742e-31 2.004297e-22 2.777288e-14 3.183720e-07 9.999997e-01 
2.841709e+01 1.826827e-31 1.182529e-22 1.953683e-14 2.670247e-07 9.999997e-01 
2.859296e+01 9.039903e-32 6.976883e-23 1.374318e-14 2.239588e-07 9.999998e-01 
2.876884e+01 4.473320e-32 4.116339e-23 9.667637e-15 1.878385e-07 9.999998e-01 
2.894472e+01 2.213585e-32 2.428627e-23 6.800697e-15 1.575438e-07 9.999998e-01 
2.912060e+01 1.095374e-32 1.432882e-23 4.783949e-15 1.321350e-07 9.999999e-01 
2.929648e+01 5.420365e-33 8.453958e-24 3.365268e-15 1.108241e-07 9.999999e-01 
2.947236e+01 2.682222e-33 4.987808e-24 2.367297e-15 9.295031e-08 9.999999e-01 
2.964824e+01 1.327275e-33 2.942791e-24 1.665275e-15 7.795921e-08 9.999999e-01 
2.982412e+01 6.567910e-34 1.736237e-24 1.171437e-15 6.538588e-08 9.999999e-01 
3.000000e+01 3.250075e-34 1.024374e-24 8.240471e-16 5.484039e-08 9.999999e-01 
