#E                   5            6            7            8 
-5.000000e+00 9.999942e-01 5.804369e-06 1.003732e-11 4.658371e-18 
-4.824121e+00 9.999931e-01 6.920508e-06 1.426869e-11 7.895578e-18 
-4.648241e+00 9.999917e-01 8.251271e-06 2.028385e-11 1.338239e-17 
-4.472362e+00 9.999902e-01 9.837927e-06 2.883478e-11 2.268210e-17 
-4.296482e+00 9.999883e-01 1.172968e-05 4.099046e-11 3.844438e-17 
-4.120603e+00 9.999860e-01 1.398520e-05 5.827049e-11 6.516018e-17 
-3.944724e+00 9.999833e-01 1.667443e-05 8.283510e-11 1.104413e-16 
-3.768844e+00 9.999801e-01 1.988076e-05 1.177552e-10 1.871890e-16 
-3.592965e+00 9.999763e-01 2.370363e-05 1.673960e-10 3.172701e-16 
-3.417085e+00 9.999717e-01 2.826157e-05 2.379634e-10 5.377464e-16 
-3.241206e+00 9.999663e-01 3.369593e-05 3.382787e-10 9.114345e-16 
-3.065327e+00 9.999598e-01 4.017520e-05 4.808822e-10 1.544803e-15 
-2.889447e+00 9.999521e-01 4.790029e-05 6.836003e-10 2.618304e-15 
-2.713568e+00 9.999429e-01 5.711071e-05 9.717738e-10 4.437786e-15 
-2.537688e+00 9.999319e-01 6.809203e-05 1.381425e-09 7.521630e-15 
-2.361809e+00 9.999188e-01 8.118467e-05 1.963761e-09 1.274843e-14 
-2.185930e+00 9.999032e-01 9.679451e-05 2.791571e-09 2.160728e-14 
-2.010050e+00 9.998846e-01 1.154054e-04 3.968327e-09 3.662203e-14 
-1.834171e+00 9.998624e-01 1.375941e-04 5.641112e-09 6.207021e-14 
-1.658291e+00 9.998359e-01 1.640483e-04 8.018999e-09 1.052015e-13 
-1.482412e+00 9.998044e-01 1.955877e-04 1.139917e-08 1.783030e-13 
-1.306533e+00 9.997668e-01 2.331894e-04 1.620406e-08 3.021988e-13 
-1.130653e+00 9.997220e-01 2.780179e-04 2.303410e-08 5.121812e-13 
-9.547739e-01 9.996685e-01 3.314614e-04 3.274274e-08 8.680620e-13 
-7.788945e-01 9.996048e-01 3.951743e-04 4.654299e-08 1.471206e-12 
-6.030151e-01 9.995288e-01 4.711282e-04 6.615888e-08 2.493393e-12 
-4.271357e-01 9.994382e-01 5.616726e-04 9.404066e-08 4.225730e-12 
-2.512563e-01 9.993303e-01 6.696066e-04 1.336705e-07 7.161519e-12 
-7.537688e-02 9.992015e-01 7.982653e-04 1.899969e-07 1.213667e-11 
1.005025e-01 9.990481e-01 9.516210e-04 2.700516e-07 2.056758e-11 
2.763819e-01 9.988652e-01 1.134405e-03 3.838259e-07 3.485412e-11 
4.522613e-01 9.986472e-01 1.352249e-03 5.455145e-07 5.906220e-11 
6.281407e-01 9.983874e-01 1.611859e-03 7.752829e-07 1.000799e-10 
8.040201e-01 9.980777e-01 1.921214e-03 1.101774e-06 1.695753e-10 
9.798995e-01 9.977086e-01 2.289806e-03 1.565664e-06 2.873111e-10 
1.155779e+00 9.972689e-01 2.728919e-03 2.224714e-06 4.867559e-10 
1.331658e+00 9.967449e-01 3.251964e-03 3.160915e-06 8.245810e-10 
1.507538e+00 9.961206e-01 3.874870e-03 4.490633e-06 1.396727e-09 
1.683417e+00 9.953771e-01 4.616537e-03 6.378965e-06 2.365580e-09 
1.859296e+00 9.944916e-01 5.499374e-03 9.060049e-06 4.005913e-09 
2.035176e+00 9.934372e-01 6.549920e-03 1.286580e-05 6.782521e-09 
2.211055e+00 9.921822e-01 7.799566e-03 1.826647e-05 1.148134e-08 
2.386935e+00 9.906887e-01 9.285380e-03 2.592790e-05 1.943071e-08 
2.562814e+00 9.889121e-01 1.105105e-02 3.679212e-05 3.287453e-08 
2.738693e+00 9.867998e-01 1.314796e-02 5.219069e-05 5.560082e-08 
2.914573e+00 9.842895e-01 1.563636e-02 7.400375e-05 9.399947e-08 
3.090452e+00 9.813083e-01 1.858668e-02 1.048826e-04 1.588394e-07 
3.266332e+00 9.777703e-01 2.208089e-02 1.485599e-04 2.682502e-07 
3.442211e+00 9.735753e-01 2.621397e-02 2.102815e-04 4.527132e-07 
3.618090e+00 9.686066e-01 3.109525e-02 2.974034e-04 7.633986e-07 
3.793970e+00 9.627288e-01 3.684971e-02 4.202129e-04 1.286051e-06 
3.969849e+00 9.557859e-01 4.361885e-02 5.930522e-04 2.164040e-06 
4.145729e+00 9.475995e-01 5.156106e-02 8.358417e-04 3.636468e-06 
4.321608e+00 9.379667e-01 6.085103e-02 1.176125e-03 6.100885e-06 
4.497487e+00 9.266602e-01 7.167776e-02 1.651785e-03 1.021589e-05 
4.673367e+00 9.134277e-01 8.424062e-02 2.314590e-03 1.706791e-05 
4.849246e+00 8.979943e-01 9.874256e-02 3.234747e-03 2.844003e-05 
5.025126e+00 8.800664e-01 1.153798e-01 4.506601e-03 4.724134e-05 
5.201005e+00 8.593395e-01 1.343267e-01 6.255549e-03 7.818473e-05 
5.376884e+00 8.355094e-01 1.557157e-01 8.646072e-03 1.288424e-04 
5.552764e+00 8.082881e-01 1.796101e-01 1.189051e-02 2.112633e-04 
5.728643e+00 7.774263e-01 2.059716e-01 1.625775e-02 3.444034e-04 
5.904523e+00 7.427402e-01 2.346218e-01 2.208031e-02 5.576933e-04 
6.080402e+00 7.041444e-01 2.652019e-01 2.975753e-02 8.961292e-04 
6.256281e+00 6.616877e-01 2.971334e-01 3.975164e-02 1.427290e-03 
6.432161e+00 6.155882e-01 3.295886e-01 5.257257e-02 2.250608e-03 
6.608040e+00 5.662639e-01 3.614800e-01 6.874716e-02 3.508964e-03 
6.783920e+00 5.143503e-01 3.914784e-01 8.876909e-02 5.402184e-03 
6.959799e+00 4.606995e-01 4.180709e-01 1.130284e-01 8.201219e-03 
7.135678e+00 4.063535e-01 4.396628e-01 1.417231e-01 1.226069e-02 
7.311558e+00 3.524894e-01 4.547212e-01 1.747630e-01 1.802634e-02 
7.487437e+00 3.003383e-01 4.619482e-01 2.116806e-01 2.603289e-02 
7.663317e+00 2.510858e-01 4.604560e-01 2.515703e-01 3.688792e-02 
7.839196e+00 2.057691e-01 4.499141e-01 2.930787e-01 5.123805e-02 
8.015075e+00 1.651869e-01 4.306342e-01 3.344619e-01 6.971696e-02 
8.190955e+00 1.298380e-01 4.035693e-01 3.737143e-01 9.287844e-02 
8.366834e+00 9.989898e-02 3.702209e-01 4.087577e-01 1.211224e-01 
8.542714e+00 7.524324e-02 3.324687e-01 4.376624e-01 1.546256e-01 
8.718593e+00 5.549369e-02 2.923549e-01 4.588622e-01 1.932893e-01 
8.894472e+00 4.009717e-02 2.518627e-01 4.713237e-01 2.367164e-01 
9.070352e+00 2.840496e-02 2.127296e-01 4.746426e-01 2.842229e-01 
9.246231e+00 1.974606e-02 1.763183e-01 4.690507e-01 3.348850e-01 
9.422111e+00 1.348442e-02 1.435598e-01 4.553430e-01 3.876127e-01 
9.597990e+00 9.056487e-03 1.149592e-01 4.347434e-01 4.412409e-01 
9.773869e+00 5.989709e-03 9.065112e-02 4.087387e-01 4.946204e-01 
9.949749e+00 3.905994e-03 7.048270e-02 3.789122e-01 5.466991e-01 
1.012563e+01 2.514798e-03 5.410500e-02 3.467983e-01 5.965819e-01 
1.030151e+01 1.600577e-03 4.105768e-02 3.137743e-01 6.435674e-01 
1.047739e+01 1.008300e-03 3.083833e-02 2.809942e-01 6.871592e-01 
1.065327e+01 6.294354e-04 2.295281e-02 2.493594e-01 7.270583e-01 
1.082915e+01 3.897950e-04 1.694745e-02 2.195219e-01 7.631409e-01 
1.100503e+01 2.397076e-04 1.242606e-02 1.919067e-01 7.954275e-01 
1.118090e+01 1.465158e-04 9.055648e-03 1.667477e-01 8.240502e-01 
1.135678e+01 8.908419e-05 6.564765e-03 1.441262e-01 8.492200e-01 
1.153266e+01 5.391968e-05 4.737500e-03 1.240099e-01 8.711987e-01 
1.170854e+01 3.250902e-05 3.405566e-03 1.062870e-01 8.902750e-01 
1.188442e+01 1.953508e-05 2.439968e-03 9.079420e-02 9.067463e-01 
1.206030e+01 1.170561e-05 1.743196e-03 7.733993e-02 9.209052e-01 
1.223618e+01 6.997200e-06 1.242396e-03 6.572053e-02 9.330301e-01 
1.241206e+01 4.174119e-06 8.836577e-04 5.573250e-02 9.433797e-01 
1.258794e+01 2.485716e-06 6.274139e-04 4.718044e-02 9.521897e-01 
1.276382e+01 1.478088e-06 4.448221e-04 3.988207e-02 9.596716e-01 
1.293970e+01 8.778298e-07 3.149778e-04 3.367090e-02 9.660132e-01 
1.311558e+01 5.207938e-07 2.228019e-04 2.839730e-02 9.713794e-01 
1.329146e+01 3.087009e-07 1.574615e-04 2.392854e-02 9.759137e-01 
1.346734e+01 1.828468e-07 1.112006e-04 2.014802e-02 9.797406e-01 
1.364322e+01 1.082343e-07 7.848168e-05 1.695418e-02 9.829672e-01 
1.381910e+01 6.403447e-08 5.536059e-05 1.425912e-02 9.856855e-01 
1.399497e+01 3.786784e-08 3.903380e-05 1.198716e-02 9.879738e-01 
1.417085e+01 2.238544e-08 2.751183e-05 1.007345e-02 9.898990e-01 
1.434673e+01 1.322894e-08 1.938484e-05 8.462615e-03 9.915180e-01 
1.452261e+01 7.815744e-09 1.365498e-05 7.107499e-03 9.928788e-01 
1.469849e+01 4.616574e-09 9.616653e-06 5.968061e-03 9.940223e-01 
1.487437e+01 2.726396e-09 6.771369e-06 5.010364e-03 9.949829e-01 
1.505025e+01 1.609869e-09 4.767180e-06 4.205695e-03 9.957895e-01 
1.522613e+01 9.504636e-10 3.355753e-06 3.529796e-03 9.964668e-01 
1.540201e+01 5.610905e-10 2.361950e-06 2.962197e-03 9.970354e-01 
1.557789e+01 3.312000e-10 1.662309e-06 2.485640e-03 9.975127e-01 
1.575377e+01 1.954854e-10 1.169820e-06 2.085591e-03 9.979132e-01 
1.592965e+01 1.153746e-10 8.231870e-07 1.749814e-03 9.982494e-01 
1.610553e+01 6.808988e-11 5.792344e-07 1.468017e-03 9.985314e-01 
1.628141e+01 4.018233e-11 4.075588e-07 1.231546e-03 9.987680e-01 
1.645729e+01 2.371216e-11 2.867542e-07 1.033127e-03 9.989666e-01 
1.663317e+01 1.399243e-11 2.017508e-07 8.666475e-04 9.991332e-01 
1.680905e+01 8.256644e-12 1.419414e-07 7.269755e-04 9.992729e-01 
1.698492e+01 4.871965e-12 9.986036e-08 6.097998e-04 9.993901e-01 
1.716080e+01 2.874726e-12 7.025366e-08 5.115011e-04 9.994884e-01 
1.733668e+01 1.696219e-12 4.942400e-08 4.290411e-04 9.995709e-01 
1.751256e+01 1.000833e-12 3.476971e-08 3.598699e-04 9.996401e-01 
1.768844e+01 5.905226e-13 2.446016e-08 3.018473e-04 9.996981e-01 
1.786432e+01 3.484234e-13 1.720733e-08 2.531774e-04 9.997468e-01 
1.804020e+01 2.055771e-13 1.210499e-08 2.123534e-04 9.997876e-01 
1.821608e+01 1.212940e-13 8.515544e-09 1.781110e-04 9.998219e-01 
1.839196e+01 7.156511e-14 5.990429e-09 1.493894e-04 9.998506e-01 
1.856784e+01 4.222420e-14 4.214068e-09 1.252988e-04 9.998747e-01 
1.874372e+01 2.491265e-14 2.964445e-09 1.050926e-04 9.998949e-01 
1.891960e+01 1.469863e-14 2.085373e-09 8.814465e-05 9.999119e-01 
1.909548e+01 8.672269e-15 1.466976e-09 7.392966e-05 9.999261e-01 
1.927136e+01 5.116672e-15 1.031957e-09 6.200696e-05 9.999380e-01 
1.944724e+01 3.018850e-15 7.259368e-10 5.200694e-05 9.999480e-01 
1.962312e+01 1.781127e-15 5.106644e-10 4.361958e-05 9.999564e-01 
1.979899e+01 1.050866e-15 3.592293e-10 3.658484e-05 9.999634e-01 
1.997487e+01 6.200115e-16 2.527012e-10 3.068458e-05 9.999693e-01 
2.015075e+01 3.658066e-16 1.777635e-10 2.573587e-05 9.999743e-01 
2.032663e+01 2.158256e-16 1.250482e-10 2.158526e-05 9.999784e-01 
2.050251e+01 1.273369e-16 8.796545e-11 1.810403e-05 9.999819e-01 
2.067839e+01 7.512856e-17 6.187946e-11 1.518424e-05 9.999848e-01 
2.085427e+01 4.432572e-17 4.352920e-11 1.273535e-05 9.999873e-01 
2.103015e+01 2.615208e-17 3.062067e-11 1.068140e-05 9.999893e-01 
2.120603e+01 1.542967e-17 2.154014e-11 8.958711e-06 9.999910e-01 
2.138191e+01 9.103470e-18 1.515243e-11 7.513853e-06 9.999925e-01 
2.155779e+01 5.371025e-18 1.065898e-11 6.302020e-06 9.999937e-01 
2.173367e+01 3.168890e-18 7.498068e-12 5.285630e-06 9.999947e-01 
2.190955e+01 1.869637e-18 5.274519e-12 4.433163e-06 9.999956e-01 
2.208543e+01 1.103080e-18 3.710362e-12 3.718181e-06 9.999963e-01 
2.226131e+01 6.508143e-19 2.610055e-12 3.118511e-06 9.999969e-01 
2.243719e+01 3.839785e-19 1.836043e-12 2.615556e-06 9.999974e-01 
2.261307e+01 2.265462e-19 1.291565e-12 2.193718e-06 9.999978e-01 
2.278894e+01 1.336616e-19 9.085513e-13 1.839914e-06 9.999982e-01 
2.296482e+01 7.885993e-20 6.391204e-13 1.543172e-06 9.999985e-01 
2.314070e+01 4.652711e-20 4.495892e-13 1.294288e-06 9.999987e-01 
2.331658e+01 2.745085e-20 3.162635e-13 1.085544e-06 9.999989e-01 
2.349246e+01 1.619592e-20 2.224755e-13 9.104668e-07 9.999991e-01 
2.366834e+01 9.555541e-21 1.565004e-13 7.636261e-07 9.999992e-01 
2.384422e+01 5.637739e-21 1.100902e-13 6.404679e-07 9.999994e-01 
2.402010e+01 3.326248e-21 7.744292e-14 5.371727e-07 9.999995e-01 
2.419598e+01 1.962476e-21 5.447721e-14 4.505371e-07 9.999995e-01 
2.437186e+01 1.157855e-21 3.832198e-14 3.778741e-07 9.999996e-01 
2.454774e+01 6.831305e-22 2.695759e-14 3.169302e-07 9.999997e-01 
2.472362e+01 4.030448e-22 1.896331e-14 2.658155e-07 9.999997e-01 
2.489950e+01 2.377952e-22 1.333974e-14 2.229445e-07 9.999998e-01 
2.507538e+01 1.402984e-22 9.383837e-15 1.869878e-07 9.999998e-01 
2.525126e+01 8.277560e-23 6.601058e-15 1.568303e-07 9.999998e-01 
2.542714e+01 4.883734e-23 4.643513e-15 1.315366e-07 9.999999e-01 
2.560302e+01 2.881387e-23 3.266478e-15 1.103222e-07 9.999999e-01 
2.577889e+01 1.700009e-23 2.297803e-15 9.252937e-08 9.999999e-01 
2.595477e+01 1.003000e-23 1.616389e-15 7.760616e-08 9.999999e-01 
2.613065e+01 5.917668e-24 1.137049e-15 6.508977e-08 9.999999e-01 
2.630653e+01 3.491405e-24 7.998567e-16 5.459203e-08 9.999999e-01 
2.648241e+01 2.059918e-24 5.626590e-16 4.578738e-08 1.000000e+00 
2.665829e+01 1.215345e-24 3.958024e-16 3.840275e-08 1.000000e+00 
2.683417e+01 7.170496e-25 2.784271e-16 3.220913e-08 1.000000e+00 
2.701005e+01 4.230570e-25 1.958595e-16 2.701441e-08 1.000000e+00 
2.718593e+01 2.496023e-25 1.377773e-16 2.265750e-08 1.000000e+00 
2.736181e+01 1.472645e-25 9.691941e-17 1.900328e-08 1.000000e+00 
2.753769e+01 8.688560e-26 6.817794e-17 1.593841e-08 1.000000e+00 
2.771357e+01 5.126222e-26 4.795976e-17 1.336785e-08 1.000000e+00 
2.788945e+01 3.024455e-26 3.373728e-17 1.121187e-08 1.000000e+00 
2.806533e+01 1.784419e-26 2.373248e-17 9.403614e-09 1.000000e+00 
2.824121e+01 1.052801e-26 1.669461e-17 7.886991e-09 1.000000e+00 
2.841709e+01 6.211493e-27 1.174382e-17 6.614970e-09 1.000000e+00 
2.859296e+01 3.664761e-27 8.261187e-18 5.548102e-09 1.000000e+00 
2.876884e+01 2.162197e-27 5.811330e-18 4.653299e-09 1.000000e+00 
2.894472e+01 1.275689e-27 4.087979e-18 3.902811e-09 1.000000e+00 
2.912060e+01 7.526527e-28 2.875688e-18 3.273362e-09 1.000000e+00 
2.929648e+01 4.440627e-28 2.022902e-18 2.745432e-09 1.000000e+00 
2.947236e+01 2.619955e-28 1.423010e-18 2.302646e-09 1.000000e+00 
2.964824e+01 1.545765e-28 1.001016e-18 1.931273e-09 1.000000e+00 
2.982412e+01 9.119966e-29 7.041645e-19 1.619796e-09 1.000000e+00 
3.000000e+01 5.380750e-29 4.953444e-19 1.358554e-09 1.000000e+00 
