#E                   3            4            5            6            7            8 
-5.000000e+00 9.999994e-01 5.670389e-07 9.366811e-14 5.007444e-21 6.966688e-30 3.183820e-39 
-4.824121e+00 9.999993e-01 6.760772e-07 1.331553e-13 8.487239e-21 1.407862e-29 7.671243e-39 
-4.648241e+00 9.999992e-01 8.060828e-07 1.892890e-13 1.438523e-20 2.845076e-29 1.848345e-38 
-4.472362e+00 9.999990e-01 9.610878e-07 2.690867e-13 2.438187e-20 5.749468e-29 4.453487e-38 
-4.296482e+00 9.999989e-01 1.145899e-06 3.825244e-13 4.132542e-20 1.161880e-28 1.073044e-37 
-4.120603e+00 9.999986e-01 1.366249e-06 5.437834e-13 7.004345e-20 2.347984e-28 2.585440e-37 
-3.944724e+00 9.999984e-01 1.628970e-06 7.730235e-13 1.187183e-19 4.744919e-28 6.229478e-37 
-3.768844e+00 9.999981e-01 1.942211e-06 1.098903e-12 2.012185e-19 9.588760e-28 1.500959e-36 
-3.592965e+00 9.999977e-01 2.315686e-06 1.562163e-12 3.410501e-19 1.937743e-27 3.616478e-36 
-3.417085e+00 9.999972e-01 2.760978e-06 2.220716e-12 5.780539e-19 3.915883e-27 8.713706e-36 
-3.241206e+00 9.999967e-01 3.291897e-06 3.156891e-12 9.797572e-19 7.913403e-27 2.099520e-35 
-3.065327e+00 9.999961e-01 3.924907e-06 4.487725e-12 1.660613e-18 1.599178e-26 5.058677e-35 
-2.889447e+00 9.999953e-01 4.679641e-06 6.379591e-12 2.814612e-18 3.231694e-26 1.218860e-34 
-2.713568e+00 9.999944e-01 5.579504e-06 9.068998e-12 4.770551e-18 6.530760e-26 2.936775e-34 
-2.537688e+00 9.999933e-01 6.652403e-06 1.289216e-11 8.085715e-18 1.319766e-25 7.075995e-34 
-2.361809e+00 9.999921e-01 7.931612e-06 1.832703e-11 1.370466e-17 2.667045e-25 1.704921e-33 
-2.185930e+00 9.999905e-01 9.456801e-06 2.605304e-11 2.322833e-17 5.389686e-25 4.107909e-33 
-2.010050e+00 9.999887e-01 1.127527e-05 3.703603e-11 3.937019e-17 1.089172e-24 9.897768e-33 
-1.834171e+00 9.999866e-01 1.344341e-05 5.264904e-11 6.672935e-17 2.201047e-24 2.384809e-32 
-1.658291e+00 9.999840e-01 1.602846e-05 7.484386e-11 1.131009e-16 4.447972e-24 5.746054e-32 
-1.482412e+00 9.999809e-01 1.911058e-05 1.063951e-10 1.916969e-16 8.988650e-24 1.384477e-31 
-1.306533e+00 9.999772e-01 2.278535e-05 1.512471e-10 3.249106e-16 1.816463e-23 3.335810e-31 
-1.130653e+00 9.999728e-01 2.716672e-05 2.150067e-10 5.506966e-16 3.670782e-23 8.037420e-31 
-9.547739e-01 9.999676e-01 3.239056e-05 3.056446e-10 9.333842e-16 7.418056e-23 1.936563e-30 
-7.788945e-01 9.999614e-01 3.861884e-05 4.344911e-10 1.582006e-15 1.499068e-22 4.666016e-30 
-6.030151e-01 9.999540e-01 4.604467e-05 6.176530e-10 2.681361e-15 3.029366e-22 1.124243e-29 
-4.271357e-01 9.999451e-01 5.489831e-05 8.780265e-10 4.544664e-15 6.121837e-22 2.708780e-29 
-2.512563e-01 9.999345e-01 6.545425e-05 1.248159e-09 7.702780e-15 1.237118e-21 6.526590e-29 
-7.537688e-02 9.999220e-01 7.803975e-05 1.774318e-09 1.305547e-14 2.499996e-21 1.572527e-28 
1.005025e-01 9.999070e-01 9.304495e-05 2.522271e-09 2.212770e-14 5.052038e-21 3.788863e-28 
2.763819e-01 9.998891e-01 1.109350e-04 3.585510e-09 3.750411e-14 1.020922e-20 9.128898e-28 
4.522613e-01 9.998677e-01 1.322643e-04 5.096929e-09 6.356527e-14 2.063085e-20 2.199512e-27 
6.281407e-01 9.998423e-01 1.576940e-04 7.245434e-09 1.077356e-13 4.169077e-20 5.299471e-27 
8.040201e-01 9.998120e-01 1.880119e-04 1.029955e-08 1.825982e-13 8.424819e-20 1.276840e-26 
9.798995e-01 9.997758e-01 2.241574e-04 1.464095e-08 3.094789e-13 1.702467e-19 3.076367e-26 
1.155779e+00 9.997327e-01 2.672501e-04 2.081218e-08 5.245208e-13 3.440280e-19 7.412023e-26 
1.331658e+00 9.996813e-01 3.186243e-04 2.958435e-08 8.889774e-13 6.951928e-19 1.785795e-25 
1.507538e+00 9.996201e-01 3.798707e-04 4.205352e-08 1.506657e-12 1.404793e-18 4.302514e-25 
1.683417e+00 9.995471e-01 4.528846e-04 5.977747e-08 2.553484e-12 2.838667e-18 1.036592e-24 
1.859296e+00 9.994600e-01 5.399246e-04 8.497020e-08 4.327585e-12 5.736018e-18 2.497395e-24 
2.035176e+00 9.993562e-01 6.436822e-04 1.207782e-07 7.334168e-12 1.159042e-17 6.016715e-24 
2.211055e+00 9.992325e-01 7.673635e-04 1.716728e-07 1.242932e-11 2.341959e-17 1.449516e-23 
2.386935e+00 9.990850e-01 9.147881e-04 2.440082e-07 2.106365e-11 4.732046e-17 3.492015e-23 
2.562814e+00 9.989091e-01 1.090505e-03 3.468126e-07 3.569502e-11 9.561066e-17 8.412341e-23 
2.738693e+00 9.986996e-01 1.299930e-03 4.929134e-07 6.048767e-11 1.931741e-16 2.026483e-22 
2.914573e+00 9.984498e-01 1.549511e-03 7.005334e-07 1.024964e-10 3.902781e-16 4.881481e-22 
3.090452e+00 9.981521e-01 1.846922e-03 9.955573e-07 1.736718e-10 7.884578e-16 1.175816e-21 
3.266332e+00 9.977973e-01 2.201292e-03 1.414747e-06 2.942560e-10 1.592788e-15 2.832059e-21 
3.442211e+00 9.973745e-01 2.623476e-03 2.010303e-06 4.985304e-10 3.217419e-15 6.820802e-21 
3.618090e+00 9.968708e-01 3.126375e-03 2.856335e-06 8.445446e-10 6.498633e-15 1.642606e-20 
3.793970e+00 9.962706e-01 3.725315e-03 4.058023e-06 1.430578e-09 1.312485e-14 3.955387e-20 
3.969849e+00 9.955557e-01 4.438485e-03 5.764606e-06 2.422981e-09 2.650430e-14 9.523455e-20 
4.145729e+00 9.947044e-01 5.287454e-03 8.187758e-06 4.103258e-09 5.351538e-14 2.292663e-19 
4.321608e+00 9.936906e-01 6.297776e-03 1.162757e-05 6.947625e-09 1.080363e-13 5.518419e-19 
4.497487e+00 9.924838e-01 7.499683e-03 1.650928e-05 1.176140e-08 2.180598e-13 1.328019e-18 
4.673367e+00 9.910477e-01 8.928890e-03 2.343507e-05 1.990584e-08 4.400282e-13 3.195159e-18 
4.849246e+00 9.893392e-01 1.062751e-02 3.325706e-05 3.368073e-08 8.876975e-13 7.685294e-18 
5.025126e+00 9.873077e-01 1.264510e-02 4.718001e-05 5.696906e-08 1.790219e-12 1.847928e-17 
5.201005e+00 9.848932e-01 1.503981e-02 6.690545e-05 9.632213e-08 3.608914e-12 4.441594e-17 
5.376884e+00 9.820253e-01 1.787967e-02 9.483354e-05 1.627834e-07 7.271833e-12 1.067062e-16 
5.552764e+00 9.786214e-01 2.124393e-02 1.343448e-04 2.749491e-07 1.464434e-11 2.562117e-16 
5.728643e+00 9.745848e-01 2.522454e-02 1.901922e-04 4.640958e-07 2.947192e-11 6.147820e-16 
5.904523e+00 9.698027e-01 2.992750e-02 2.690440e-04 7.827476e-07 5.926605e-11 1.474016e-15 
6.080402e+00 9.641443e-01 3.547420e-02 3.802322e-04 1.318957e-06 1.190689e-10 3.530840e-15 
6.256281e+00 9.574586e-01 4.200239e-02 5.367769e-04 2.220031e-06 2.389518e-10 8.448378e-15 
6.432161e+00 9.495727e-01 4.966675e-02 7.567788e-04 3.731794e-06 4.789082e-10 2.018826e-14 
6.608040e+00 9.402900e-01 5.863848e-02 1.065294e-03 6.263276e-06 9.583401e-10 4.816700e-14 
6.783920e+00 9.293889e-01 6.910379e-02 1.496828e-03 1.049271e-05 1.914208e-09 1.147103e-13 
6.959799e+00 9.166235e-01 8.126037e-02 2.098613e-03 1.754008e-05 3.815192e-09 2.725921e-13 
7.135678e+00 9.017245e-01 9.531146e-02 2.934825e-03 2.924588e-05 7.584608e-09 6.461204e-13 
7.311558e+00 8.844031e-01 1.114564e-01 4.091904e-03 4.861737e-05 1.503292e-08 1.526888e-12 
7.487437e+00 8.643576e-01 1.298768e-01 5.685067e-03 8.053506e-05 2.969069e-08 3.595568e-12 
7.663317e+00 8.412835e-01 1.507176e-01 7.865954e-03 1.328570e-04 5.839869e-08 8.432061e-12 
7.839196e+00 8.148888e-01 1.740618e-01 1.083114e-02 2.181176e-04 1.143123e-07 1.967918e-11 
8.015075e+00 7.849139e-01 1.998990e-01 1.483081e-02 3.560940e-04 2.225104e-07 4.567178e-11 
8.190955e+00 7.511574e-01 2.280883e-01 2.017626e-02 5.775957e-04 4.303215e-07 1.053111e-10 
8.366834e+00 7.135074e-01 2.583176e-01 2.724427e-02 9.299119e-04 8.260273e-07 2.410232e-10 
8.542714e+00 6.719758e-01 2.900631e-01 3.647516e-02 1.484388e-03 1.572111e-06 5.469294e-10 
8.718593e+00 6.267336e-01 3.225561e-01 4.836079e-02 2.346535e-03 2.963101e-06 1.229074e-09 
8.894472e+00 5.781426e-01 3.547650e-01 6.341797e-02 3.668845e-03 5.523729e-06 2.731789e-09 
9.070352e+00 5.267770e-01 3.854038e-01 8.214309e-02 5.665934e-03 1.017087e-05 5.997306e-09 
9.246231e+00 4.734276e-01 4.129774e-01 1.049457e-01 8.630753e-03 1.847220e-05 1.298674e-08 
9.422111e+00 4.190844e-01 4.358707e-01 1.320625e-01 1.294932e-02 3.304458e-05 2.769909e-08 
9.597990e+00 3.648905e-01 4.524829e-01 1.634585e-01 1.910990e-02 5.814269e-05 5.810905e-08 
9.773869e+00 3.120702e-01 4.613976e-01 1.987303e-01 2.770119e-02 1.004890e-04 1.197432e-07 
9.949749e+00 2.618357e-01 4.615677e-01 2.370324e-01 3.939358e-02 1.703841e-04 2.420720e-07 
1.012563e+01 2.152845e-01 4.524834e-01 2.770501e-01 5.489839e-02 2.831044e-04 4.795630e-07 
1.030151e+01 1.733028e-01 4.342891e-01 3.170430e-01 7.490362e-02 4.605464e-04 9.301560e-07 
1.047739e+01 1.364923e-01 4.078166e-01 3.549666e-01 9.998978e-02 7.330095e-04 1.765125e-06 
1.065327e+01 1.051316e-01 3.745189e-01 3.886689e-01 1.305363e-01 1.140956e-03 3.275806e-06 
1.082915e+01 7.918032e-02 3.363110e-01 4.161315e-01 1.666347e-01 1.736547e-03 5.944554e-06 
1.100503e+01 5.832044e-02 2.953439e-01 4.357135e-01 2.080269e-01 2.584781e-03 1.054970e-05 
1.118090e+01 4.202696e-02 2.537573e-01 4.463495e-01 2.540838e-01 3.764131e-03 1.831743e-05 
1.135678e+01 2.965076e-02 2.134567e-01 4.476615e-01 3.038331e-01 5.366689e-03 3.113792e-05 
1.153266e+01 2.049929e-02 1.759528e-01 4.399665e-01 3.560315e-01 7.497961e-03 5.186923e-05 
1.170854e+01 1.390299e-02 1.422817e-01 4.241856e-01 4.092684e-01 1.027653e-02 8.476107e-05 
1.188442e+01 9.261231e-03 1.130038e-01 4.016830e-01 4.620821e-01 1.383378e-02 1.360424e-04 
1.206030e+01 6.067004e-03 8.826371e-02 3.740726e-01 5.130681e-01 1.831387e-02 2.147322e-04 
1.223618e+01 3.913664e-03 6.788517e-02 3.430300e-01 5.609636e-01 2.387389e-02 3.337518e-04 
1.241206e+01 2.489081e-03 5.147707e-02 3.101376e-01 6.047008e-01 3.068404e-02 5.114420e-04 
1.258794e+01 1.562602e-03 3.853067e-02 2.767774e-01 6.434283e-01 3.892742e-02 7.736115e-04 
1.276382e+01 9.693244e-04 2.849777e-02 2.440722e-01 6.765055e-01 4.879892e-02 1.156275e-03 
1.293970e+01 5.946999e-04 2.084601e-02 2.128698e-01 7.034778e-01 6.050242e-02 1.709255e-03 
1.311558e+01 3.611280e-04 1.509280e-02 1.837572e-01 7.240426e-01 7.424546e-02 2.500850e-03 
1.329146e+01 2.171753e-04 1.082188e-02 1.570943e-01 7.380125e-01 9.023042e-02 3.623716e-03 
1.346734e+01 1.293951e-04 7.687648e-03 1.330561e-01 7.452836e-01 1.086411e-01 5.202102e-03 
1.364322e+01 7.639682e-05 5.411707e-03 1.116758e-01 7.458118e-01 1.296240e-01 7.400369e-03 
1.381910e+01 4.469848e-05 3.775159e-03 9.288454e-02 7.396003e-01 1.532628e-01 1.043249e-02 
1.399497e+01 2.591199e-05 2.609316e-03 7.654527e-02 7.267005e-01 1.795472e-01 1.457181e-02 
1.417085e+01 1.487826e-05 1.786329e-03 6.247935e-02 7.072242e-01 2.083357e-01 2.015960e-02 
1.434673e+01 8.457192e-06 1.210651e-03 5.048677e-02 6.813678e-01 2.393159e-01 2.761044e-02 
1.452261e+01 4.755944e-06 8.117326e-04 4.036036e-02 6.494452e-01 2.719668e-01 3.741116e-02 
1.469849e+01 2.643878e-06 5.380232e-04 3.189528e-02 6.119239e-01 3.055303e-01 5.010984e-02 
1.487437e+01 1.451629e-06 3.522076e-04 2.489475e-02 5.694585e-01 3.390021e-01 6.629100e-02 
1.505025e+01 7.864512e-07 2.275089e-04 1.917303e-02 5.229120e-01 3.711525e-01 8.653424e-02 
1.522613e+01 4.200306e-07 1.448742e-04 1.455683e-02 4.733562e-01 4.005855e-01 1.113562e-01 
1.540201e+01 2.209525e-07 9.086413e-05 1.088558e-02 4.220428e-01 4.258407e-01 1.411399e-01 
1.557789e+01 1.143918e-07 5.608822e-05 8.011511e-03 3.703417e-01 4.455298e-01 1.760608e-01 
1.575377e+01 5.825275e-08 3.405468e-05 5.799666e-03 3.196499e-01 4.584925e-01 2.160238e-01 
1.592965e+01 2.916853e-08 2.033098e-05 4.128269e-03 2.712833e-01 4.639425e-01 2.606256e-01 
1.610553e+01 1.436011e-08 1.193398e-05 2.889204e-03 2.263689e-01 4.615739e-01 3.091560e-01 
1.628141e+01 6.952483e-09 6.888913e-06 1.988507e-03 1.857587e-01 4.516033e-01 3.606425e-01 
1.645729e+01 3.311884e-09 3.912635e-06 1.346571e-03 1.499805e-01 4.347366e-01 4.139324e-01 
1.663317e+01 1.553410e-09 2.188083e-06 8.978570e-04 1.192329e-01 4.120699e-01 4.677972e-01 
1.680905e+01 7.180965e-10 1.205991e-06 5.900255e-04 9.342071e-02 3.849474e-01 5.210406e-01 
1.698492e+01 3.275209e-10 6.558183e-07 3.825550e-04 7.221871e-02 3.548064e-01 5.725917e-01 
1.716080e+01 1.475593e-10 3.522853e-07 2.450125e-04 5.514772e-02 3.230373e-01 6.215696e-01 
1.733668e+01 6.574939e-11 1.871558e-07 1.551960e-04 4.164886e-02 2.908786e-01 6.673172e-01 
1.751256e+01 2.900923e-11 9.845349e-08 9.734010e-05 3.114569e-02 2.593523e-01 7.094046e-01 
1.768844e+01 1.268822e-11 5.134274e-08 6.052338e-05 2.308941e-02 2.292389e-01 7.476111e-01 
1.786432e+01 5.507501e-12 2.657152e-08 3.734599e-05 1.698702e-02 2.010833e-01 7.818923e-01 
1.804020e+01 2.374812e-12 1.366075e-08 2.289210e-05 1.241487e-02 1.752203e-01 8.123419e-01 
1.821608e+01 1.018156e-12 6.983019e-09 1.395204e-05 9.021478e-03 1.518111e-01 8.391534e-01 
1.839196e+01 4.343684e-13 3.551979e-09 8.461519e-06 6.523366e-03 1.308824e-01 8.625858e-01 
1.856784e+01 1.845301e-13 1.799131e-09 5.110039e-06 4.697114e-03 1.123631e-01 8.829346e-01 
1.874372e+01 7.811058e-14 9.080065e-10 3.074920e-06 3.369955e-03 9.611704e-02 9.005099e-01 
1.891960e+01 3.296244e-14 4.568587e-10 1.844634e-06 2.410371e-03 8.196787e-02 9.156199e-01 
1.909548e+01 1.387384e-14 2.292676e-10 1.103709e-06 1.719538e-03 6.971959e-02 9.285598e-01 
1.927136e+01 5.826594e-15 1.148006e-10 6.589302e-07 1.223996e-03 5.917070e-02 9.396046e-01 
1.944724e+01 2.442425e-15 5.737651e-11 3.926565e-07 8.696348e-04 5.012414e-02 9.490058e-01 
1.962312e+01 1.022215e-15 2.863113e-11 2.336149e-07 6.168906e-04 4.239373e-02 9.569891e-01 
1.979899e+01 4.272524e-16 1.426804e-11 1.388065e-07 4.370196e-04 3.580781e-02 9.637550e-01 
1.997487e+01 1.783772e-16 7.102357e-12 8.238184e-08 3.092473e-04 3.021109e-02 9.694796e-01 
2.015075e+01 7.440177e-17 3.532075e-12 4.884751e-08 2.186253e-04 2.546503e-02 9.743163e-01 
2.032663e+01 3.100856e-17 1.755140e-12 2.894061e-08 1.544362e-04 2.144749e-02 9.783980e-01 
2.050251e+01 1.291484e-17 8.715710e-13 1.713492e-08 1.090202e-04 1.805169e-02 9.818393e-01 
2.067839e+01 5.375913e-18 4.325629e-13 1.013940e-08 7.691666e-05 1.518499e-02 9.847381e-01 
2.085427e+01 2.236711e-18 2.145805e-13 5.997036e-09 5.424109e-05 1.276750e-02 9.871782e-01 
2.103015e+01 9.302396e-19 1.064042e-13 3.545590e-09 3.823523e-05 1.073062e-02 9.892311e-01 
2.120603e+01 3.867539e-19 5.274510e-14 2.095537e-09 2.694350e-05 9.015681e-03 9.909574e-01 
2.138191e+01 1.607507e-19 2.613869e-14 1.238170e-09 1.898115e-05 7.572696e-03 9.924083e-01 
2.155779e+01 6.679883e-20 1.295040e-14 7.314139e-10 1.336869e-05 6.359167e-03 9.936275e-01 
2.173367e+01 2.775230e-20 6.415001e-15 4.319766e-10 9.413892e-06 5.339052e-03 9.946515e-01 
2.190955e+01 1.152808e-20 3.177154e-15 2.550852e-10 6.627926e-06 4.481837e-03 9.955115e-01 
2.208543e+01 4.788006e-21 1.573328e-15 1.506086e-10 4.665795e-06 3.761729e-03 9.962336e-01 
2.226131e+01 1.988390e-21 7.790219e-16 8.891265e-11 3.284150e-06 3.156954e-03 9.968398e-01 
2.243719e+01 8.256689e-22 3.856892e-16 5.248495e-11 2.311413e-06 2.649149e-03 9.973485e-01 
2.261307e+01 3.428266e-22 1.909368e-16 3.097921e-11 1.626659e-06 2.222843e-03 9.977755e-01 
2.278894e+01 1.423355e-22 9.451738e-17 1.828420e-11 1.144684e-06 1.865010e-03 9.981338e-01 
2.296482e+01 5.909174e-23 4.678522e-17 1.079087e-11 8.054703e-07 1.564691e-03 9.984345e-01 
2.314070e+01 2.453122e-23 2.315712e-17 6.368186e-12 5.667511e-07 1.312668e-03 9.986868e-01 
2.331658e+01 1.018343e-23 1.146154e-17 3.758005e-12 3.987654e-07 1.101193e-03 9.988984e-01 
2.349246e+01 4.227211e-24 5.672653e-18 2.217605e-12 2.805613e-07 9.237558e-04 9.990760e-01 
2.366834e+01 1.754694e-24 2.807483e-18 1.308575e-12 1.973902e-07 7.748872e-04 9.992249e-01 
2.384422e+01 7.283472e-25 1.389433e-18 7.721516e-13 1.388715e-07 6.499940e-04 9.993499e-01 
2.402010e+01 3.023199e-25 6.876214e-19 4.556147e-13 9.769934e-08 5.452196e-04 9.994547e-01 
2.419598e+01 1.254838e-25 3.402936e-19 2.688349e-13 6.873263e-08 4.573263e-04 9.995426e-01 
2.437186e+01 5.208378e-26 1.684038e-19 1.586234e-13 4.835352e-08 3.835966e-04 9.996164e-01 
2.454774e+01 2.161783e-26 8.333838e-20 9.359310e-14 3.401638e-08 3.217497e-04 9.996782e-01 
2.472362e+01 8.972581e-27 4.124144e-20 5.522249e-14 2.393005e-08 2.698717e-04 9.997301e-01 
2.489950e+01 3.724080e-27 2.040887e-20 3.258251e-14 1.683432e-08 2.263564e-04 9.997736e-01 
2.507538e+01 1.545673e-27 1.009953e-20 1.922428e-14 1.184253e-08 1.898564e-04 9.998101e-01 
2.525126e+01 6.415251e-28 4.997818e-21 1.134261e-14 8.330883e-09 1.592410e-04 9.998408e-01 
2.542714e+01 2.662610e-28 2.473192e-21 6.692276e-15 5.860508e-09 1.335619e-04 9.998664e-01 
2.560302e+01 1.105095e-28 1.223865e-21 3.948506e-15 4.122662e-09 1.120234e-04 9.998880e-01 
2.577889e+01 4.586593e-29 6.056300e-22 2.329648e-15 2.900138e-09 9.395783e-05 9.999060e-01 
2.595477e+01 1.903617e-29 2.996955e-22 1.374506e-15 2.040132e-09 7.880543e-05 9.999212e-01 
2.613065e+01 7.900741e-30 1.483037e-22 8.109642e-16 1.435149e-09 6.609646e-05 9.999339e-01 
2.630653e+01 3.279104e-30 7.338760e-23 4.784714e-16 1.009566e-09 5.543696e-05 9.999446e-01 
2.648241e+01 1.360949e-30 3.631556e-23 2.822991e-16 7.101853e-10 4.649645e-05 9.999535e-01 
2.665829e+01 5.648431e-31 1.797059e-23 1.665568e-16 4.995835e-10 3.899776e-05 9.999610e-01 
2.683417e+01 2.344301e-31 8.892649e-24 9.826860e-17 3.514341e-10 3.270837e-05 9.999673e-01 
2.701005e+01 9.729675e-32 4.400476e-24 5.797847e-17 2.472175e-10 2.743328e-05 9.999726e-01 
2.718593e+01 4.038155e-32 2.177548e-24 3.420726e-17 1.739059e-10 2.300892e-05 9.999770e-01 
2.736181e+01 1.675974e-32 1.077545e-24 2.018225e-17 1.223345e-10 1.929809e-05 9.999807e-01 
2.753769e+01 6.955870e-33 5.332159e-25 1.190750e-17 8.605645e-11 1.618573e-05 9.999838e-01 
2.771357e+01 2.886924e-33 2.638581e-25 7.025404e-18 6.053655e-11 1.357532e-05 9.999864e-01 
2.788945e+01 1.198172e-33 1.305682e-25 4.144975e-18 4.258452e-11 1.138590e-05 9.999886e-01 
2.806533e+01 4.972818e-34 6.461072e-26 2.445526e-18 2.995612e-11 9.549591e-06 9.999905e-01 
2.824121e+01 2.063887e-34 3.197212e-26 1.442855e-18 2.107266e-11 8.009437e-06 9.999920e-01 
2.841709e+01 8.565826e-35 1.582116e-26 8.512809e-19 1.482358e-11 6.717677e-06 9.999933e-01 
2.859296e+01 3.555105e-35 7.828974e-27 5.022535e-19 1.042765e-11 5.634250e-06 9.999944e-01 
2.876884e+01 1.475488e-35 3.874105e-27 2.963282e-19 7.335337e-12 4.725558e-06 9.999953e-01 
2.894472e+01 6.123767e-36 1.917070e-27 1.748328e-19 5.160045e-12 3.963419e-06 9.999960e-01 
2.912060e+01 2.541568e-36 9.486466e-28 1.031509e-19 3.629835e-12 3.324197e-06 9.999967e-01 
2.929648e+01 1.054835e-36 4.694300e-28 6.085872e-20 2.553408e-12 2.788069e-06 9.999972e-01 
2.947236e+01 4.377918e-37 2.322936e-28 3.590646e-20 1.796195e-12 2.338408e-06 9.999977e-01 
2.964824e+01 1.816982e-37 1.149486e-28 2.118471e-20 1.263534e-12 1.961268e-06 9.999980e-01 
2.982412e+01 7.541078e-38 5.688136e-29 1.249891e-20 8.888327e-13 1.644954e-06 9.999984e-01 
3.000000e+01 3.129798e-38 2.814727e-29 7.374320e-21 6.252493e-13 1.379655e-06 9.999986e-01 
