#E                   5            6            7            8 
-5.000000e+00 1.000000e+00 4.864216e-08 9.257101e-16 3.151643e-24 
-4.824121e+00 9.999999e-01 5.799577e-08 1.315958e-15 5.341798e-24 
-4.648241e+00 9.999999e-01 6.914802e-08 1.870720e-15 9.053944e-24 
-4.472362e+00 9.999999e-01 8.244479e-08 2.659351e-15 1.534575e-23 
-4.296482e+00 9.999999e-01 9.829845e-08 3.780442e-15 2.600989e-23 
-4.120603e+00 9.999999e-01 1.172007e-07 5.374147e-15 4.408480e-23 
-3.944724e+00 9.999999e-01 1.397377e-07 7.639702e-15 7.472040e-23 
-3.768844e+00 9.999998e-01 1.666084e-07 1.086034e-14 1.266454e-22 
-3.592965e+00 9.999998e-01 1.986463e-07 1.543868e-14 2.146544e-22 
-3.417085e+00 9.999998e-01 2.368448e-07 2.194710e-14 3.638230e-22 
-3.241206e+00 9.999997e-01 2.823887e-07 3.119924e-14 6.166525e-22 
-3.065327e+00 9.999997e-01 3.366904e-07 4.435176e-14 1.045179e-21 
-2.889447e+00 9.999996e-01 4.014340e-07 6.304893e-14 1.771500e-21 
-2.713568e+00 9.999995e-01 4.786274e-07 8.962818e-14 3.002559e-21 
-2.537688e+00 9.999994e-01 5.706646e-07 1.274123e-13 5.089110e-21 
-2.361809e+00 9.999993e-01 6.804001e-07 1.811250e-13 8.625656e-21 
-2.185930e+00 9.999992e-01 8.112370e-07 2.574810e-13 1.461983e-20 
-2.010050e+00 9.999990e-01 9.672331e-07 3.660260e-13 2.477951e-20 
-1.834171e+00 9.999988e-01 1.153226e-06 5.203299e-13 4.199939e-20 
-1.658291e+00 9.999986e-01 1.374985e-06 7.396829e-13 7.118578e-20 
-1.482412e+00 9.999984e-01 1.639386e-06 1.051508e-12 1.206545e-19 
-1.306533e+00 9.999980e-01 1.954630e-06 1.494786e-12 2.045002e-19 
-1.130653e+00 9.999977e-01 2.330493e-06 2.124936e-12 3.466122e-19 
-9.547739e-01 9.999972e-01 2.778632e-06 3.020735e-12 5.874813e-19 
-7.788945e-01 9.999967e-01 3.312945e-06 4.294170e-12 9.957359e-19 
-6.030151e-01 9.999960e-01 3.950003e-06 6.104441e-12 1.687696e-18 
-4.271357e-01 9.999953e-01 4.709563e-06 8.677857e-12 2.860515e-18 
-2.512563e-01 9.999944e-01 5.615180e-06 1.233613e-11 4.848353e-18 
-7.537688e-02 9.999933e-01 6.694939e-06 1.753660e-11 8.217584e-18 
1.005025e-01 9.999920e-01 7.982327e-06 2.492940e-11 1.392817e-17 
2.763819e-01 9.999905e-01 9.517268e-06 3.543872e-11 2.360715e-17 
4.522613e-01 9.999887e-01 1.134736e-05 5.037837e-11 4.001227e-17 
6.281407e-01 9.999865e-01 1.352937e-05 7.161600e-11 6.781763e-17 
8.040201e-01 9.999839e-01 1.613094e-05 1.018066e-10 1.149455e-16 
9.798995e-01 9.999808e-01 1.923277e-05 1.447243e-10 1.948233e-16 
1.155779e+00 9.999771e-01 2.293104e-05 2.057343e-10 3.302095e-16 
1.331658e+00 9.999727e-01 2.734043e-05 2.924635e-10 5.596777e-16 
1.507538e+00 9.999674e-01 3.259766e-05 4.157539e-10 9.486064e-16 
1.683417e+00 9.999611e-01 3.886576e-05 5.910177e-10 1.607806e-15 
1.859296e+00 9.999537e-01 4.633908e-05 8.401641e-10 2.725090e-15 
2.035176e+00 9.999447e-01 5.524932e-05 1.194338e-09 4.618780e-15 
2.211055e+00 9.999341e-01 6.587275e-05 1.697811e-09 7.828401e-15 
2.386935e+00 9.999215e-01 7.853871e-05 2.413520e-09 1.326838e-14 
2.562814e+00 9.999064e-01 9.363983e-05 3.430925e-09 2.248856e-14 
2.738693e+00 9.998884e-01 1.116442e-04 4.877197e-09 3.811573e-14 
2.914573e+00 9.998669e-01 1.331099e-04 6.933106e-09 6.460189e-14 
3.090452e+00 9.998413e-01 1.587021e-04 9.855613e-09 1.094925e-13 
3.266332e+00 9.998108e-01 1.892139e-04 1.400997e-08 1.855759e-13 
3.442211e+00 9.997744e-01 2.255904e-04 1.991537e-08 3.145257e-13 
3.618090e+00 9.997310e-01 2.689584e-04 2.830978e-08 5.330742e-13 
3.793970e+00 9.996793e-01 3.206610e-04 4.024212e-08 9.034738e-13 
3.969849e+00 9.996176e-01 3.822987e-04 5.720329e-08 1.531225e-12 
4.145729e+00 9.995441e-01 4.557790e-04 8.131225e-08 2.595121e-12 
4.321608e+00 9.994565e-01 5.433751e-04 1.155806e-07 4.398148e-12 
4.497487e+00 9.993520e-01 6.477953e-04 1.642882e-07 7.453749e-12 
4.673367e+00 9.992275e-01 7.722663e-04 2.335173e-07 1.263197e-11 
4.849246e+00 9.990790e-01 9.206319e-04 3.319109e-07 2.140705e-11 
5.025126e+00 9.989021e-01 1.097470e-03 4.717495e-07 3.627691e-11 
5.201005e+00 9.986911e-01 1.308230e-03 6.704812e-07 6.147363e-11 
5.376884e+00 9.984396e-01 1.559403e-03 9.528930e-07 1.041669e-10 
5.552764e+00 9.981399e-01 1.858709e-03 1.354193e-06 1.765021e-10 
5.728643e+00 9.977827e-01 2.215335e-03 1.924386e-06 2.990506e-10 
5.904523e+00 9.973571e-01 2.640204e-03 2.734473e-06 5.066520e-10 
6.080402e+00 9.968498e-01 3.146300e-03 3.885256e-06 8.583001e-10 
6.256281e+00 9.962454e-01 3.749041e-03 5.519798e-06 1.453872e-09 
6.432161e+00 9.955254e-01 4.466729e-03 7.841084e-06 2.462422e-09 
6.608040e+00 9.946678e-01 5.321067e-03 1.113701e-05 4.170024e-09 
6.783920e+00 9.936464e-01 6.337763e-03 1.581574e-05 7.060618e-09 
6.959799e+00 9.924303e-01 7.547231e-03 2.245559e-05 1.195257e-08 
7.135678e+00 9.909827e-01 8.985394e-03 3.187553e-05 2.022915e-08 
7.311558e+00 9.892601e-01 1.069461e-02 4.523439e-05 3.422728e-08 
7.487437e+00 9.872111e-01 1.272471e-02 6.417046e-05 5.789250e-08 
7.663317e+00 9.847747e-01 1.513416e-02 9.099740e-05 9.788126e-08 
7.839196e+00 9.818795e-01 1.799132e-02 1.289785e-04 1.654136e-07 
8.015075e+00 9.784412e-01 2.137583e-02 1.827093e-04 2.793818e-07 
8.190955e+00 9.743609e-01 2.538000e-02 2.586501e-04 4.715563e-07 
8.366834e+00 9.695232e-01 3.011018e-02 3.658625e-04 7.952840e-07 
8.542714e+00 9.637936e-01 3.568804e-02 5.170239e-04 1.339980e-06 
8.718593e+00 9.570165e-01 4.225144e-02 7.298152e-04 2.255196e-06 
8.894472e+00 9.490126e-01 4.995484e-02 1.028803e-03 3.790418e-06 
9.070352e+00 9.395770e-01 5.896868e-02 1.447970e-03 6.360597e-06 
9.246231e+00 9.284778e-01 6.947747e-02 2.034069e-03 1.065338e-05 
9.422111e+00 9.154554e-01 8.167575e-02 2.851007e-03 1.780342e-05 
9.597990e+00 9.002236e-01 9.576124e-02 3.985460e-03 2.967338e-05 
9.773869e+00 8.824726e-01 1.119242e-01 5.553875e-03 4.930241e-05 
9.949749e+00 8.618755e-01 1.303319e-01 7.710923e-03 8.161346e-05 
1.012563e+01 8.380991e-01 1.511072e-01 1.065919e-02 1.345126e-04 
1.030151e+01 8.108198e-01 1.743001e-01 1.465953e-02 2.205679e-04 
1.047739e+01 7.797468e-01 1.998528e-01 2.004085e-02 3.595191e-04 
1.065327e+01 7.446522e-01 2.275588e-01 2.720714e-02 5.819319e-04 
1.082915e+01 7.054087e-01 2.570185e-01 3.663845e-02 9.343506e-04 
1.100503e+01 6.620336e-01 2.875988e-01 4.888136e-02 1.486276e-03 
1.118090e+01 6.147340e-01 3.184034e-01 6.452342e-02 2.339144e-03 
1.135678e+01 5.639485e-01 3.482678e-01 8.414658e-02 3.637136e-03 
1.153266e+01 5.103741e-01 3.757907e-01 1.082562e-01 5.579035e-03 
1.170854e+01 4.549696e-01 3.994139e-01 1.371871e-01 8.429526e-03 
1.188442e+01 3.989225e-01 4.175541e-01 1.709961e-01 1.252736e-02 
1.206030e+01 3.435773e-01 4.287777e-01 2.093578e-01 1.828715e-02 
1.223618e+01 2.903263e-01 4.319939e-01 2.514884e-01 2.619138e-02 
1.241206e+01 2.404777e-01 4.266281e-01 2.961238e-01 3.677030e-02 
1.258794e+01 1.951255e-01 4.127356e-01 3.415697e-01 5.056925e-02 
1.276382e+01 1.550457e-01 3.910221e-01 3.858265e-01 6.810559e-02 
1.293970e+01 1.206421e-01 3.627638e-01 4.267742e-01 8.981984e-02 
1.311558e+01 9.194663e-02 3.296433e-01 4.623830e-01 1.160271e-01 
1.329146e+01 6.867104e-02 2.935388e-01 4.909153e-01 1.468749e-01 
1.346734e+01 5.029129e-02 2.563115e-01 5.110844e-01 1.823128e-01 
1.364322e+01 3.614343e-02 2.196282e-01 5.221511e-01 2.220773e-01 
1.381910e+01 2.551275e-02 1.848415e-01 5.239514e-01 2.656944e-01 
1.399497e+01 1.770414e-02 1.529327e-01 5.168630e-01 3.125002e-01 
1.417085e+01 1.208916e-02 1.245103e-01 5.017226e-01 3.616779e-01 
1.434673e+01 8.131046e-03 9.984792e-02 4.797123e-01 4.123088e-01 
1.452261e+01 5.392106e-03 7.894678e-02 4.522303e-01 4.634308e-01 
1.469849e+01 3.529153e-03 6.160699e-02 4.207641e-01 5.140997e-01 
1.487437e+01 2.282045e-03 4.749711e-02 3.867759e-01 5.634450e-01 
1.505025e+01 1.459354e-03 3.621488e-02 3.516112e-01 6.107145e-01 
1.522613e+01 9.238807e-04 2.733542e-02 3.164352e-01 6.553055e-01 
1.540201e+01 5.795835e-04 2.044604e-02 2.821966e-01 6.967777e-01 
1.557789e+01 3.606385e-04 1.516871e-02 2.496173e-01 7.348533e-01 
1.575377e+01 2.227794e-04 1.117211e-02 2.192020e-01 7.694031e-01 
1.592965e+01 1.367388e-04 8.175894e-03 1.912618e-01 8.004256e-01 
1.610553e+01 8.345684e-05 5.949617e-03 1.659454e-01 8.280215e-01 
1.628141e+01 5.068701e-05 4.308312e-03 1.432739e-01 8.523671e-01 
1.645729e+01 3.065329e-05 3.106498e-03 1.231727e-01 8.736902e-01 
1.663317e+01 1.846949e-05 2.231682e-03 1.055016e-01 8.922482e-01 
1.680905e+01 1.109312e-05 1.598139e-03 9.007925e-02 9.083115e-01 
1.698492e+01 6.644618e-06 1.141338e-03 7.670222e-02 9.221498e-01 
1.716080e+01 3.970779e-06 8.132115e-04 6.515992e-02 9.340229e-01 
1.733668e+01 2.368209e-06 5.782709e-04 5.524486e-02 9.441745e-01 
1.751256e+01 1.410043e-06 4.105130e-04 4.675961e-02 9.528285e-01 
1.768844e+01 8.383454e-07 2.910055e-04 3.952106e-02 9.601871e-01 
1.786432e+01 4.978374e-07 2.060389e-04 3.336261e-02 9.664309e-01 
1.804020e+01 2.953297e-07 1.457311e-04 2.813497e-02 9.717190e-01 
1.821608e+01 1.750454e-07 1.029863e-04 2.370593e-02 9.761909e-01 
1.839196e+01 1.036758e-07 7.272595e-05 1.995954e-02 9.799676e-01 
1.856784e+01 6.136727e-08 5.132538e-05 1.679488e-02 9.831537e-01 
1.874372e+01 3.630538e-08 3.620344e-05 1.412466e-02 9.858391e-01 
1.891960e+01 2.146920e-08 2.552573e-05 1.187380e-02 9.881007e-01 
1.909548e+01 1.269116e-08 1.799066e-05 9.977966e-03 9.900040e-01 
1.927136e+01 7.499852e-09 1.267599e-05 8.382245e-03 9.916051e-01 
1.944724e+01 4.430895e-09 8.929027e-06 7.039893e-03 9.929512e-01 
1.962312e+01 2.617192e-09 6.288278e-06 5.911220e-03 9.940825e-01 
1.979899e+01 1.545612e-09 4.427718e-06 4.962594e-03 9.950330e-01 
1.997487e+01 9.126375e-10 3.117176e-06 4.165562e-03 9.958313e-01 
2.015075e+01 5.388157e-10 2.194253e-06 3.496088e-03 9.965017e-01 
2.032663e+01 3.180791e-10 1.544419e-06 2.933892e-03 9.970646e-01 
2.050251e+01 1.877546e-10 1.086936e-06 2.461878e-03 9.975370e-01 
2.067839e+01 1.108186e-10 7.649086e-07 2.065645e-03 9.979336e-01 
2.085427e+01 6.540443e-11 5.382542e-07 1.733074e-03 9.982664e-01 
2.103015e+01 3.859920e-11 3.787408e-07 1.453969e-03 9.985457e-01 
2.120603e+01 2.277875e-11 2.664876e-07 1.219757e-03 9.987800e-01 
2.138191e+01 1.344203e-11 1.874976e-07 1.023235e-03 9.989766e-01 
2.155779e+01 7.932066e-12 1.319169e-07 8.583487e-04 9.991415e-01 
2.173367e+01 4.680542e-12 9.280976e-08 7.200132e-04 9.992799e-01 
2.190955e+01 2.761825e-12 6.529459e-08 6.039590e-04 9.993960e-01 
2.208543e+01 1.629627e-12 4.593594e-08 5.066013e-04 9.994934e-01 
2.226131e+01 9.615532e-13 3.231627e-08 4.249309e-04 9.995750e-01 
2.243719e+01 5.673522e-13 2.273443e-08 3.564221e-04 9.996436e-01 
2.261307e+01 3.347552e-13 1.599345e-08 2.989552e-04 9.997010e-01 
2.278894e+01 1.975140e-13 1.125113e-08 2.507516e-04 9.997492e-01 
2.296482e+01 1.165373e-13 7.914925e-09 2.103186e-04 9.997897e-01 
2.314070e+01 6.875899e-14 5.567941e-09 1.764043e-04 9.998236e-01 
2.331658e+01 4.056874e-14 3.916879e-09 1.479578e-04 9.998520e-01 
2.349246e+01 2.393600e-14 2.755393e-09 1.240980e-04 9.998759e-01 
2.366834e+01 1.412244e-14 1.938319e-09 1.040855e-04 9.998959e-01 
2.384422e+01 8.332336e-15 1.363533e-09 8.729994e-05 9.999127e-01 
2.402010e+01 4.916121e-15 9.591907e-10 7.322116e-05 9.999268e-01 
2.419598e+01 2.900530e-15 6.747505e-10 6.141271e-05 9.999386e-01 
2.437186e+01 1.711320e-15 4.746578e-10 5.150853e-05 9.999485e-01 
2.454774e+01 1.009682e-15 3.339007e-10 4.320155e-05 9.999568e-01 
2.472362e+01 5.957132e-16 2.348840e-10 3.623422e-05 9.999638e-01 
2.489950e+01 3.514709e-16 1.652301e-10 3.039051e-05 9.999696e-01 
2.507538e+01 2.073677e-16 1.162316e-10 2.548923e-05 9.999745e-01 
2.525126e+01 1.223468e-16 8.176344e-11 2.137839e-05 9.999786e-01 
2.542714e+01 7.218446e-17 5.751667e-11 1.793053e-05 9.999821e-01 
2.560302e+01 4.258872e-17 4.046021e-11 1.503872e-05 9.999850e-01 
2.577889e+01 2.512727e-17 2.846179e-11 1.261329e-05 9.999874e-01 
2.595477e+01 1.482504e-17 2.002148e-11 1.057903e-05 9.999894e-01 
2.613065e+01 8.746741e-18 1.408413e-11 8.872850e-06 9.999911e-01 
2.630653e+01 5.160556e-18 9.907493e-12 7.441840e-06 9.999926e-01 
2.648241e+01 3.044715e-18 6.969432e-12 6.241621e-06 9.999938e-01 
2.665829e+01 1.796374e-18 4.902651e-12 5.234972e-06 9.999948e-01 
2.683417e+01 1.059856e-18 3.448771e-12 4.390675e-06 9.999956e-01 
2.701005e+01 6.253119e-19 2.426039e-12 3.682546e-06 9.999963e-01 
2.718593e+01 3.689323e-19 1.706598e-12 3.088623e-06 9.999969e-01 
2.736181e+01 2.176690e-19 1.200506e-12 2.590489e-06 9.999974e-01 
2.753769e+01 1.284240e-19 8.444963e-13 2.172693e-06 9.999978e-01 
2.771357e+01 7.576980e-20 5.940609e-13 1.822280e-06 9.999982e-01 
2.788945e+01 4.470395e-20 4.178922e-13 1.528382e-06 9.999985e-01 
2.806533e+01 2.637519e-20 2.939662e-13 1.281883e-06 9.999987e-01 
2.824121e+01 1.556128e-20 2.067905e-13 1.075140e-06 9.999989e-01 
2.841709e+01 9.181108e-21 1.454668e-13 9.017408e-07 9.999991e-01 
2.859296e+01 5.416825e-21 1.023286e-13 7.563074e-07 9.999992e-01 
2.876884e+01 3.195910e-21 7.198303e-14 6.343296e-07 9.999994e-01 
2.894472e+01 1.885577e-21 5.063645e-14 5.320244e-07 9.999995e-01 
2.912060e+01 1.112484e-21 3.562020e-14 4.462191e-07 9.999996e-01 
2.929648e+01 6.563622e-22 2.505702e-14 3.742525e-07 9.999996e-01 
2.947236e+01 3.872516e-22 1.762636e-14 3.138927e-07 9.999997e-01 
2.964824e+01 2.284772e-22 1.239926e-14 2.632679e-07 9.999997e-01 
2.982412e+01 1.348008e-22 8.722257e-15 2.208078e-07 9.999998e-01 
3.000000e+01 7.953206e-23 6.135670e-15 1.851957e-07 9.999998e-01 
