#E                   3            4            5            6            7            8 
-5.000000e+00 9.999519e-01 4.812454e-05 7.562267e-10 4.457721e-15 9.694000e-21 5.141553e-27 
-4.824121e+00 9.999426e-01 5.737808e-05 1.075016e-09 7.555431e-15 1.958993e-20 1.238818e-26 
-4.648241e+00 9.999316e-01 6.841080e-05 1.528189e-09 1.280574e-14 3.958784e-20 2.984833e-26 
-4.472362e+00 9.999184e-01 8.156473e-05 2.172392e-09 2.170448e-14 7.999999e-20 7.191701e-26 
-4.296482e+00 9.999027e-01 9.724764e-05 3.088149e-09 3.678688e-14 1.616653e-19 1.732775e-25 
-4.120603e+00 9.998840e-01 1.159456e-04 4.389925e-09 6.234982e-14 3.266951e-19 4.174949e-25 
-3.944724e+00 9.998618e-01 1.382382e-04 6.240427e-09 1.056759e-13 6.601866e-19 1.005909e-24 
-3.768844e+00 9.998352e-01 1.648163e-04 8.870941e-09 1.791079e-13 1.334102e-18 2.423620e-24 
-3.592965e+00 9.998035e-01 1.965033e-04 1.261022e-08 3.035647e-13 2.695933e-18 5.839396e-24 
-3.417085e+00 9.997657e-01 2.342808e-04 1.792558e-08 5.144998e-13 5.447866e-18 1.406918e-23 
-3.241206e+00 9.997207e-01 2.793191e-04 2.548124e-08 8.719990e-13 1.100882e-17 3.389741e-23 
-3.065327e+00 9.996670e-01 3.330127e-04 3.622131e-08 1.477893e-12 2.224596e-17 8.166960e-23 
-2.889447e+00 9.996029e-01 3.970237e-04 5.148768e-08 2.504757e-12 4.495284e-17 1.967659e-22 
-2.713568e+00 9.995266e-01 4.733329e-04 7.318752e-08 4.245049e-12 9.083595e-17 4.740607e-22 
-2.537688e+00 9.994356e-01 5.643007e-04 1.040314e-07 7.194383e-12 1.835490e-16 1.142120e-21 
-2.361809e+00 9.993271e-01 6.727395e-04 1.478714e-07 1.219261e-11 3.708845e-16 2.751578e-21 
-2.185930e+00 9.991978e-01 8.019997e-04 2.101817e-07 2.066288e-11 7.494045e-16 6.628921e-21 
-2.010050e+00 9.990436e-01 9.560721e-04 2.987409e-07 3.501662e-11 1.514200e-15 1.596957e-20 
-1.834171e+00 9.988599e-01 1.139710e-03 4.246017e-07 5.933962e-11 3.059405e-15 3.847073e-20 
-1.658291e+00 9.986408e-01 1.358571e-03 6.034668e-07 1.005541e-10 6.181240e-15 9.267284e-20 
-1.482412e+00 9.983797e-01 1.619393e-03 8.576434e-07 1.703871e-10 1.248808e-14 2.232319e-19 
-1.306533e+00 9.980686e-01 1.930191e-03 1.218816e-06 2.887032e-10 2.522866e-14 5.376976e-19 
-1.130653e+00 9.976978e-01 2.300501e-03 1.731984e-06 4.891483e-10 5.096437e-14 1.295072e-18 
-9.547739e-01 9.972559e-01 2.741659e-03 2.461038e-06 8.287023e-10 1.029457e-13 3.119025e-18 
-7.788945e-01 9.967294e-01 3.267139e-03 3.496680e-06 1.403846e-09 2.079278e-13 7.511155e-18 
-6.030151e-01 9.961021e-01 3.892939e-03 4.967631e-06 2.377916e-09 4.199262e-13 1.808633e-17 
-4.271357e-01 9.953549e-01 4.638047e-03 7.056517e-06 4.027365e-09 8.479707e-13 4.354536e-17 
-2.512563e-01 9.944650e-01 5.524973e-03 1.002233e-05 6.819976e-09 1.712089e-12 1.048264e-16 
-7.537688e-02 9.934054e-01 6.580375e-03 1.423222e-05 1.154703e-08 3.456185e-12 2.523045e-16 
1.005025e-01 9.921440e-01 7.835781e-03 2.020635e-05 1.954649e-08 6.975559e-12 6.071422e-16 
2.763819e-01 9.906429e-01 9.328421e-03 2.868119e-05 3.307970e-08 1.407522e-11 1.460663e-15 
4.522613e-01 9.888571e-01 1.110217e-02 4.069869e-05 5.596652e-08 2.839262e-11 3.513045e-15 
6.281407e-01 9.867335e-01 1.320863e-02 5.773162e-05 9.465532e-08 5.725397e-11 8.446317e-15 
8.040201e-01 9.842097e-01 1.570829e-02 8.185937e-05 1.600233e-07 1.154057e-10 2.029890e-14 
9.798995e-01 9.812119e-01 1.867186e-02 1.160140e-04 2.704012e-07 2.325071e-10 4.876013e-14 
1.155779e+00 9.776536e-01 2.218162e-02 1.643235e-04 4.566476e-07 4.681577e-10 1.170589e-13 
1.331658e+00 9.734338e-01 2.633287e-02 2.325883e-04 7.706425e-07 9.419924e-10 2.808296e-13 
1.507538e+00 9.684345e-01 3.123528e-02 3.289414e-04 1.299473e-06 1.893848e-09 6.731689e-13 
1.683417e+00 9.625189e-01 3.701416e-02 4.647555e-04 2.189054e-06 3.803801e-09 1.612057e-12 
1.859296e+00 9.555291e-01 4.381129e-02 6.558826e-04 3.683338e-06 7.631086e-09 3.855958e-12 
2.035176e+00 9.472842e-01 5.178522e-02 9.243349e-04 6.189111e-06 1.528821e-08 9.210557e-12 
2.211055e+00 9.375784e-01 6.111061e-02 1.300540e-03 1.038260e-05 3.057860e-08 2.196496e-11 
2.386935e+00 9.261802e-01 7.197604e-02 1.826326e-03 1.738378e-05 6.104348e-08 5.228000e-11 
2.562814e+00 9.128322e-01 8.457984e-02 2.558826e-03 2.903956e-05 1.215818e-07 1.241504e-10 
2.738693e+00 8.972530e-01 9.912296e-02 3.575457e-03 4.837983e-05 2.415051e-07 2.940286e-10 
2.914573e+00 8.791410e-01 1.157981e-01 4.980146e-03 8.034489e-05 4.781936e-07 6.941453e-10 
3.090452e+00 8.581815e-01 1.347738e-01 6.910821e-03 1.329319e-04 9.433181e-07 1.632632e-09 
3.266332e+00 8.340581e-01 1.561730e-01 9.548028e-03 2.189761e-04 1.852717e-06 3.823162e-09 
3.442211e+00 8.064685e-01 1.800448e-01 1.312417e-02 3.588709e-04 3.620213e-06 8.906992e-09 
3.618090e+00 7.751469e-01 2.063292e-01 1.793227e-02 5.846355e-04 7.031767e-06 2.062742e-08 
3.793970e+00 7.398918e-01 2.348163e-01 2.433247e-02 9.458444e-04 1.356383e-05 4.744018e-08 
3.969849e+00 7.006002e-01 2.651025e-01 3.275331e-02 1.518001e-03 2.595484e-05 1.082345e-07 
4.145729e+00 6.573055e-01 2.965475e-01 4.368367e-02 2.413901e-03 4.920952e-05 2.446696e-07 
4.321608e+00 6.102163e-01 3.282421e-01 5.765044e-02 3.798275e-03 9.232079e-05 5.472853e-07 
4.497487e+00 5.597509e-01 3.589952e-01 7.517622e-02 5.905378e-03 1.711371e-04 1.209600e-06 
4.673367e+00 5.065597e-01 3.873540e-01 9.671265e-02 9.058034e-03 3.129781e-04 2.637516e-06 
4.849246e+00 4.515298e-01 4.116680e-01 1.225479e-01 1.368485e-02 5.637720e-04 5.664585e-06 
5.025126e+00 3.957605e-01 4.302062e-01 1.526929e-01 2.032995e-02 9.985810e-04 1.196276e-05 
5.201005e+00 3.405093e-01 4.413231e-01 1.867593e-01 2.964718e-02 1.736256e-03 2.479963e-05 
5.376884e+00 2.871061e-01 4.436633e-01 2.238529e-01 4.236889e-02 2.958427e-03 5.038206e-05 
5.552764e+00 2.368438e-01 4.363718e-01 2.625120e-01 5.924029e-02 4.931902e-03 1.001412e-04 
5.728643e+00 1.908613e-01 4.192721e-01 3.007266e-01 8.091393e-02 8.031636e-03 1.944401e-04 
5.904523e+00 1.500362e-01 3.929683e-01 3.360601e-01 1.078082e-01 1.275898e-02 3.682826e-04 
6.080402e+00 1.149087e-01 3.588374e-01 3.658816e-01 1.399455e-01 1.974724e-02 6.796030e-04 
6.256281e+00 8.564958e-02 3.188993e-01 3.876859e-01 1.767998e-01 2.974492e-02 1.220520e-03 
6.432161e+00 6.207817e-02 2.755819e-01 3.994482e-01 2.171930e-01 4.356726e-02 2.131454e-03 
6.608040e+00 4.372321e-02 2.314234e-01 3.999453e-01 2.592801e-01 6.201078e-02 3.617148e-03 
6.783920e+00 2.991285e-02 1.887716e-01 3.889674e-01 3.006529e-01 8.573275e-02 5.962513e-03 
6.959799e+00 1.987393e-02 1.495361e-01 3.673721e-01 3.385647e-01 1.151083e-01 9.544926e-03 
7.135678e+00 1.282301e-02 1.150365e-01 3.369608e-01 3.702528e-01 1.500882e-01 1.483871e-02 
7.311558e+00 8.036476e-03 8.595967e-02 3.002077e-01 3.933003e-01 1.900886e-01 2.240727e-02 
7.487437e+00 4.894219e-03 6.241601e-02 2.599001e-01 4.059686e-01 2.339417e-01 3.287941e-02 
7.663317e+00 2.897967e-03 4.406457e-02 2.187678e-01 4.074298e-01 2.799313e-01 4.690848e-02 
7.839196e+00 1.669611e-03 3.026877e-02 1.791729e-01 3.978552e-01 3.259171e-01 6.511641e-02 
8.015075e+00 9.367613e-04 2.024845e-02 1.429067e-01 3.783458e-01 3.695341e-01 8.802809e-02 
8.190955e+00 5.123480e-04 1.320418e-02 1.111106e-01 3.507320e-01 4.084364e-01 1.160044e-01 
8.366834e+00 2.734614e-04 8.402837e-03 8.430507e-02 3.172903e-01 4.405440e-01 1.491842e-01 
8.542714e+00 1.426028e-04 5.224458e-03 6.249603e-02 2.804394e-01 4.642533e-01 1.874442e-01 
8.718593e+00 7.274315e-05 3.177524e-03 4.531933e-02 2.424675e-01 4.785782e-01 2.303846e-01 
8.894472e+00 3.634462e-05 1.892868e-03 3.218833e-02 2.053298e-01 4.832087e-01 2.773440e-01 
9.070352e+00 1.780895e-05 1.105864e-03 2.242144e-02 1.705299e-01 4.784832e-01 3.274418e-01 
9.246231e+00 8.569654e-06 6.344689e-04 1.533753e-02 1.390836e-01 4.652920e-01 3.796439e-01 
9.422111e+00 4.055065e-06 3.579550e-04 1.031708e-02 1.115477e-01 4.449323e-01 4.328409e-01 
9.597990e+00 1.889408e-06 1.988564e-04 6.833632e-03 8.809249e-02 4.189436e-01 4.859296e-01 
9.773869e+00 8.680122e-07 1.089239e-04 4.462915e-03 6.859452e-02 3.889462e-01 5.378866e-01 
9.949749e+00 3.937013e-07 5.890440e-05 2.877575e-03 5.273280e-02 3.565040e-01 5.878264e-01 
1.012563e+01 1.765227e-07 3.148943e-05 1.834117e-03 4.007419e-02 3.230217e-01 6.350383e-01 
1.030151e+01 7.833487e-08 1.666107e-05 1.157041e-03 3.014184e-02 2.896811e-01 6.790032e-01 
1.047739e+01 3.444538e-08 8.734986e-06 7.232549e-04 2.246446e-02 2.574126e-01 7.193909e-01 
1.065327e+01 1.502433e-08 4.542656e-06 4.484587e-04 1.660774e-02 2.268965e-01 7.560427e-01 
1.082915e+01 6.506969e-09 2.345724e-06 2.761042e-04 1.219114e-02 1.985845e-01 7.889459e-01 
1.100503e+01 2.800756e-09 1.203807e-06 1.689415e-04 8.893881e-03 1.727331e-01 8.182029e-01 
1.118090e+01 1.199057e-09 6.144758e-07 1.028177e-04 6.453661e-03 1.494424e-01 8.440005e-01 
1.135678e+01 5.109632e-10 3.122037e-07 6.228515e-05 4.661293e-03 1.286938e-01 8.665823e-01 
1.153266e+01 2.168734e-10 1.579931e-07 3.758098e-05 3.353307e-03 1.103845e-01 8.862245e-01 
1.170854e+01 9.173543e-11 7.968058e-08 2.259778e-05 2.404112e-03 9.435668e-02 9.032165e-01 
1.188442e+01 3.868997e-11 4.006796e-08 1.354859e-05 1.718566e-03 8.042067e-02 9.178472e-01 
1.206030e+01 1.627712e-11 2.009833e-08 8.102894e-06 1.225451e-03 6.837240e-02 9.303940e-01 
1.223618e+01 6.833404e-12 1.006011e-08 4.835780e-06 8.719782e-04 5.800615e-02 9.411170e-01 
1.241206e+01 2.863625e-12 5.026496e-09 2.880796e-06 6.193485e-04 4.912323e-02 9.502545e-01 
1.258794e+01 1.198214e-12 2.507650e-09 1.713553e-06 4.392417e-04 4.153736e-02 9.580217e-01 
1.276382e+01 5.007183e-13 1.249423e-09 1.017943e-06 3.111094e-04 3.507776e-02 9.646101e-01 
1.293970e+01 2.090165e-13 6.218422e-10 6.040567e-07 2.201155e-04 2.959054e-02 9.701887e-01 
1.311558e+01 8.717051e-14 3.092093e-10 3.581241e-07 1.555929e-04 2.493880e-02 9.749052e-01 
1.329146e+01 3.632644e-14 1.536347e-10 2.121552e-07 1.098989e-04 2.100210e-02 9.788878e-01 
1.346734e+01 1.512841e-14 7.628572e-11 1.256004e-07 7.757368e-05 1.767531e-02 9.822470e-01 
1.364322e+01 6.296888e-15 3.785814e-11 7.431742e-08 5.472646e-05 1.486734e-02 9.850779e-01 
1.381910e+01 2.619741e-15 1.877912e-11 4.395315e-08 3.859048e-05 1.249970e-02 9.874617e-01 
1.399497e+01 1.089488e-15 9.311567e-12 2.598490e-08 2.720161e-05 1.050504e-02 9.894677e-01 
1.417085e+01 4.529447e-16 4.615608e-12 1.535715e-08 1.916760e-05 8.825799e-03 9.911550e-01 
1.434673e+01 1.882561e-16 2.287264e-12 9.073636e-09 1.350274e-05 7.412961e-03 9.925735e-01 
1.452261e+01 7.822635e-17 1.133193e-12 5.359846e-09 9.509907e-06 6.224859e-03 9.937656e-01 
1.469849e+01 3.249925e-17 5.613159e-13 3.165479e-09 6.696483e-06 5.226170e-03 9.947671e-01 
1.487437e+01 1.349967e-17 2.779973e-13 1.869201e-09 4.714623e-06 4.386995e-03 9.956083e-01 
1.505025e+01 5.606784e-18 1.376622e-13 1.103605e-09 3.318853e-06 3.682067e-03 9.963146e-01 
1.522613e+01 2.328386e-18 6.816154e-14 6.515111e-10 2.336036e-06 3.090058e-03 9.969076e-01 
1.540201e+01 9.668398e-19 3.374601e-14 3.845814e-10 1.644105e-06 2.592985e-03 9.974054e-01 
1.557789e+01 4.014386e-19 1.670592e-14 2.269968e-10 1.157030e-06 2.175697e-03 9.978231e-01 
1.575377e+01 1.666689e-19 8.269690e-15 1.339744e-10 8.141981e-07 1.825440e-03 9.981737e-01 
1.592965e+01 6.919348e-20 4.093393e-15 7.906779e-11 5.729163e-07 1.531483e-03 9.984679e-01 
1.610553e+01 2.872469e-20 2.026082e-15 4.666127e-11 4.031175e-07 1.284801e-03 9.987148e-01 
1.628141e+01 1.192417e-20 1.002797e-15 2.753571e-11 2.836317e-07 1.077811e-03 9.989219e-01 
1.645729e+01 4.949785e-21 4.963122e-16 1.624881e-11 1.995554e-07 9.041379e-04 9.990957e-01 
1.663317e+01 2.054624e-21 2.456317e-16 9.588142e-12 1.403977e-07 7.584284e-04 9.992414e-01 
1.680905e+01 8.528415e-22 1.215637e-16 5.657665e-12 9.877479e-08 6.361862e-04 9.993637e-01 
1.698492e+01 3.539938e-22 6.016094e-17 3.338347e-12 6.949024e-08 5.336363e-04 9.994663e-01 
1.716080e+01 1.469318e-22 2.977270e-17 1.969784e-12 4.888710e-08 4.476095e-04 9.995523e-01 
1.733668e+01 6.098596e-23 1.473383e-17 1.162250e-12 3.439210e-08 3.754458e-04 9.996245e-01 
1.751256e+01 2.531273e-23 7.291355e-18 6.857652e-13 2.419458e-08 3.149126e-04 9.996851e-01 
1.768844e+01 1.050615e-23 3.608249e-18 4.046198e-13 1.702054e-08 2.641367e-04 9.997358e-01 
1.786432e+01 4.360587e-24 1.785588e-18 2.387346e-13 1.197360e-08 2.215459e-04 9.997784e-01 
1.804020e+01 1.809853e-24 8.836146e-19 1.408577e-13 8.423130e-09 1.858214e-04 9.998142e-01 
1.821608e+01 7.511713e-25 4.372624e-19 8.310806e-14 5.925427e-09 1.558567e-04 9.998441e-01 
1.839196e+01 3.117688e-25 2.163810e-19 4.903472e-14 4.168345e-09 1.307233e-04 9.998693e-01 
1.856784e+01 1.293971e-25 1.070766e-19 2.893094e-14 2.932283e-09 1.096424e-04 9.998904e-01 
1.874372e+01 5.370503e-26 5.298689e-20 1.706946e-14 2.062750e-09 9.196081e-05 9.999080e-01 
1.891960e+01 2.228970e-26 2.622051e-20 1.007108e-14 1.451063e-09 7.713043e-05 9.999229e-01 
1.909548e+01 9.251077e-27 1.297516e-20 5.941977e-15 1.020762e-09 6.469157e-05 9.999353e-01 
1.927136e+01 3.839543e-27 6.420715e-21 3.505784e-15 7.180626e-10 5.425863e-05 9.999457e-01 
1.944724e+01 1.593552e-27 3.177265e-21 2.068419e-15 5.051254e-10 4.550815e-05 9.999545e-01 
1.962312e+01 6.613815e-28 1.572254e-21 1.220370e-15 3.553330e-10 3.816883e-05 9.999618e-01 
1.979899e+01 2.744969e-28 7.780216e-22 7.200187e-16 2.499604e-10 3.201313e-05 9.999680e-01 
1.997487e+01 1.139259e-28 3.849994e-22 4.248109e-16 1.758355e-10 2.685016e-05 9.999731e-01 
2.015075e+01 4.728322e-29 1.905145e-22 2.506381e-16 1.236920e-10 2.251984e-05 9.999775e-01 
2.032663e+01 1.962417e-29 9.427486e-23 1.478762e-16 8.701142e-11 1.888789e-05 9.999811e-01 
2.050251e+01 8.144707e-30 4.665127e-23 8.724677e-17 6.120835e-11 1.584168e-05 9.999842e-01 
2.067839e+01 3.380332e-30 2.308505e-23 5.147545e-17 4.305711e-11 1.328676e-05 9.999867e-01 
2.085427e+01 1.402953e-30 1.142347e-23 3.037041e-17 3.028858e-11 1.114388e-05 9.999889e-01 
2.103015e+01 5.822728e-31 5.652816e-24 1.791848e-17 2.130653e-11 9.346603e-06 9.999907e-01 
2.120603e+01 2.416629e-31 2.797253e-24 1.057186e-17 1.498810e-11 7.839186e-06 9.999922e-01 
2.138191e+01 1.002982e-31 1.384199e-24 6.237371e-18 1.054339e-11 6.574884e-06 9.999934e-01 
2.155779e+01 4.162712e-32 6.849598e-25 3.680033e-18 7.416752e-12 5.514487e-06 9.999945e-01 
2.173367e+01 1.727665e-32 3.389469e-25 2.171210e-18 5.217317e-12 4.625110e-06 9.999954e-01 
2.190955e+01 7.170387e-33 1.677251e-25 1.281008e-18 3.670123e-12 3.879171e-06 9.999961e-01 
2.208543e+01 2.975950e-33 8.299743e-26 7.557909e-19 2.581749e-12 3.253537e-06 9.999967e-01 
2.226131e+01 1.235118e-33 4.107060e-26 4.459144e-19 1.816132e-12 2.728805e-06 9.999973e-01 
2.243719e+01 5.126152e-34 2.032345e-26 2.630882e-19 1.277558e-12 2.288702e-06 9.999977e-01 
2.261307e+01 2.127524e-34 1.005689e-26 1.552212e-19 8.986983e-13 1.919579e-06 9.999981e-01 
2.278894e+01 8.829931e-35 4.976570e-27 9.158006e-20 6.321893e-13 1.609988e-06 9.999984e-01 
2.296482e+01 3.664714e-35 2.462615e-27 5.403196e-20 4.447135e-13 1.350328e-06 9.999986e-01 
2.314070e+01 1.520978e-35 1.218604e-27 3.187869e-20 3.128337e-13 1.132546e-06 9.999989e-01 
2.331658e+01 6.312564e-36 6.030162e-28 1.880833e-20 2.200628e-13 9.498884e-07 9.999991e-01 
2.349246e+01 2.619924e-36 2.983976e-28 1.109685e-20 1.548032e-13 7.966897e-07 9.999992e-01 
2.366834e+01 1.087355e-36 1.476595e-28 6.547109e-21 1.088963e-13 6.681989e-07 9.999993e-01 
2.384422e+01 4.512884e-37 7.306809e-29 3.862774e-21 7.660307e-14 5.604313e-07 9.999994e-01 
2.402010e+01 1.872997e-37 3.615713e-29 2.279024e-21 5.388642e-14 4.700445e-07 9.999995e-01 
2.419598e+01 7.773556e-38 1.789205e-29 1.344617e-21 3.790639e-14 3.942353e-07 9.999996e-01 
2.437186e+01 3.226283e-38 8.853733e-30 7.933198e-22 2.666524e-14 3.306527e-07 9.999997e-01 
2.454774e+01 1.339015e-38 4.381196e-30 4.680562e-22 1.875766e-14 2.773248e-07 9.999997e-01 
2.472362e+01 5.557354e-39 2.167998e-30 2.761516e-22 1.319507e-14 2.325976e-07 9.999998e-01 
2.489950e+01 2.306486e-39 1.072816e-30 1.629286e-22 9.282071e-15 1.950841e-07 9.999998e-01 
2.507538e+01 9.572681e-40 5.308738e-31 9.612734e-23 6.529471e-15 1.636208e-07 9.999998e-01 
2.525126e+01 3.972979e-40 2.626984e-31 5.671483e-23 4.593155e-15 1.372319e-07 9.999999e-01 
2.542714e+01 1.648918e-40 1.299941e-31 3.346157e-23 3.231054e-15 1.150990e-07 9.999999e-01 
2.560302e+01 6.843556e-41 6.432649e-32 1.974222e-23 2.272884e-15 9.653573e-08 9.999999e-01 
2.577889e+01 2.840302e-41 3.183143e-32 1.164784e-23 1.598860e-15 8.096636e-08 9.999999e-01 
2.595477e+01 1.178820e-41 1.575151e-32 6.872191e-24 1.124718e-15 6.790804e-08 9.999999e-01 
2.613065e+01 4.892491e-42 7.794504e-33 4.054571e-24 7.911824e-16 5.695577e-08 9.999999e-01 
2.630653e+01 2.030546e-42 3.857045e-33 2.392184e-24 5.565571e-16 4.776989e-08 1.000000e+00 
2.648241e+01 8.427438e-43 1.908626e-33 1.411381e-24 3.915100e-16 4.006552e-08 1.000000e+00 
2.665829e+01 3.497666e-43 9.444676e-34 8.327101e-25 2.754076e-16 3.360372e-08 1.000000e+00 
2.683417e+01 1.451647e-43 4.673619e-34 4.912963e-25 1.937354e-16 2.818408e-08 1.000000e+00 
2.701005e+01 6.024816e-44 2.312701e-34 2.898632e-25 1.362831e-16 2.363853e-08 1.000000e+00 
2.718593e+01 2.500498e-44 1.144421e-34 1.710184e-25 9.586835e-17 1.982609e-08 1.000000e+00 
2.736181e+01 1.037790e-44 5.663069e-35 1.009003e-25 6.743857e-17 1.662852e-08 1.000000e+00 
2.753769e+01 4.307170e-45 2.802322e-35 5.953084e-26 4.743965e-17 1.394666e-08 1.000000e+00 
2.771357e+01 1.787618e-45 1.386706e-35 3.512301e-26 3.337141e-17 1.169733e-08 1.000000e+00 
2.788945e+01 7.419207e-46 6.861996e-36 2.072246e-26 2.347511e-17 9.810773e-09 1.000000e+00 
2.806533e+01 3.079217e-46 3.395601e-36 1.222619e-26 1.651356e-17 8.228483e-09 1.000000e+00 
2.824121e+01 1.277977e-46 1.680285e-36 7.213410e-27 1.161646e-17 6.901386e-09 1.000000e+00 
2.841709e+01 5.304027e-47 8.314747e-37 4.255889e-27 8.171597e-18 5.788325e-09 1.000000e+00 
2.859296e+01 2.201347e-47 4.114482e-37 2.510961e-27 5.748308e-18 4.854779e-09 1.000000e+00 
2.876884e+01 9.136318e-48 2.036017e-37 1.481459e-27 4.043646e-18 4.071796e-09 1.000000e+00 
2.894472e+01 3.791875e-48 1.007506e-37 8.740559e-28 2.844502e-18 3.415093e-09 1.000000e+00 
2.912060e+01 1.573753e-48 4.985558e-38 5.156902e-28 2.000964e-18 2.864304e-09 1.000000e+00 
2.929648e+01 6.531598e-49 2.467062e-38 3.042555e-28 1.407578e-18 2.402346e-09 1.000000e+00 
2.947236e+01 2.710829e-49 1.220805e-38 1.795098e-28 9.901603e-19 2.014894e-09 1.000000e+00 
2.964824e+01 1.125084e-49 6.041049e-39 1.059102e-28 6.965280e-19 1.689930e-09 1.000000e+00 
2.982412e+01 4.669471e-50 2.989362e-39 6.248668e-29 4.899725e-19 1.417377e-09 1.000000e+00 
3.000000e+01 1.937985e-50 1.479261e-39 3.686694e-29 3.446710e-19 1.188781e-09 1.000000e+00 
