#E                   1            2            3 
-5.000000e+00 9.999998e-01 1.837673e-07 1.344528e-16 
-4.824121e+00 9.999998e-01 2.191047e-07 1.911335e-16 
-4.648241e+00 9.999997e-01 2.612373e-07 2.717087e-16 
-4.472362e+00 9.999997e-01 3.114717e-07 3.862518e-16 
-4.296482e+00 9.999996e-01 3.713659e-07 5.490822e-16 
-4.120603e+00 9.999996e-01 4.427774e-07 7.805563e-16 
-3.944724e+00 9.999995e-01 5.279208e-07 1.109612e-15 
-3.768844e+00 9.999994e-01 6.294369e-07 1.577386e-15 
-3.592965e+00 9.999992e-01 7.504739e-07 2.242357e-15 
-3.417085e+00 9.999991e-01 8.947856e-07 3.187657e-15 
-3.241206e+00 9.999989e-01 1.066848e-06 4.531463e-15 
-3.065327e+00 9.999987e-01 1.271996e-06 6.441771e-15 
-2.889447e+00 9.999985e-01 1.516593e-06 9.157398e-15 
-2.713568e+00 9.999982e-01 1.808225e-06 1.301784e-14 
-2.537688e+00 9.999978e-01 2.155935e-06 1.850570e-14 
-2.361809e+00 9.999974e-01 2.570508e-06 2.630706e-14 
-2.185930e+00 9.999969e-01 3.064801e-06 3.739720e-14 
-2.010050e+00 9.999963e-01 3.654142e-06 5.316253e-14 
-1.834171e+00 9.999956e-01 4.356809e-06 7.557398e-14 
-1.658291e+00 9.999948e-01 5.194595e-06 1.074333e-13 
-1.482412e+00 9.999938e-01 6.193479e-06 1.527233e-13 
-1.306533e+00 9.999926e-01 7.384441e-06 2.171059e-13 
-1.130653e+00 9.999912e-01 8.804414e-06 3.086299e-13 
-9.547739e-01 9.999895e-01 1.049743e-05 4.387369e-13 
-7.788945e-01 9.999875e-01 1.251601e-05 6.236920e-13 
-6.030151e-01 9.999851e-01 1.492273e-05 8.866169e-13 
-4.271357e-01 9.999822e-01 1.779223e-05 1.260380e-12 
-2.512563e-01 9.999788e-01 2.121350e-05 1.791707e-12 
-7.537688e-02 9.999747e-01 2.529263e-05 2.547019e-12 
1.005025e-01 9.999698e-01 3.015611e-05 3.620737e-12 
2.763819e-01 9.999640e-01 3.595475e-05 5.147086e-12 
4.522613e-01 9.999571e-01 4.286834e-05 7.316869e-12 
6.281407e-01 9.999489e-01 5.111126e-05 1.040132e-11 
8.040201e-01 9.999391e-01 6.093906e-05 1.478602e-11 
9.798995e-01 9.999273e-01 7.265644e-05 2.101905e-11 
1.155779e+00 9.999134e-01 8.662665e-05 2.987954e-11 
1.331658e+00 9.998967e-01 1.032827e-04 4.247502e-11 
1.507538e+00 9.998769e-01 1.231410e-04 6.037982e-11 
1.683417e+00 9.998532e-01 1.468168e-04 8.583185e-11 
1.859296e+00 9.998250e-01 1.750439e-04 1.220122e-10 
2.035176e+00 9.997913e-01 2.086968e-04 1.734424e-10 
2.211055e+00 9.997512e-01 2.488180e-04 2.465499e-10 
2.386935e+00 9.997033e-01 2.966501e-04 3.504701e-10 
2.562814e+00 9.996463e-01 3.536740e-04 4.981878e-10 
2.738693e+00 9.995783e-01 4.216548e-04 7.081585e-10 
2.914573e+00 9.994973e-01 5.026958e-04 1.006612e-09 
3.090452e+00 9.994007e-01 5.993034e-04 1.430827e-09 
3.266332e+00 9.992855e-01 7.144637e-04 2.033780e-09 
3.442211e+00 9.991483e-01 8.517339e-04 2.890754e-09 
3.618090e+00 9.989846e-01 1.015351e-03 4.108724e-09 
3.793970e+00 9.987896e-01 1.210361e-03 5.839681e-09 
3.969849e+00 9.985572e-01 1.442771e-03 8.299557e-09 
4.145729e+00 9.982803e-01 1.719730e-03 1.179509e-08 
4.321608e+00 9.979502e-01 2.049746e-03 1.676195e-08 
4.497487e+00 9.975570e-01 2.442938e-03 2.381883e-08 
4.673367e+00 9.970886e-01 2.911333e-03 3.384413e-08 
4.849246e+00 9.965307e-01 3.469224e-03 4.808473e-08 
5.025126e+00 9.958664e-01 4.133578e-03 6.831003e-08 
5.201005e+00 9.950754e-01 4.924527e-03 9.703005e-08 
5.376884e+00 9.941339e-01 5.865930e-03 1.378041e-07 
5.552764e+00 9.930138e-01 6.986034e-03 1.956768e-07 
5.728643e+00 9.916815e-01 8.318233e-03 2.777942e-07 
5.904523e+00 9.900977e-01 9.901942e-03 3.942720e-07 
6.080402e+00 9.882159e-01 1.178359e-02 5.594182e-07 
6.256281e+00 9.859815e-01 1.401774e-02 7.934516e-07 
6.432161e+00 9.833305e-01 1.666833e-02 1.124911e-06 
6.608040e+00 9.801884e-01 1.981005e-02 1.594025e-06 
6.783920e+00 9.764680e-01 2.352977e-02 2.257410e-06 
6.959799e+00 9.720688e-01 2.792801e-02 3.194599e-06 
7.135678e+00 9.668750e-01 3.312049e-02 4.517067e-06 
7.311558e+00 9.607542e-01 3.923939e-02 6.380658e-06 
7.487437e+00 9.535566e-01 4.643440e-02 9.002570e-06 
7.663317e+00 9.451140e-01 5.487330e-02 1.268444e-05 
7.839196e+00 9.352405e-01 6.474163e-02 1.784338e-05 
8.015075e+00 9.237336e-01 7.624134e-02 2.505345e-05 
8.190955e+00 9.103772e-01 8.958774e-02 3.510015e-05 
8.366834e+00 8.949465e-01 1.050045e-01 4.905142e-05 
8.542714e+00 8.772158e-01 1.227158e-01 6.834833e-05 
8.718593e+00 8.569688e-01 1.429363e-01 9.491904e-05 
8.894472e+00 8.340119e-01 1.658568e-01 1.313190e-04 
9.070352e+00 8.081913e-01 1.916278e-01 1.808991e-04 
9.246231e+00 7.794113e-01 2.203407e-01 2.480023e-04 
9.422111e+00 7.476549e-01 2.520070e-01 3.381872e-04 
9.597990e+00 7.130015e-01 2.865400e-01 4.584725e-04 
9.773869e+00 6.756430e-01 3.237394e-01 6.175997e-04 
9.949749e+00 6.358912e-01 3.632825e-01 8.263033e-04 
1.012563e+01 5.941767e-01 4.047257e-01 1.097588e-03 
1.030151e+01 5.510365e-01 4.475165e-01 1.447008e-03 
1.047739e+01 5.070897e-01 4.910174e-01 1.892963e-03 
1.065327e+01 4.630035e-01 5.345395e-01 2.457019e-03 
1.082915e+01 4.194538e-01 5.773819e-01 3.164283e-03 
1.100503e+01 3.770842e-01 6.188719e-01 4.043863e-03 
1.118090e+01 3.364690e-01 6.584016e-01 5.129441e-03 
1.135678e+01 2.980848e-01 6.954552e-01 6.459988e-03 
1.153266e+01 2.622935e-01 7.296259e-01 8.080649e-03 
1.170854e+01 2.293358e-01 7.606205e-01 1.004379e-02 
1.188442e+01 1.993362e-01 7.882536e-01 1.241020e-02 
1.206030e+01 1.723157e-01 8.124338e-01 1.525051e-02 
1.223618e+01 1.482087e-01 8.331446e-01 1.864663e-02 
1.241206e+01 1.268835e-01 8.504232e-01 2.269334e-02 
1.258794e+01 1.081610e-01 8.643391e-01 2.749989e-02 
1.276382e+01 9.183304e-02 8.749755e-01 3.319144e-02 
1.293970e+01 7.767682e-02 8.824128e-01 3.991034e-02 
1.311558e+01 6.546676e-02 8.867163e-01 4.781694e-02 
1.329146e+01 5.498320e-02 8.879271e-01 5.708971e-02 
1.346734e+01 4.601835e-02 8.860573e-01 6.792440e-02 
1.364322e+01 3.838002e-02 8.810883e-01 8.053170e-02 
1.381910e+01 3.189358e-02 8.729733e-01 9.513314e-02 
1.399497e+01 2.640257e-02 8.616429e-01 1.119545e-01 
1.417085e+01 2.176840e-02 8.470150e-01 1.312166e-01 
1.434673e+01 1.786943e-02 8.290078e-01 1.531228e-01 
1.452261e+01 1.459962e-02 8.075569e-01 1.778434e-01 
1.469849e+01 1.186709e-02 7.826350e-01 2.054979e-01 
1.487437e+01 9.592461e-03 7.542727e-01 2.361348e-01 
1.505025e+01 7.707335e-03 7.225802e-01 2.697125e-01 
1.522613e+01 6.152826e-03 6.877647e-01 3.060824e-01 
1.540201e+01 4.878212e-03 6.501438e-01 3.449780e-01 
1.557789e+01 3.839752e-03 6.101483e-01 3.860120e-01 
1.575377e+01 2.999672e-03 5.683154e-01 4.286850e-01 
1.592965e+01 2.325322e-03 5.252696e-01 4.724051e-01 
1.610553e+01 1.788495e-03 4.816929e-01 5.165186e-01 
1.628141e+01 1.364874e-03 4.382871e-01 5.603481e-01 
1.645729e+01 1.033601e-03 3.957332e-01 6.032332e-01 
1.663317e+01 7.769105e-04 3.546532e-01 6.445699e-01 
1.680905e+01 5.798159e-04 3.155778e-01 6.838424e-01 
1.698492e+01 4.298218e-04 2.789255e-01 7.206447e-01 
1.716080e+01 3.166427e-04 2.449924e-01 7.546909e-01 
1.733668e+01 2.319281e-04 2.139538e-01 7.858143e-01 
1.751256e+01 1.689927e-04 1.858738e-01 8.139572e-01 
1.768844e+01 1.225581e-04 1.607221e-01 8.391554e-01 
1.786432e+01 8.851100e-05 1.383931e-01 8.615184e-01 
1.804020e+01 6.368620e-05 1.187260e-01 8.812103e-01 
1.821608e+01 4.567551e-05 1.015237e-01 8.984306e-01 
1.839196e+01 3.266573e-05 8.656849e-02 9.133988e-01 
1.856784e+01 2.330430e-05 7.363544e-02 9.263413e-01 
1.874372e+01 1.659055e-05 6.250216e-02 9.374812e-01 
1.891960e+01 1.178952e-05 5.295584e-02 9.470324e-01 
1.909548e+01 8.364805e-06 4.479784e-02 9.551938e-01 
1.927136e+01 5.927058e-06 3.784634e-02 9.621477e-01 
1.944724e+01 4.195001e-06 3.193745e-02 9.680584e-01 
1.962312e+01 2.966255e-06 2.692527e-02 9.730718e-01 
1.979899e+01 2.095714e-06 2.268125e-02 9.773167e-01 
1.997487e+01 1.479643e-06 1.909306e-02 9.809055e-01 
2.015075e+01 1.044070e-06 1.606318e-02 9.839358e-01 
2.032663e+01 7.363588e-07 1.350750e-02 9.864918e-01 
2.050251e+01 5.191225e-07 1.135373e-02 9.886457e-01 
2.067839e+01 3.658466e-07 9.540063e-03 9.904596e-01 
2.085427e+01 2.577513e-07 8.013764e-03 9.919860e-01 
2.103015e+01 1.815498e-07 6.729996e-03 9.932698e-01 
2.120603e+01 1.278499e-07 5.650710e-03 9.943492e-01 
2.138191e+01 9.001803e-08 4.743682e-03 9.952562e-01 
2.155779e+01 6.337165e-08 3.981663e-03 9.960183e-01 
2.173367e+01 4.460742e-08 3.341643e-03 9.966583e-01 
2.190955e+01 3.139600e-08 2.804211e-03 9.971958e-01 
2.208543e+01 2.209550e-08 2.353010e-03 9.976470e-01 
2.226131e+01 1.554898e-08 1.974264e-03 9.980257e-01 
2.243719e+01 1.094141e-08 1.656380e-03 9.983436e-01 
2.261307e+01 7.698788e-09 1.389609e-03 9.986104e-01 
2.278894e+01 5.416925e-09 1.165753e-03 9.988342e-01 
2.296482e+01 3.811251e-09 9.779231e-04 9.990221e-01 
2.314070e+01 2.681447e-09 8.203322e-04 9.991797e-01 
2.331658e+01 1.886513e-09 6.881193e-04 9.993119e-01 
2.349246e+01 1.327214e-09 5.772029e-04 9.994228e-01 
2.366834e+01 9.337155e-10 4.841562e-04 9.995158e-01 
2.384422e+01 6.568732e-10 4.061028e-04 9.995939e-01 
2.402010e+01 4.621076e-10 3.406285e-04 9.996594e-01 
2.419598e+01 3.250873e-10 2.857073e-04 9.997143e-01 
2.437186e+01 2.286932e-10 2.396392e-04 9.997604e-01 
2.454774e+01 1.608804e-10 2.009978e-04 9.997990e-01 
2.472362e+01 1.131749e-10 1.685861e-04 9.998314e-01 
2.489950e+01 7.961504e-11 1.414003e-04 9.998586e-01 
2.507538e+01 5.600646e-11 1.185978e-04 9.998814e-01 
2.525126e+01 3.939849e-11 9.947216e-05 9.999005e-01 
2.542714e+01 2.771530e-11 8.343054e-05 9.999166e-01 
2.560302e+01 1.949658e-11 6.997573e-05 9.999300e-01 
2.577889e+01 1.371502e-11 5.869065e-05 9.999413e-01 
2.595477e+01 9.647921e-12 4.922543e-05 9.999508e-01 
2.613065e+01 6.786882e-12 4.128664e-05 9.999587e-01 
2.630653e+01 4.774262e-12 3.462813e-05 9.999654e-01 
2.648241e+01 3.358473e-12 2.904343e-05 9.999710e-01 
2.665829e+01 2.362528e-12 2.435940e-05 9.999756e-01 
2.683417e+01 1.661926e-12 2.043077e-05 9.999796e-01 
2.701005e+01 1.169085e-12 1.713574e-05 9.999829e-01 
2.718593e+01 8.223952e-13 1.437211e-05 9.999856e-01 
2.736181e+01 5.785151e-13 1.205419e-05 9.999879e-01 
2.753769e+01 4.069571e-13 1.011010e-05 9.999899e-01 
2.771357e+01 2.862743e-13 8.479549e-06 9.999915e-01 
2.788945e+01 2.013799e-13 7.111969e-06 9.999929e-01 
2.806533e+01 1.416608e-13 5.964952e-06 9.999940e-01 
2.824121e+01 9.965136e-14 5.002924e-06 9.999950e-01 
2.841709e+01 7.009978e-14 4.196051e-06 9.999958e-01 
2.859296e+01 4.931171e-14 3.519311e-06 9.999965e-01 
2.876884e+01 3.468833e-14 2.951715e-06 9.999970e-01 
2.894472e+01 2.440151e-14 2.475661e-06 9.999975e-01 
2.912060e+01 1.716524e-14 2.076385e-06 9.999979e-01 
2.929648e+01 1.207489e-14 1.741505e-06 9.999983e-01 
2.947236e+01 8.494082e-15 1.460634e-06 9.999985e-01 
2.964824e+01 5.975161e-15 1.225062e-06 9.999988e-01 
2.982412e+01 4.203227e-15 1.027483e-06 9.999990e-01 
3.000000e+01 2.956759e-15 8.617696e-07 9.999991e-01 
