#E                   6            7            8 
-5.000000e+00 9.999988e-01 1.165827e-06 2.883042e-13 
-4.824121e+00 9.999986e-01 1.390009e-06 4.098432e-13 
-4.648241e+00 9.999983e-01 1.657299e-06 5.826189e-13 
-4.472362e+00 9.999980e-01 1.975987e-06 8.282307e-13 
-4.296482e+00 9.999976e-01 2.355957e-06 1.177384e-12 
-4.120603e+00 9.999972e-01 2.808993e-06 1.673728e-12 
-3.944724e+00 9.999967e-01 3.349145e-06 2.379312e-12 
-3.768844e+00 9.999960e-01 3.993163e-06 3.382346e-12 
-3.592965e+00 9.999952e-01 4.761022e-06 4.808223e-12 
-3.417085e+00 9.999943e-01 5.676534e-06 6.835199e-12 
-3.241206e+00 9.999932e-01 6.768091e-06 9.716673e-12 
-3.065327e+00 9.999919e-01 8.069546e-06 1.381287e-11 
-2.889447e+00 9.999904e-01 9.621258e-06 1.963587e-11 
-2.713568e+00 9.999885e-01 1.147135e-05 2.791363e-11 
-2.537688e+00 9.999863e-01 1.367719e-05 3.968096e-11 
-2.361809e+00 9.999837e-01 1.630720e-05 5.640894e-11 
-2.185930e+00 9.999806e-01 1.944292e-05 8.018876e-11 
-2.010050e+00 9.999768e-01 2.318159e-05 1.139932e-10 
-1.834171e+00 9.999724e-01 2.763915e-05 1.620480e-10 
-1.658291e+00 9.999670e-01 3.295383e-05 2.303607e-10 
-1.482412e+00 9.999607e-01 3.929041e-05 3.274707e-10 
-1.306533e+00 9.999532e-01 4.684538e-05 4.655176e-10 
-1.130653e+00 9.999441e-01 5.585298e-05 6.617578e-10 
-9.547739e-01 9.999334e-01 6.659247e-05 9.407221e-10 
-7.788945e-01 9.999206e-01 7.939680e-05 1.337281e-09 
-6.030151e-01 9.999053e-01 9.466290e-05 1.901004e-09 
-4.271357e-01 9.998871e-01 1.128640e-04 2.702352e-09 
-2.512563e-01 9.998654e-01 1.345642e-04 3.841487e-09 
-7.537688e-02 9.998396e-01 1.604359e-04 5.460785e-09 
1.005025e-01 9.998087e-01 1.912809e-04 7.762625e-09 
2.763819e-01 9.997719e-01 2.280548e-04 1.103467e-08 
4.522613e-01 9.997281e-01 2.718964e-04 1.568583e-08 
6.281407e-01 9.996758e-01 3.241636e-04 2.229726e-08 
8.040201e-01 9.996135e-01 3.864743e-04 3.169505e-08 
9.798995e-01 9.995392e-01 4.607569e-04 4.505324e-08 
1.155779e+00 9.994506e-01 5.493091e-04 6.404046e-08 
1.331658e+00 9.993450e-01 6.548689e-04 9.102810e-08 
1.507538e+00 9.992192e-01 7.806981e-04 1.293861e-07 
1.683417e+00 9.990691e-01 9.306820e-04 1.839032e-07 
1.859296e+00 9.988903e-01 1.109448e-03 2.613837e-07 
2.035176e+00 9.986771e-01 1.322506e-03 3.714948e-07 
2.211055e+00 9.984231e-01 1.576416e-03 5.279698e-07 
2.386935e+00 9.981203e-01 1.878981e-03 7.503161e-07 
2.562814e+00 9.977594e-01 2.239489e-03 1.066238e-06 
2.738693e+00 9.973295e-01 2.668979e-03 1.515074e-06 
2.914573e+00 9.968173e-01 3.180574e-03 2.152671e-06 
3.090452e+00 9.962071e-01 3.789859e-03 3.058290e-06 
3.266332e+00 9.954803e-01 4.515330e-03 4.344388e-06 
3.442211e+00 9.946149e-01 5.378922e-03 6.170464e-06 
3.618090e+00 9.935846e-01 6.406615e-03 8.762633e-06 
3.793970e+00 9.923584e-01 7.629143e-03 1.244128e-05 
3.969849e+00 9.908995e-01 9.082811e-03 1.766010e-05 
4.145729e+00 9.891645e-01 1.081042e-02 2.506103e-05 
4.321608e+00 9.871021e-01 1.286233e-02 3.555162e-05 
4.497487e+00 9.846520e-01 1.529762e-02 5.041352e-05 
4.673367e+00 9.817432e-01 1.818538e-02 7.145441e-05 
4.849246e+00 9.782927e-01 2.160612e-02 1.012201e-04 
5.025126e+00 9.742035e-01 2.565317e-02 1.432896e-04 
5.201005e+00 9.693632e-01 3.043416e-02 2.026835e-04 
5.376884e+00 9.636413e-01 3.607229e-02 2.864271e-04 
5.552764e+00 9.568883e-01 4.270738e-02 4.043216e-04 
5.728643e+00 9.489335e-01 5.049647e-02 5.699915e-04 
5.904523e+00 9.395842e-01 5.961346e-02 8.022971e-04 
6.080402e+00 9.286250e-01 7.024776e-02 1.127215e-03 
6.256281e+00 9.158187e-01 8.260095e-02 1.580312e-03 
6.432161e+00 9.009088e-01 9.688127e-02 2.209943e-03 
6.608040e+00 8.836239e-01 1.132948e-01 3.081304e-03 
6.783920e+00 8.636858e-01 1.320328e-01 4.281439e-03 
6.959799e+00 8.408205e-01 1.532543e-01 5.925216e-03 
7.135678e+00 8.147740e-01 1.770639e-01 8.162157e-03 
7.311558e+00 7.853325e-01 2.034838e-01 1.118377e-02 
7.487437e+00 7.523470e-01 2.324223e-01 1.523070e-02 
7.663317e+00 7.157614e-01 2.636401e-01 2.059856e-02 
7.839196e+00 6.756417e-01 2.967174e-01 2.764088e-02 
8.015075e+00 6.322033e-01 3.310296e-01 3.676708e-02 
8.190955e+00 5.858319e-01 3.657350e-01 4.843310e-02 
8.366834e+00 5.370926e-01 3.997847e-01 6.312267e-02 
8.542714e+00 4.867233e-01 4.319590e-01 8.131771e-02 
8.718593e+00 4.356074e-01 4.609344e-01 1.034583e-01 
8.894472e+00 3.847274e-01 4.853784e-01 1.298943e-01 
9.070352e+00 3.351008e-01 5.040647e-01 1.608345e-01 
9.246231e+00 2.877066e-01 5.159933e-01 1.963001e-01 
9.422111e+00 2.434116e-01 5.204978e-01 2.360906e-01 
9.597990e+00 2.029078e-01 5.173208e-01 2.797714e-01 
9.773869e+00 1.666704e-01 5.066441e-01 3.266855e-01 
9.949749e+00 1.349400e-01 4.890676e-01 3.759924e-01 
1.012563e+01 1.077322e-01 4.655401e-01 4.267277e-01 
1.030151e+01 8.486766e-02 4.372574e-01 4.778750e-01 
1.047739e+01 6.601724e-02 4.055419e-01 5.284408e-01 
1.065327e+01 5.075299e-02 3.717264e-01 5.775206e-01 
1.082915e+01 3.859708e-02 3.370542e-01 6.243487e-01 
1.100503e+01 2.906368e-02 3.026073e-01 6.683290e-01 
1.118090e+01 2.169038e-02 2.692647e-01 7.090449e-01 
1.135678e+01 1.605878e-02 2.376885e-01 7.462528e-01 
1.153266e+01 1.180531e-02 2.083323e-01 7.798624e-01 
1.170854e+01 8.624420e-03 1.814648e-01 8.099108e-01 
1.188442e+01 6.266266e-03 1.572008e-01 8.365329e-01 
1.206030e+01 4.531308e-03 1.355355e-01 8.599332e-01 
1.223618e+01 3.263266e-03 1.163765e-01 8.803602e-01 
1.241206e+01 2.341763e-03 9.957247e-02 8.980858e-01 
1.258794e+01 1.675381e-03 8.493632e-02 9.133883e-01 
1.276382e+01 1.195517e-03 7.226353e-02 9.265410e-01 
1.293970e+01 8.512089e-04 6.134552e-02 9.378033e-01 
1.311558e+01 6.049204e-04 5.197905e-02 9.474160e-01 
1.329146e+01 4.292062e-04 4.397234e-02 9.555984e-01 
1.346734e+01 3.041205e-04 3.714863e-02 9.625473e-01 
1.364322e+01 2.152425e-04 3.134791e-02 9.684368e-01 
1.381910e+01 1.521915e-04 2.642739e-02 9.734204e-01 
1.399497e+01 1.075222e-04 2.226104e-02 9.776314e-01 
1.417085e+01 7.591143e-05 1.873864e-02 9.811855e-01 
1.434673e+01 5.356296e-05 1.576445e-02 9.841820e-01 
1.452261e+01 3.777550e-05 1.325586e-02 9.867064e-01 
1.469849e+01 2.663040e-05 1.114189e-02 9.888315e-01 
1.487437e+01 1.876702e-05 9.361813e-03 9.906194e-01 
1.505025e+01 1.322169e-05 7.863849e-03 9.921229e-01 
1.522613e+01 9.312644e-06 6.603962e-03 9.933867e-01 
1.540201e+01 6.557980e-06 5.544790e-03 9.944487e-01 
1.557789e+01 4.617348e-06 4.654693e-03 9.953407e-01 
1.575377e+01 3.250517e-06 3.906919e-03 9.960898e-01 
1.592965e+01 2.288019e-06 3.278877e-03 9.967188e-01 
1.610553e+01 1.610359e-06 2.751513e-03 9.972469e-01 
1.628141e+01 1.133310e-06 2.308773e-03 9.976901e-01 
1.645729e+01 7.975242e-07 1.937134e-03 9.980621e-01 
1.663317e+01 5.611937e-07 1.625219e-03 9.983742e-01 
1.680905e+01 3.948752e-07 1.363460e-03 9.986361e-01 
1.698492e+01 2.778360e-07 1.143812e-03 9.988559e-01 
1.716080e+01 1.954797e-07 9.595139e-04 9.990403e-01 
1.733668e+01 1.375315e-07 8.048872e-04 9.991950e-01 
1.751256e+01 9.675904e-08 6.751620e-04 9.993247e-01 
1.768844e+01 6.807254e-08 5.663330e-04 9.994336e-01 
1.786432e+01 4.788999e-08 4.750377e-04 9.995249e-01 
1.804020e+01 3.369078e-08 3.984537e-04 9.996015e-01 
1.821608e+01 2.370130e-08 3.342122e-04 9.996658e-01 
1.839196e+01 1.667357e-08 2.803253e-04 9.997197e-01 
1.856784e+01 1.172955e-08 2.351248e-04 9.997649e-01 
1.874372e+01 8.251462e-09 1.972112e-04 9.998028e-01 
1.891960e+01 5.804674e-09 1.654100e-04 9.998346e-01 
1.909548e+01 4.083406e-09 1.387363e-04 9.998613e-01 
1.927136e+01 2.872535e-09 1.163634e-04 9.998836e-01 
1.944724e+01 2.020722e-09 9.759802e-05 9.999024e-01 
1.962312e+01 1.421499e-09 8.185861e-05 9.999181e-01 
1.979899e+01 9.999663e-10 6.865729e-05 9.999313e-01 
1.997487e+01 7.034338e-10 5.758482e-05 9.999424e-01 
2.015075e+01 4.948350e-10 4.829794e-05 9.999517e-01 
2.032663e+01 3.480943e-10 4.050872e-05 9.999595e-01 
2.050251e+01 2.448684e-10 3.397566e-05 9.999660e-01 
2.067839e+01 1.722536e-10 2.849619e-05 9.999715e-01 
2.085427e+01 1.211723e-10 2.390041e-05 9.999761e-01 
2.103015e+01 8.523896e-11 2.004581e-05 9.999800e-01 
2.120603e+01 5.996152e-11 1.681286e-05 9.999832e-01 
2.138191e+01 4.218003e-11 1.410130e-05 9.999859e-01 
2.155779e+01 2.967160e-11 1.182706e-05 9.999882e-01 
2.173367e+01 2.087252e-11 9.919601e-06 9.999901e-01 
2.190955e+01 1.468279e-11 8.319772e-06 9.999917e-01 
2.208543e+01 1.032862e-11 6.977962e-06 9.999930e-01 
2.226131e+01 7.265675e-12 5.852557e-06 9.999941e-01 
2.243719e+01 5.111042e-12 4.908656e-06 9.999951e-01 
2.261307e+01 3.595365e-12 4.116987e-06 9.999959e-01 
2.278894e+01 2.529160e-12 3.452998e-06 9.999965e-01 
2.296482e+01 1.779138e-12 2.896097e-06 9.999971e-01 
2.314070e+01 1.251535e-12 2.429013e-06 9.999976e-01 
2.331658e+01 8.803923e-13 2.037260e-06 9.999980e-01 
2.349246e+01 6.193120e-13 1.708690e-06 9.999983e-01 
2.366834e+01 4.356550e-13 1.433111e-06 9.999986e-01 
2.384422e+01 3.064615e-13 1.201978e-06 9.999988e-01 
2.402010e+01 2.155803e-13 1.008122e-06 9.999990e-01 
2.419598e+01 1.516499e-13 8.455316e-07 9.999992e-01 
2.437186e+01 1.066781e-13 7.091636e-07 9.999993e-01 
2.454774e+01 7.504271e-14 5.947891e-07 9.999994e-01 
2.472362e+01 5.278878e-14 4.988611e-07 9.999995e-01 
2.489950e+01 3.713426e-14 4.184044e-07 9.999996e-01 
2.507538e+01 2.612209e-14 3.509238e-07 9.999996e-01 
2.525126e+01 1.837558e-14 2.943265e-07 9.999997e-01 
2.542714e+01 1.292630e-14 2.468573e-07 9.999998e-01 
2.560302e+01 9.093002e-15 2.070439e-07 9.999998e-01 
2.577889e+01 6.396470e-15 1.736517e-07 9.999998e-01 
2.595477e+01 4.499596e-15 1.456450e-07 9.999999e-01 
2.613065e+01 3.165240e-15 1.221553e-07 9.999999e-01 
2.630653e+01 2.226587e-15 1.024540e-07 9.999999e-01 
2.648241e+01 1.566292e-15 8.593009e-08 9.999999e-01 
2.665829e+01 1.101808e-15 7.207121e-08 9.999999e-01 
2.683417e+01 7.750666e-16 6.044751e-08 9.999999e-01 
2.701005e+01 5.452204e-16 5.069848e-08 9.999999e-01 
2.718593e+01 3.835352e-16 4.252179e-08 1.000000e+00 
2.736181e+01 2.697977e-16 3.566384e-08 1.000000e+00 
2.753769e+01 1.897892e-16 2.991194e-08 1.000000e+00 
2.771357e+01 1.335071e-16 2.508772e-08 1.000000e+00 
2.788945e+01 9.391557e-17 2.104155e-08 1.000000e+00 
2.806533e+01 6.606489e-17 1.764795e-08 1.000000e+00 
2.824121e+01 4.647333e-17 1.480167e-08 1.000000e+00 
2.841709e+01 3.269166e-17 1.241445e-08 1.000000e+00 
2.859296e+01 2.299694e-17 1.041223e-08 1.000000e+00 
2.876884e+01 1.617719e-17 8.732939e-09 1.000000e+00 
2.894472e+01 1.137984e-17 7.324483e-09 1.000000e+00 
2.912060e+01 8.005147e-18 6.143184e-09 1.000000e+00 
2.929648e+01 5.631219e-18 5.152406e-09 1.000000e+00 
2.947236e+01 3.961280e-18 4.321422e-09 1.000000e+00 
2.964824e+01 2.786561e-18 3.624459e-09 1.000000e+00 
2.982412e+01 1.960206e-18 3.039903e-09 1.000000e+00 
3.000000e+01 1.378906e-18 2.549625e-09 1.000000e+00 
