#E                   1            2            3 
-5.000000e+00 9.999776e-01 2.237191e-05 7.322383e-11 
-4.824121e+00 9.999733e-01 2.667379e-05 1.040920e-10 
-4.648241e+00 9.999682e-01 3.180284e-05 1.479729e-10 
-4.472362e+00 9.999621e-01 3.791812e-05 2.103519e-10 
-4.296482e+00 9.999548e-01 4.520922e-05 2.990268e-10 
-4.120603e+00 9.999461e-01 5.390223e-05 4.250826e-10 
-3.944724e+00 9.999357e-01 6.426665e-05 6.042765e-10 
-3.768844e+00 9.999234e-01 7.662381e-05 8.590080e-10 
-3.592965e+00 9.999086e-01 9.135678e-05 1.221118e-09 
-3.417085e+00 9.998911e-01 1.089223e-04 1.735869e-09 
-3.241206e+00 9.998701e-01 1.298647e-04 2.467600e-09 
-3.065327e+00 9.998452e-01 1.548330e-04 3.507768e-09 
-2.889447e+00 9.998154e-01 1.846010e-04 4.986374e-09 
-2.713568e+00 9.997799e-01 2.200909e-04 7.088206e-09 
-2.537688e+00 9.997376e-01 2.624020e-04 1.007592e-08 
-2.361809e+00 9.996871e-01 3.128447e-04 1.432286e-08 
-2.185930e+00 9.996270e-01 3.729805e-04 2.035966e-08 
-2.010050e+00 9.995553e-01 4.446706e-04 2.894052e-08 
-1.834171e+00 9.994698e-01 5.301328e-04 4.113733e-08 
-1.658291e+00 9.993679e-01 6.320099e-04 5.847345e-08 
-1.482412e+00 9.992465e-01 7.534502e-04 8.311375e-08 
-1.306533e+00 9.991017e-01 8.982041e-04 1.181345e-07 
-1.130653e+00 9.989291e-01 1.070739e-03 1.679070e-07 
-9.547739e-01 9.987234e-01 1.276373e-03 2.386416e-07 
-7.788945e-01 9.984782e-01 1.521438e-03 3.391614e-07 
-6.030151e-01 9.981860e-01 1.813471e-03 4.819991e-07 
-4.271357e-01 9.978379e-01 2.161437e-03 6.849544e-07 
-2.512563e-01 9.974230e-01 2.575998e-03 9.733028e-07 
-7.537688e-02 9.969288e-01 3.069825e-03 1.382928e-06 
1.005025e-01 9.963401e-01 3.657974e-03 1.964762e-06 
2.763819e-01 9.956389e-01 4.358312e-03 2.791073e-06 
4.522613e-01 9.948040e-01 5.192032e-03 3.964366e-06 
6.281407e-01 9.938101e-01 6.184246e-03 5.629975e-06 
8.040201e-01 9.926273e-01 7.364665e-03 7.993854e-06 
9.798995e-01 9.912203e-01 8.768401e-03 1.134768e-05 
1.155779e+00 9.895470e-01 1.043687e-02 1.610424e-05 
1.331658e+00 9.875583e-01 1.241881e-02 2.284722e-05 
1.507538e+00 9.851961e-01 1.477146e-02 3.240114e-05 
1.683417e+00 9.823923e-01 1.756180e-02 4.592926e-05 
1.859296e+00 9.790670e-01 2.086795e-02 6.507045e-05 
2.035176e+00 9.751272e-01 2.478062e-02 9.212969e-05 
2.211055e+00 9.704651e-01 2.940454e-02 1.303422e-04 
2.386935e+00 9.649559e-01 3.485983e-02 1.842382e-04 
2.562814e+00 9.584566e-01 4.128324e-02 2.601426e-04 
2.738693e+00 9.508044e-01 4.882878e-02 3.668572e-04 
2.914573e+00 9.418155e-01 5.766789e-02 5.165813e-04 
3.090452e+00 9.312855e-01 6.798835e-02 7.261437e-04 
3.266332e+00 9.189895e-01 7.999184e-02 1.018632e-03 
3.442211e+00 9.046852e-01 9.388929e-02 1.425512e-03 
3.618090e+00 8.881171e-01 1.098936e-01 1.989348e-03 
3.793970e+00 8.690242e-01 1.282086e-01 2.767191e-03 
3.969849e+00 8.471505e-01 1.490148e-01 3.834730e-03 
4.145729e+00 8.222596e-01 1.724492e-01 5.291150e-03 
4.321608e+00 7.941533e-01 1.985821e-01 7.264611e-03 
4.497487e+00 7.626932e-01 2.273888e-01 9.918016e-03 
4.673367e+00 7.278255e-01 2.587200e-01 1.345455e-02 
4.849246e+00 6.896059e-01 2.922719e-01 1.812215e-02 
5.025126e+00 6.482222e-01 3.275620e-01 2.421584e-02 
5.201005e+00 6.040105e-01 3.639130e-01 3.207651e-02 
5.376884e+00 5.574620e-01 4.004532e-01 4.208475e-02 
5.552764e+00 5.092157e-01 4.361358e-01 5.464849e-02 
5.728643e+00 4.600359e-01 4.697806e-01 7.018349e-02 
5.904523e+00 4.107745e-01 5.001386e-01 8.908687e-02 
6.080402e+00 3.623214e-01 5.259740e-01 1.117046e-01 
6.256281e+00 3.155470e-01 5.461575e-01 1.382955e-01 
6.432161e+00 2.712461e-01 5.597586e-01 1.689952e-01 
6.608040e+00 2.300878e-01 5.661276e-01 2.037846e-01 
6.783920e+00 1.925789e-01 5.649537e-01 2.424674e-01 
6.959799e+00 1.590440e-01 5.562945e-01 2.846615e-01 
7.135678e+00 1.296227e-01 5.405704e-01 3.298069e-01 
7.311558e+00 1.042835e-01 5.185256e-01 3.771908e-01 
7.487437e+00 8.284886e-02 4.911617e-01 4.259895e-01 
7.663317e+00 6.502897e-02 4.596510e-01 4.753200e-01 
7.839196e+00 5.045829e-02 4.252432e-01 5.242985e-01 
8.015075e+00 3.873071e-02 3.891739e-01 5.720954e-01 
8.190955e+00 2.943037e-02 3.525879e-01 6.179817e-01 
8.366834e+00 2.215608e-02 3.164813e-01 6.613626e-01 
8.542714e+00 1.653852e-02 2.816665e-01 7.017950e-01 
8.718593e+00 1.225061e-02 2.487596e-01 7.389898e-01 
8.894472e+00 9.011993e-03 2.181858e-01 7.728022e-01 
9.070352e+00 6.588954e-03 1.901978e-01 8.032133e-01 
9.246231e+00 4.791335e-03 1.649032e-01 8.303055e-01 
9.422111e+00 3.467615e-03 1.422940e-01 8.542383e-01 
9.597990e+00 2.499218e-03 1.222766e-01 8.752241e-01 
9.773869e+00 1.794800e-03 1.046981e-01 8.935071e-01 
9.949749e+00 1.284932e-03 8.936893e-02 9.093461e-01 
1.012563e+01 9.174588e-04 7.608101e-02 9.230015e-01 
1.030151e+01 6.535838e-04 6.462111e-02 9.347253e-01 
1.047739e+01 4.646966e-04 5.478051e-02 9.447548e-01 
1.065327e+01 3.298504e-04 4.636146e-02 9.533087e-01 
1.082915e+01 2.338043e-04 3.918104e-02 9.605852e-01 
1.100503e+01 1.655270e-04 3.307317e-02 9.667613e-01 
1.118090e+01 1.170702e-04 2.788923e-02 9.719937e-01 
1.135678e+01 8.272795e-05 2.349774e-02 9.764195e-01 
1.153266e+01 5.841778e-05 1.978347e-02 9.801581e-01 
1.170854e+01 4.122623e-05 1.664617e-02 9.833126e-01 
1.188442e+01 2.907901e-05 1.399922e-02 9.859717e-01 
1.206030e+01 2.050209e-05 1.176808e-02 9.882114e-01 
1.223618e+01 1.444970e-05 9.888946e-03 9.900966e-01 
1.241206e+01 1.018092e-05 8.307333e-03 9.916825e-01 
1.258794e+01 7.171396e-06 6.976888e-03 9.930159e-01 
1.276382e+01 5.050411e-06 5.858254e-03 9.941367e-01 
1.293970e+01 3.556076e-06 4.918084e-03 9.950784e-01 
1.311558e+01 2.503509e-06 4.128170e-03 9.958693e-01 
1.329146e+01 1.762267e-06 3.464684e-03 9.965336e-01 
1.346734e+01 1.240360e-06 2.907523e-03 9.970912e-01 
1.364322e+01 8.729409e-07 2.439740e-03 9.975594e-01 
1.381910e+01 6.143120e-07 2.047063e-03 9.979523e-01 
1.399497e+01 4.322804e-07 1.717478e-03 9.982821e-01 
1.417085e+01 3.041719e-07 1.440881e-03 9.985588e-01 
1.434673e+01 2.140194e-07 1.208775e-03 9.987910e-01 
1.452261e+01 1.505813e-07 1.014021e-03 9.989858e-01 
1.469849e+01 1.059437e-07 8.506179e-04 9.991493e-01 
1.487437e+01 7.453628e-08 7.135274e-04 9.992864e-01 
1.505025e+01 5.243857e-08 5.985180e-04 9.994014e-01 
1.522613e+01 3.689146e-08 5.020369e-04 9.994979e-01 
1.540201e+01 2.595339e-08 4.211021e-04 9.995789e-01 
1.557789e+01 1.825815e-08 3.532104e-04 9.996468e-01 
1.575377e+01 1.284442e-08 2.962612e-04 9.997037e-01 
1.592965e+01 9.035837e-09 2.484918e-04 9.997515e-01 
1.610553e+01 6.356513e-09 2.084232e-04 9.997916e-01 
1.628141e+01 4.471638e-09 1.748144e-04 9.998252e-01 
1.645729e+01 3.145661e-09 1.466243e-04 9.998534e-01 
1.663317e+01 2.212867e-09 1.229795e-04 9.998770e-01 
1.680905e+01 1.556672e-09 1.031473e-04 9.998969e-01 
1.698492e+01 1.095059e-09 8.651306e-05 9.999135e-01 
1.716080e+01 7.703295e-10 7.256117e-05 9.999274e-01 
1.733668e+01 5.418944e-10 6.085915e-05 9.999391e-01 
1.751256e+01 3.811993e-10 5.104424e-05 9.999490e-01 
1.768844e+01 2.681567e-10 4.281213e-05 9.999572e-01 
1.786432e+01 1.886361e-10 3.590760e-05 9.999641e-01 
1.804020e+01 1.326968e-10 3.011657e-05 9.999699e-01 
1.821608e+01 9.334598e-11 2.525946e-05 9.999747e-01 
1.839196e+01 6.566448e-11 2.118568e-05 9.999788e-01 
1.856784e+01 4.619182e-11 1.776890e-05 9.999822e-01 
1.874372e+01 3.249372e-11 1.490316e-05 9.999851e-01 
1.891960e+01 2.285775e-11 1.249959e-05 9.999875e-01 
1.909548e+01 1.607931e-11 1.048367e-05 9.999895e-01 
1.927136e+01 1.131101e-11 8.792868e-06 9.999912e-01 
1.944724e+01 7.956738e-12 7.374757e-06 9.999926e-01 
1.962312e+01 5.597173e-12 6.185357e-06 9.999938e-01 
1.979899e+01 3.937334e-12 5.187783e-06 9.999948e-01 
1.997487e+01 2.769719e-12 4.351096e-06 9.999956e-01 
2.015075e+01 1.948359e-12 3.649350e-06 9.999964e-01 
2.032663e+01 1.370574e-12 3.060782e-06 9.999969e-01 
2.050251e+01 9.641303e-13 2.567137e-06 9.999974e-01 
2.067839e+01 6.782176e-13 2.153108e-06 9.999978e-01 
2.085427e+01 4.770922e-13 1.805854e-06 9.999982e-01 
2.103015e+01 3.356105e-13 1.514604e-06 9.999985e-01 
2.120603e+01 2.360852e-13 1.270328e-06 9.999987e-01 
2.138191e+01 1.660741e-13 1.065449e-06 9.999989e-01 
2.155779e+01 1.168248e-13 8.936123e-07 9.999991e-01 
2.173367e+01 8.218039e-14 7.494898e-07 9.999993e-01 
2.190955e+01 5.780979e-14 6.286115e-07 9.999994e-01 
2.208543e+01 4.066629e-14 5.272286e-07 9.999995e-01 
2.226131e+01 2.860669e-14 4.421967e-07 9.999996e-01 
2.243719e+01 2.012337e-14 3.708789e-07 9.999996e-01 
2.261307e+01 1.415578e-14 3.110632e-07 9.999997e-01 
2.278894e+01 9.957883e-15 2.608947e-07 9.999997e-01 
2.296482e+01 7.004871e-15 2.188174e-07 9.999998e-01 
2.314070e+01 4.927575e-15 1.835263e-07 9.999998e-01 
2.331658e+01 3.466302e-15 1.539270e-07 9.999998e-01 
2.349246e+01 2.438369e-15 1.291016e-07 9.999999e-01 
2.366834e+01 1.715270e-15 1.082799e-07 9.999999e-01 
2.384422e+01 1.206607e-15 9.081647e-08 9.999999e-01 
2.402010e+01 8.487871e-16 7.616951e-08 9.999999e-01 
2.419598e+01 5.970791e-16 6.388482e-08 9.999999e-01 
2.437186e+01 4.200152e-16 5.358143e-08 9.999999e-01 
2.454774e+01 2.954596e-16 4.493977e-08 1.000000e+00 
2.472362e+01 2.078410e-16 3.769184e-08 1.000000e+00 
2.489950e+01 1.462057e-16 3.161287e-08 1.000000e+00 
2.507538e+01 1.028484e-16 2.651432e-08 1.000000e+00 
2.525126e+01 7.234866e-17 2.223807e-08 1.000000e+00 
2.542714e+01 5.089365e-17 1.865149e-08 1.000000e+00 
2.560302e+01 3.580112e-17 1.564336e-08 1.000000e+00 
2.577889e+01 2.518429e-17 1.312039e-08 1.000000e+00 
2.595477e+01 1.771589e-17 1.100432e-08 1.000000e+00 
2.613065e+01 1.246224e-17 9.229534e-09 1.000000e+00 
2.630653e+01 8.766557e-18 7.740987e-09 1.000000e+00 
2.648241e+01 6.166833e-18 6.492513e-09 1.000000e+00 
2.665829e+01 4.338057e-18 5.445395e-09 1.000000e+00 
2.683417e+01 3.051605e-18 4.567157e-09 1.000000e+00 
2.701005e+01 2.146651e-18 3.830562e-09 1.000000e+00 
2.718593e+01 1.510061e-18 3.212766e-09 1.000000e+00 
2.736181e+01 1.062252e-18 2.694608e-09 1.000000e+00 
2.753769e+01 7.472411e-19 2.260019e-09 1.000000e+00 
2.771357e+01 5.256466e-19 1.895521e-09 1.000000e+00 
2.788945e+01 3.697660e-19 1.589810e-09 1.000000e+00 
2.806533e+01 2.601118e-19 1.333404e-09 1.000000e+00 
2.824121e+01 1.829756e-19 1.118352e-09 1.000000e+00 
2.841709e+01 1.287141e-19 9.379828e-10 1.000000e+00 
2.859296e+01 9.054393e-20 7.867042e-10 1.000000e+00 
2.876884e+01 6.369310e-20 6.598238e-10 1.000000e+00 
2.894472e+01 4.480490e-20 5.534069e-10 1.000000e+00 
2.912060e+01 3.151800e-20 4.641529e-10 1.000000e+00 
2.929648e+01 2.217133e-20 3.892939e-10 1.000000e+00 
2.947236e+01 1.559642e-20 3.265083e-10 1.000000e+00 
2.964824e+01 1.097130e-20 2.738487e-10 1.000000e+00 
2.982412e+01 7.717755e-21 2.296822e-10 1.000000e+00 
3.000000e+01 5.429053e-21 1.926388e-10 1.000000e+00 
