#E                   6            7            8 
-5.000000e+00 9.999873e-01 1.270253e-05 3.651285e-11 
-4.824121e+00 9.999849e-01 1.514511e-05 5.190528e-11 
-4.648241e+00 9.999819e-01 1.805738e-05 7.378655e-11 
-4.472362e+00 9.999785e-01 2.152963e-05 1.048921e-10 
-4.296482e+00 9.999743e-01 2.566955e-05 1.491103e-10 
-4.120603e+00 9.999694e-01 3.060551e-05 2.119691e-10 
-3.944724e+00 9.999635e-01 3.649055e-05 3.013261e-10 
-3.768844e+00 9.999565e-01 4.350717e-05 4.283519e-10 
-3.592965e+00 9.999481e-01 5.187292e-05 6.089252e-10 
-3.417085e+00 9.999382e-01 6.184717e-05 8.656185e-10 
-3.241206e+00 9.999263e-01 7.373914e-05 1.230519e-09 
-3.065327e+00 9.999121e-01 8.791751e-05 1.749238e-09 
-2.889447e+00 9.998952e-01 1.048218e-04 2.486615e-09 
-2.713568e+00 9.998750e-01 1.249759e-04 3.534815e-09 
-2.537688e+00 9.998510e-01 1.490044e-04 5.024851e-09 
-2.361809e+00 9.998223e-01 1.776520e-04 7.142950e-09 
-2.185930e+00 9.997882e-01 2.118063e-04 1.015383e-08 
-2.010050e+00 9.997475e-01 2.525251e-04 1.443374e-08 
-1.834171e+00 9.996989e-01 3.010696e-04 2.051751e-08 
-1.658291e+00 9.996410e-01 3.589428e-04 2.916530e-08 
-1.482412e+00 9.995720e-01 4.279359e-04 4.145753e-08 
-1.306533e+00 9.994898e-01 5.101835e-04 5.892975e-08 
-1.130653e+00 9.993917e-01 6.082292e-04 8.376428e-08 
-9.547739e-01 9.992748e-01 7.251034e-04 1.190625e-07 
-7.788945e-01 9.991354e-01 8.644160e-04 1.692315e-07 
-6.030151e-01 9.989693e-01 1.030467e-03 2.405337e-07 
-4.271357e-01 9.987713e-01 1.228376e-03 3.418667e-07 
-2.512563e-01 9.985353e-01 1.464240e-03 4.858711e-07 
-7.537688e-02 9.982540e-01 1.745313e-03 6.905030e-07 
1.005025e-01 9.979188e-01 2.080228e-03 9.812658e-07 
2.763819e-01 9.975194e-01 2.479251e-03 1.394375e-06 
4.522613e-01 9.970434e-01 2.954586e-03 1.981250e-06 
6.281407e-01 9.964765e-01 3.520733e-03 2.814876e-06 
8.040201e-01 9.958011e-01 4.194905e-03 3.998818e-06 
9.798995e-01 9.949968e-01 4.997521e-03 5.679991e-06 
1.155779e+00 9.940392e-01 5.952781e-03 8.066708e-06 
1.331658e+00 9.928992e-01 7.089327e-03 1.145420e-05 
1.507538e+00 9.915427e-01 8.441016e-03 1.626066e-05 
1.683417e+00 9.899291e-01 1.004780e-02 2.307797e-05 
1.859296e+00 9.880105e-01 1.195671e-02 3.274327e-05 
2.035176e+00 9.857305e-01 1.422302e-02 4.643929e-05 
2.211055e+00 9.830227e-01 1.691144e-02 6.583515e-05 
2.386935e+00 9.798092e-01 2.009750e-02 9.328304e-05 
2.562814e+00 9.759990e-01 2.386895e-02 1.320923e-04 
2.738693e+00 9.714859e-01 2.832722e-02 1.869095e-04 
2.914573e+00 9.661470e-01 3.358877e-02 2.642440e-04 
3.090452e+00 9.598405e-01 3.978629e-02 3.731882e-04 
3.266332e+00 9.524042e-01 4.706945e-02 5.264013e-04 
3.442211e+00 9.436536e-01 5.560500e-02 7.414386e-04 
3.618090e+00 9.333816e-01 6.557586e-02 1.042530e-03 
3.793970e+00 9.213585e-01 7.717859e-02 1.462935e-03 
3.969849e+00 9.073332e-01 9.061882e-02 2.048001e-03 
4.145729e+00 8.910371e-01 1.061038e-01 2.859078e-03 
4.321608e+00 8.721905e-01 1.238311e-01 3.978400e-03 
4.497487e+00 8.505116e-01 1.439734e-01 5.514984e-03 
4.673367e+00 8.257313e-01 1.666572e-01 7.611490e-03 
4.849246e+00 7.976107e-01 1.919375e-01 1.045175e-02 
5.025126e+00 7.659652e-01 2.197664e-01 1.426835e-02 
5.201005e+00 7.306912e-01 2.499595e-01 1.934931e-02 
5.376884e+00 6.917965e-01 2.821614e-01 2.604215e-02 
5.552764e+00 6.494299e-01 3.158166e-01 3.475344e-02 
5.728643e+00 6.039071e-01 3.501517e-01 4.594121e-02 
5.904523e+00 5.557260e-01 3.841761e-01 6.009799e-02 
6.080402e+00 5.055685e-01 4.167091e-01 7.772239e-02 
6.256281e+00 4.542819e-01 4.464388e-01 9.927925e-02 
6.432161e+00 4.028392e-01 4.720105e-01 1.251502e-01 
6.608040e+00 3.522788e-01 4.921414e-01 1.555798e-01 
6.783920e+00 3.036302e-01 5.057453e-01 1.906245e-01 
6.959799e+00 2.578354e-01 5.120505e-01 2.301141e-01 
7.135678e+00 2.156765e-01 5.106892e-01 2.736343e-01 
7.311558e+00 1.777226e-01 5.017412e-01 3.205362e-01 
7.487437e+00 1.443011e-01 4.857249e-01 3.699739e-01 
7.663317e+00 1.154991e-01 4.635351e-01 4.209658e-01 
7.839196e+00 9.118830e-02 4.363417e-01 4.724701e-01 
8.015075e+00 7.106967e-02 4.054668e-01 5.234635e-01 
8.190955e+00 5.472610e-02 3.722622e-01 5.730117e-01 
8.366834e+00 4.167557e-02 3.380021e-01 6.203223e-01 
8.542714e+00 3.141763e-02 3.038049e-01 6.647774e-01 
8.718593e+00 2.346934e-02 2.705862e-01 7.059445e-01 
8.894472e+00 1.738941e-02 2.390414e-01 7.435692e-01 
9.070352e+00 1.279170e-02 2.096524e-01 7.775559e-01 
9.246231e+00 9.349932e-03 1.827105e-01 8.079395e-01 
9.422111e+00 6.796324e-03 1.583480e-01 8.348556e-01 
9.597990e+00 4.916337e-03 1.365727e-01 8.585110e-01 
9.773869e+00 3.541568e-03 1.173008e-01 8.791576e-01 
9.949749e+00 2.542077e-03 1.003871e-01 8.970709e-01 
1.012563e+01 1.819046e-03 8.564779e-02 9.125332e-01 
1.030151e+01 1.298241e-03 7.288048e-02 9.258213e-01 
1.047739e+01 9.244697e-04 6.187740e-02 9.371981e-01 
1.065327e+01 6.570553e-04 5.243542e-02 9.469075e-01 
1.082915e+01 4.662392e-04 4.436240e-02 9.551714e-01 
1.100503e+01 3.303854e-04 3.748094e-02 9.621887e-01 
1.118090e+01 2.338460e-04 3.163029e-02 9.681359e-01 
1.135678e+01 1.653539e-04 2.666681e-02 9.731678e-01 
1.153266e+01 1.168264e-04 2.246368e-02 9.774195e-01 
1.170854e+01 8.248317e-05 1.890988e-02 9.810076e-01 
1.188442e+01 5.820169e-05 1.590899e-02 9.840328e-01 
1.206030e+01 4.104800e-05 1.337773e-02 9.865812e-01 
1.223618e+01 2.893799e-05 1.124456e-02 9.887265e-01 
1.241206e+01 2.039358e-05 9.448239e-03 9.905314e-01 
1.258794e+01 1.436784e-05 7.936561e-03 9.920491e-01 
1.276382e+01 1.012005e-05 6.665105e-03 9.933248e-01 
1.293970e+01 7.126631e-06 5.596184e-03 9.943967e-01 
1.311558e+01 5.017767e-06 4.697876e-03 9.952971e-01 
1.329146e+01 3.532429e-06 3.943192e-03 9.960533e-01 
1.346734e+01 2.486470e-06 3.309339e-03 9.966882e-01 
1.364322e+01 1.750042e-06 2.777090e-03 9.972212e-01 
1.381910e+01 1.231619e-06 2.330243e-03 9.976685e-01 
1.399497e+01 8.667082e-07 1.955155e-03 9.980440e-01 
1.417085e+01 6.098781e-07 1.640344e-03 9.983590e-01 
1.434673e+01 4.291322e-07 1.376152e-03 9.986234e-01 
1.452261e+01 3.019400e-07 1.154461e-03 9.988452e-01 
1.469849e+01 2.124392e-07 9.684493e-04 9.990313e-01 
1.487437e+01 1.494637e-07 8.123839e-04 9.991875e-01 
1.505025e+01 1.051540e-07 6.814512e-04 9.993184e-01 
1.522613e+01 7.397867e-08 5.716090e-04 9.994283e-01 
1.540201e+01 5.204508e-08 4.794636e-04 9.995205e-01 
1.557789e+01 3.661393e-08 4.021664e-04 9.995978e-01 
1.575377e+01 2.575773e-08 3.373266e-04 9.996626e-01 
1.592965e+01 1.812026e-08 2.829376e-04 9.997170e-01 
1.610553e+01 1.274727e-08 2.373160e-04 9.997627e-01 
1.628141e+01 8.967410e-09 1.990491e-04 9.998009e-01 
1.645729e+01 6.308325e-09 1.669517e-04 9.998330e-01 
1.663317e+01 4.437709e-09 1.400293e-04 9.998600e-01 
1.680905e+01 3.121776e-09 1.174479e-04 9.998825e-01 
1.698492e+01 2.196054e-09 9.850769e-05 9.999015e-01 
1.716080e+01 1.544838e-09 8.262159e-05 9.999174e-01 
1.733668e+01 1.086731e-09 6.929723e-05 9.999307e-01 
1.751256e+01 7.644690e-10 5.812157e-05 9.999419e-01 
1.768844e+01 5.377706e-10 4.874813e-05 9.999513e-01 
1.786432e+01 3.782976e-10 4.088631e-05 9.999591e-01 
1.804020e+01 2.661151e-10 3.429235e-05 9.999657e-01 
1.821608e+01 1.871997e-10 2.876181e-05 9.999712e-01 
1.839196e+01 1.316862e-10 2.412319e-05 9.999759e-01 
1.856784e+01 9.263496e-11 2.023266e-05 9.999798e-01 
1.874372e+01 6.516426e-11 1.696958e-05 9.999830e-01 
1.891960e+01 4.583991e-11 1.423275e-05 9.999858e-01 
1.909548e+01 3.224615e-11 1.193731e-05 9.999881e-01 
1.927136e+01 2.268359e-11 1.001207e-05 9.999900e-01 
1.944724e+01 1.595679e-11 8.397324e-06 9.999916e-01 
1.962312e+01 1.122482e-11 7.043006e-06 9.999930e-01 
1.979899e+01 7.896104e-12 5.907111e-06 9.999941e-01 
1.997487e+01 5.554518e-12 4.954412e-06 9.999950e-01 
2.015075e+01 3.907327e-12 4.155363e-06 9.999958e-01 
2.032663e+01 2.748610e-12 3.485185e-06 9.999965e-01 
2.050251e+01 1.933510e-12 2.923093e-06 9.999971e-01 
2.067839e+01 1.360128e-12 2.451655e-06 9.999975e-01 
2.085427e+01 9.567822e-13 2.056251e-06 9.999979e-01 
2.103015e+01 6.730485e-13 1.724617e-06 9.999983e-01 
2.120603e+01 4.734559e-13 1.446470e-06 9.999986e-01 
2.138191e+01 3.330525e-13 1.213182e-06 9.999988e-01 
2.155779e+01 2.342858e-13 1.017519e-06 9.999990e-01 
2.173367e+01 1.648083e-13 8.534132e-07 9.999991e-01 
2.190955e+01 1.159344e-13 7.157740e-07 9.999993e-01 
2.208543e+01 8.155402e-14 6.003335e-07 9.999994e-01 
2.226131e+01 5.736917e-14 5.035112e-07 9.999995e-01 
2.243719e+01 4.035633e-14 4.223045e-07 9.999996e-01 
2.261307e+01 2.838865e-14 3.541949e-07 9.999996e-01 
2.278894e+01 1.996999e-14 2.970701e-07 9.999997e-01 
2.296482e+01 1.404789e-14 2.491583e-07 9.999998e-01 
2.314070e+01 9.881984e-15 2.089739e-07 9.999998e-01 
2.331658e+01 6.951480e-15 1.752704e-07 9.999998e-01 
2.349246e+01 4.890017e-15 1.470026e-07 9.999999e-01 
2.366834e+01 3.439881e-15 1.232939e-07 9.999999e-01 
2.384422e+01 2.419784e-15 1.034090e-07 9.999999e-01 
2.402010e+01 1.702196e-15 8.673109e-08 9.999999e-01 
2.419598e+01 1.197410e-15 7.274302e-08 9.999999e-01 
2.437186e+01 8.423176e-16 6.101097e-08 9.999999e-01 
2.454774e+01 5.925282e-16 5.117107e-08 9.999999e-01 
2.472362e+01 4.168138e-16 4.291815e-08 1.000000e+00 
2.489950e+01 2.932076e-16 3.599628e-08 1.000000e+00 
2.507538e+01 2.062568e-16 3.019076e-08 1.000000e+00 
2.525126e+01 1.450913e-16 2.532157e-08 1.000000e+00 
2.542714e+01 1.020644e-16 2.123769e-08 1.000000e+00 
2.560302e+01 7.179721e-17 1.781245e-08 1.000000e+00 
2.577889e+01 5.050573e-17 1.493965e-08 1.000000e+00 
2.595477e+01 3.552825e-17 1.253017e-08 1.000000e+00 
2.613065e+01 2.499234e-17 1.050929e-08 1.000000e+00 
2.630653e+01 1.758085e-17 8.814343e-09 1.000000e+00 
2.648241e+01 1.236725e-17 7.392758e-09 1.000000e+00 
2.665829e+01 8.699738e-18 6.200448e-09 1.000000e+00 
2.683417e+01 6.119829e-18 5.200434e-09 1.000000e+00 
2.701005e+01 4.304992e-18 4.361704e-09 1.000000e+00 
2.718593e+01 3.028346e-18 3.658244e-09 1.000000e+00 
2.736181e+01 2.130289e-18 3.068240e-09 1.000000e+00 
2.753769e+01 1.498551e-18 2.573391e-09 1.000000e+00 
2.771357e+01 1.054156e-18 2.158352e-09 1.000000e+00 
2.788945e+01 7.415456e-19 1.810251e-09 1.000000e+00 
2.806533e+01 5.216401e-19 1.518293e-09 1.000000e+00 
2.824121e+01 3.669476e-19 1.273421e-09 1.000000e+00 
2.841709e+01 2.581292e-19 1.068043e-09 1.000000e+00 
2.859296e+01 1.815809e-19 8.957877e-10 1.000000e+00 
2.876884e+01 1.277331e-19 7.513143e-10 1.000000e+00 
2.894472e+01 8.985380e-20 6.301417e-10 1.000000e+00 
2.912060e+01 6.320763e-20 5.285119e-10 1.000000e+00 
2.929648e+01 4.446340e-20 4.432730e-10 1.000000e+00 
2.947236e+01 3.127777e-20 3.717816e-10 1.000000e+00 
2.964824e+01 2.200234e-20 3.118203e-10 1.000000e+00 
2.982412e+01 1.547754e-20 2.615297e-10 1.000000e+00 
3.000000e+01 1.088767e-20 2.193499e-10 1.000000e+00 
