#E                   1            2            3 
-5.000000e+00 9.999999e-01 7.558213e-08 6.908842e-18 
-4.824121e+00 9.999999e-01 9.011614e-08 9.821371e-18 
-4.648241e+00 9.999999e-01 1.074450e-07 1.396172e-17 
-4.472362e+00 9.999999e-01 1.281060e-07 1.984751e-17 
-4.296482e+00 9.999998e-01 1.527400e-07 2.821453e-17 
-4.120603e+00 9.999998e-01 1.821111e-07 4.010880e-17 
-3.944724e+00 9.999998e-01 2.171300e-07 5.701729e-17 
-3.768844e+00 9.999997e-01 2.588828e-07 8.105382e-17 
-3.592965e+00 9.999997e-01 3.086645e-07 1.152233e-16 
-3.417085e+00 9.999996e-01 3.680188e-07 1.637975e-16 
-3.241206e+00 9.999996e-01 4.387867e-07 2.328489e-16 
-3.065327e+00 9.999995e-01 5.231628e-07 3.310099e-16 
-2.889447e+00 9.999994e-01 6.237640e-07 4.705522e-16 
-2.713568e+00 9.999993e-01 7.437101e-07 6.689208e-16 
-2.537688e+00 9.999991e-01 8.867212e-07 9.509146e-16 
-2.361809e+00 9.999989e-01 1.057232e-06 1.351787e-15 
-2.185930e+00 9.999987e-01 1.260532e-06 1.921654e-15 
-2.010050e+00 9.999985e-01 1.502925e-06 2.731756e-15 
-1.834171e+00 9.999982e-01 1.791928e-06 3.883370e-15 
-1.658291e+00 9.999979e-01 2.136504e-06 5.520463e-15 
-1.482412e+00 9.999975e-01 2.547341e-06 7.847697e-15 
-1.306533e+00 9.999970e-01 3.037178e-06 1.115601e-14 
-1.130653e+00 9.999964e-01 3.621208e-06 1.585899e-14 
-9.547739e-01 9.999957e-01 4.317543e-06 2.254458e-14 
-7.788945e-01 9.999949e-01 5.147777e-06 3.204857e-14 
-6.030151e-01 9.999939e-01 6.137659e-06 4.555910e-14 
-4.271357e-01 9.999927e-01 7.317887e-06 6.476518e-14 
-2.512563e-01 9.999913e-01 8.725063e-06 9.206782e-14 
-7.537688e-02 9.999896e-01 1.040282e-05 1.308802e-13 
1.005025e-01 9.999876e-01 1.240320e-05 1.860545e-13 
2.763819e-01 9.999852e-01 1.478823e-05 2.644880e-13 
4.522613e-01 9.999824e-01 1.763187e-05 3.759859e-13 
6.281407e-01 9.999790e-01 2.102231e-05 5.344869e-13 
8.040201e-01 9.999749e-01 2.506468e-05 7.598051e-13 
9.798995e-01 9.999701e-01 2.988433e-05 1.080108e-12 
1.155779e+00 9.999644e-01 3.563071e-05 1.535435e-12 
1.331658e+00 9.999575e-01 4.248200e-05 2.182706e-12 
1.507538e+00 9.999493e-01 5.065063e-05 3.102835e-12 
1.683417e+00 9.999396e-01 6.038987e-05 4.410841e-12 
1.859296e+00 9.999280e-01 7.200166e-05 6.270226e-12 
2.035176e+00 9.999142e-01 8.584597e-05 8.913415e-12 
2.211055e+00 9.998976e-01 1.023520e-04 1.267079e-11 
2.386935e+00 9.998780e-01 1.220313e-04 1.801201e-11 
2.562814e+00 9.998545e-01 1.454938e-04 2.560465e-11 
2.738693e+00 9.998265e-01 1.734665e-04 3.639768e-11 
2.914573e+00 9.997932e-01 2.068162e-04 5.173996e-11 
3.090452e+00 9.997534e-01 2.465760e-04 7.354882e-11 
3.266332e+00 9.997060e-01 2.939772e-04 1.045495e-10 
3.442211e+00 9.996495e-01 3.504875e-04 1.486156e-10 
3.618090e+00 9.995821e-01 4.178561e-04 2.112526e-10 
3.793970e+00 9.995018e-01 4.981674e-04 3.002853e-10 
3.969849e+00 9.994061e-01 5.939053e-04 4.268343e-10 
4.145729e+00 9.992920e-01 7.080290e-04 6.067037e-10 
4.321608e+00 9.991559e-01 8.440640e-04 8.623517e-10 
4.497487e+00 9.989938e-01 1.006209e-03 1.225691e-09 
4.673367e+00 9.988005e-01 1.199465e-03 1.742062e-09 
4.849246e+00 9.985702e-01 1.429786e-03 2.475885e-09 
5.025126e+00 9.982957e-01 1.704257e-03 3.518665e-09 
5.201005e+00 9.979687e-01 2.031310e-03 5.000375e-09 
5.376884e+00 9.975790e-01 2.420974e-03 7.105585e-09 
5.552764e+00 9.971148e-01 2.885170e-03 1.009636e-08 
5.728643e+00 9.965619e-01 3.438064e-03 1.434467e-08 
5.904523e+00 9.959035e-01 4.096476e-03 2.037842e-08 
6.080402e+00 9.951196e-01 4.880360e-03 2.894646e-08 
6.256281e+00 9.941866e-01 5.813370e-03 4.111071e-08 
6.432161e+00 9.930764e-01 6.923508e-03 5.837631e-08 
6.608040e+00 9.917560e-01 8.243883e-03 8.287542e-08 
6.783920e+00 9.901863e-01 9.813577e-03 1.176264e-07 
6.959799e+00 9.883212e-01 1.167863e-02 1.668986e-07 
7.135678e+00 9.861066e-01 1.389316e-02 2.367257e-07 
7.311558e+00 9.834791e-01 1.652060e-02 3.356245e-07 
7.487437e+00 9.803645e-01 1.963504e-02 4.756012e-07 
7.663317e+00 9.766766e-01 2.332268e-02 6.735551e-07 
7.839196e+00 9.723157e-01 2.768334e-02 9.532274e-07 
8.015075e+00 9.671668e-01 3.283189e-02 1.347899e-06 
8.190955e+00 9.610984e-01 3.889967e-02 1.904105e-06 
8.366834e+00 9.539619e-01 4.603546e-02 2.686711e-06 
8.542714e+00 9.455901e-01 5.440613e-02 3.785818e-06 
8.718593e+00 9.357983e-01 6.419639e-02 5.326059e-06 
8.894472e+00 9.243850e-01 7.560748e-02 7.479000e-06 
9.070352e+00 9.111353e-01 8.885424e-02 1.047950e-05 
9.246231e+00 8.958251e-01 1.041602e-01 1.464697e-05 
9.422111e+00 8.782293e-01 1.217503e-01 2.041264e-05 
9.597990e+00 8.581314e-01 1.418402e-01 2.835385e-05 
9.773869e+00 8.353375e-01 1.646232e-01 3.923622e-05 
9.949749e+00 8.096924e-01 1.902535e-01 5.406449e-05 
1.012563e+01 7.810984e-01 2.188274e-01 7.414207e-05 
1.030151e+01 7.495351e-01 2.503637e-01 1.011388e-04 
1.047739e+01 7.150783e-01 2.847846e-01 1.371660e-04 
1.065327e+01 6.779148e-01 3.219004e-01 1.848565e-04 
1.082915e+01 6.383514e-01 3.614012e-01 2.474494e-04 
1.100503e+01 5.968133e-01 4.028578e-01 3.288758e-04 
1.118090e+01 5.538327e-01 4.457335e-01 4.338493e-04 
1.135678e+01 5.100242e-01 4.894078e-01 5.679604e-04 
1.153266e+01 4.660523e-01 5.332099e-01 7.377833e-04 
1.170854e+01 4.225912e-01 5.764578e-01 9.510022e-04 
1.188442e+01 3.802844e-01 6.184990e-01 1.216568e-03 
1.206030e+01 3.397075e-01 6.587476e-01 1.544899e-03 
1.223618e+01 3.013395e-01 6.967123e-01 1.948130e-03 
1.241206e+01 2.655453e-01 7.320142e-01 2.440436e-03 
1.258794e+01 2.325691e-01 7.643924e-01 3.038419e-03 
1.276382e+01 2.025389e-01 7.936996e-01 3.761585e-03 
1.293970e+01 1.754784e-01 8.198887e-01 4.632902e-03 
1.311558e+01 1.513250e-01 8.429956e-01 5.679458e-03 
1.329146e+01 1.299487e-01 8.631180e-01 6.933225e-03 
1.346734e+01 1.111723e-01 8.803958e-01 8.431921e-03 
1.364322e+01 9.478815e-02 8.949918e-01 1.022000e-02 
1.381910e+01 8.057407e-02 9.070762e-01 1.234978e-02 
1.399497e+01 6.830442e-02 9.168130e-01 1.488263e-02 
1.417085e+01 5.775921e-02 9.243504e-01 1.789036e-02 
1.434673e+01 4.873006e-02 9.298133e-01 2.145663e-02 
1.452261e+01 4.102398e-02 9.332975e-01 2.567848e-02 
1.469849e+01 3.446545e-02 9.348668e-01 3.066779e-02 
1.487437e+01 2.889705e-02 9.345503e-01 3.655265e-02 
1.505025e+01 2.417924e-02 9.323422e-01 4.347854e-02 
1.522613e+01 2.018953e-02 9.282015e-01 5.160898e-02 
1.540201e+01 1.682118e-02 9.220533e-01 6.112551e-02 
1.557789e+01 1.398183e-02 9.137916e-01 7.222659e-02 
1.575377e+01 1.159197e-02 9.032830e-01 8.512502e-02 
1.592965e+01 9.583455e-03 8.903730e-01 1.000435e-01 
1.610553e+01 7.898093e-03 8.748943e-01 1.172076e-01 
1.628141e+01 6.486352e-03 8.566774e-01 1.368362e-01 
1.645729e+01 5.306159e-03 8.355654e-01 1.591284e-01 
1.663317e+01 4.321830e-03 8.114305e-01 1.842477e-01 
1.680905e+01 3.503128e-03 7.841933e-01 2.123035e-01 
1.698492e+01 2.824429e-03 7.538438e-01 2.433318e-01 
1.716080e+01 2.263999e-03 7.204606e-01 2.772754e-01 
1.733668e+01 1.803365e-03 6.842285e-01 3.139682e-01 
1.751256e+01 1.426790e-03 6.454478e-01 3.531255e-01 
1.768844e+01 1.120826e-03 6.045364e-01 3.943427e-01 
1.786432e+01 8.739448e-04 5.620201e-01 4.371059e-01 
1.804020e+01 6.762488e-04 5.185108e-01 4.808129e-01 
1.821608e+01 5.192325e-04 4.746753e-01 5.248055e-01 
1.839196e+01 3.956005e-04 4.311963e-01 5.684081e-01 
1.856784e+01 2.991223e-04 3.887321e-01 6.109688e-01 
1.874372e+01 2.245133e-04 3.478781e-01 6.518974e-01 
1.891960e+01 1.673334e-04 3.091371e-01 6.906956e-01 
1.909548e+01 1.238939e-04 2.728989e-01 7.269772e-01 
1.927136e+01 9.116912e-05 2.394326e-01 7.604763e-01 
1.944724e+01 6.671080e-05 2.088887e-01 7.910445e-01 
1.962312e+01 4.856479e-05 1.813109e-01 8.186405e-01 
1.979899e+01 3.519250e-05 1.566520e-01 8.433128e-01 
1.997487e+01 2.539810e-05 1.347940e-01 8.651806e-01 
2.015075e+01 1.826347e-05 1.155676e-01 8.844142e-01 
2.032663e+01 1.309151e-05 9.877023e-02 9.012167e-01 
2.050251e+01 9.358335e-06 8.418180e-02 9.158088e-01 
2.067839e+01 6.673746e-06 7.157688e-02 9.284164e-01 
2.085427e+01 4.749483e-06 6.073413e-02 9.392611e-01 
2.103015e+01 3.374077e-06 5.144285e-02 9.485538e-01 
2.120603e+01 2.393353e-06 4.350711e-02 9.564905e-01 
2.138191e+01 1.695502e-06 3.674813e-02 9.632502e-01 
2.155779e+01 1.199812e-06 3.100514e-02 9.689937e-01 
2.173367e+01 8.482497e-07 2.613530e-02 9.738639e-01 
2.190955e+01 5.992270e-07 2.201297e-02 9.779864e-01 
2.208543e+01 4.230280e-07 1.852848e-02 9.814711e-01 
2.226131e+01 2.984709e-07 1.558677e-02 9.844129e-01 
2.243719e+01 2.104885e-07 1.310587e-02 9.868939e-01 
2.261307e+01 1.483817e-07 1.101543e-02 9.889844e-01 
2.278894e+01 1.045649e-07 9.255295e-03 9.907446e-01 
2.296482e+01 7.366609e-08 7.774197e-03 9.922257e-01 
2.314070e+01 5.188545e-08 6.528554e-03 9.934714e-01 
2.331658e+01 3.653728e-08 5.481395e-03 9.945186e-01 
2.349246e+01 2.572488e-08 4.601418e-03 9.953986e-01 
2.366834e+01 1.810960e-08 3.862164e-03 9.961378e-01 
2.384422e+01 1.274714e-08 3.241290e-03 9.967587e-01 
2.402010e+01 8.971661e-09 2.719954e-03 9.972800e-01 
2.419598e+01 6.313882e-09 2.282278e-03 9.977177e-01 
2.437186e+01 4.443135e-09 1.914895e-03 9.980851e-01 
2.454774e+01 3.126488e-09 1.606556e-03 9.983934e-01 
2.472362e+01 2.199897e-09 1.347798e-03 9.986522e-01 
2.489950e+01 1.547854e-09 1.130670e-03 9.988693e-01 
2.507538e+01 1.089036e-09 9.484873e-04 9.990515e-01 
2.525126e+01 7.661992e-10 7.956362e-04 9.992044e-01 
2.542714e+01 5.390518e-10 6.674009e-04 9.993326e-01 
2.560302e+01 3.792367e-10 5.598222e-04 9.994402e-01 
2.577889e+01 2.667981e-10 4.695760e-04 9.995304e-01 
2.595477e+01 1.876933e-10 3.938722e-04 9.996061e-01 
2.613065e+01 1.320412e-10 3.303691e-04 9.996696e-01 
2.630653e+01 9.288928e-11 2.771017e-04 9.997229e-01 
2.648241e+01 6.534586e-11 2.324209e-04 9.997676e-01 
2.665829e+01 4.596926e-11 1.949431e-04 9.998051e-01 
2.683417e+01 3.233808e-11 1.635077e-04 9.998365e-01 
2.701005e+01 2.274882e-11 1.371406e-04 9.998629e-01 
2.718593e+01 1.600300e-11 1.150250e-04 9.998850e-01 
2.736181e+01 1.125752e-11 9.647547e-05 9.999035e-01 
2.753769e+01 7.919222e-12 8.091708e-05 9.999191e-01 
2.771357e+01 5.570847e-12 6.786759e-05 9.999321e-01 
2.788945e+01 3.918854e-12 5.692247e-05 9.999431e-01 
2.806533e+01 2.756742e-12 4.774240e-05 9.999523e-01 
2.824121e+01 1.939245e-12 4.004277e-05 9.999600e-01 
2.841709e+01 1.364170e-12 3.358486e-05 9.999664e-01 
2.859296e+01 9.596304e-13 2.816841e-05 9.999718e-01 
2.876884e+01 6.750548e-13 2.362549e-05 9.999764e-01 
2.894472e+01 4.748690e-13 1.981523e-05 9.999802e-01 
2.912060e+01 3.340476e-13 1.661947e-05 9.999834e-01 
2.929648e+01 2.349863e-13 1.393910e-05 9.999861e-01 
2.947236e+01 1.653014e-13 1.169102e-05 9.999883e-01 
2.964824e+01 1.162815e-13 9.805498e-06 9.999902e-01 
2.982412e+01 8.179831e-14 8.224072e-06 9.999918e-01 
3.000000e+01 5.754108e-14 6.897696e-06 9.999931e-01 
