#E                   3            4            5            6            7            8 
-5.000000e+00 9.999974e-01 2.569057e-06 1.962180e-12 4.022735e-19 1.251527e-26 6.156538e-35 
-4.824121e+00 9.999969e-01 3.063071e-06 2.789367e-12 6.818228e-19 2.529146e-26 1.483384e-34 
-4.648241e+00 9.999963e-01 3.652079e-06 3.965265e-12 1.155638e-18 5.111018e-26 3.574132e-34 
-4.472362e+00 9.999956e-01 4.354350e-06 5.636881e-12 1.958717e-18 1.032859e-25 8.611674e-34 
-4.296482e+00 9.999948e-01 5.191662e-06 8.013189e-12 3.319875e-18 2.087250e-25 2.074935e-33 
-4.120603e+00 9.999938e-01 6.189983e-06 1.139126e-11 5.626931e-18 4.218011e-25 4.999439e-33 
-3.944724e+00 9.999926e-01 7.380272e-06 1.619341e-11 9.537212e-18 8.523953e-25 1.204587e-32 
-3.768844e+00 9.999912e-01 8.799444e-06 2.301996e-11 1.616483e-17 1.722560e-24 2.902383e-32 
-3.592965e+00 9.999895e-01 1.049151e-05 3.272432e-11 2.739812e-17 3.481026e-24 6.993124e-32 
-3.417085e+00 9.999875e-01 1.250894e-05 4.651968e-11 4.643765e-17 7.034613e-24 1.684952e-31 
-3.241206e+00 9.999851e-01 1.491430e-05 6.613062e-11 7.870813e-17 1.421586e-23 4.059792e-31 
-3.065327e+00 9.999822e-01 1.778219e-05 9.400874e-11 1.334039e-16 2.872801e-23 9.781823e-31 
-2.889447e+00 9.999788e-01 2.120152e-05 1.336391e-10 2.261088e-16 5.805477e-23 2.356870e-30 
-2.713568e+00 9.999747e-01 2.527835e-05 1.899760e-10 3.832359e-16 1.173194e-22 5.678728e-30 
-2.537688e+00 9.999699e-01 3.013909e-05 2.700621e-10 6.495527e-16 2.370837e-22 1.368252e-29 
-2.361809e+00 9.999641e-01 3.593445e-05 3.839087e-10 1.100936e-15 4.791074e-22 3.296712e-29 
-2.185930e+00 9.999572e-01 4.284415e-05 5.457476e-10 1.865991e-15 9.681969e-22 7.943195e-29 
-2.010050e+00 9.999489e-01 5.108241e-05 7.758097e-10 3.162688e-15 1.956563e-21 1.913854e-28 
-1.834171e+00 9.999391e-01 6.090467e-05 1.102853e-09 5.360465e-15 3.953880e-21 4.611284e-28 
-1.658291e+00 9.999274e-01 7.261543e-05 1.567760e-09 9.085476e-15 7.990100e-21 1.111051e-27 
-1.482412e+00 9.999134e-01 8.657775e-05 2.228643e-09 1.539898e-14 1.614656e-20 2.676981e-27 
-1.306533e+00 9.998968e-01 1.032244e-04 3.168109e-09 2.609968e-14 3.262921e-20 6.449934e-27 
-1.130653e+00 9.998769e-01 1.230715e-04 4.503586e-09 4.423610e-14 6.593738e-20 1.554046e-26 
-9.547739e-01 9.998533e-01 1.467339e-04 6.401991e-09 7.497508e-14 1.332463e-19 3.744302e-26 
-7.788945e-01 9.998250e-01 1.749451e-04 9.100593e-09 1.270735e-13 2.692631e-19 9.021441e-26 
-6.030151e-01 9.997914e-01 2.085790e-04 1.293665e-08 2.153728e-13 5.441216e-19 2.173595e-25 
-4.271357e-01 9.997513e-01 2.486776e-04 1.838957e-08 3.650259e-13 1.099543e-18 5.236949e-25 
-2.512563e-01 9.997035e-01 2.964827e-04 2.614072e-08 6.186618e-13 2.221905e-18 1.261755e-24 
-7.537688e-02 9.996465e-01 3.534744e-04 3.715863e-08 1.048525e-12 4.489877e-18 3.039956e-24 
1.005025e-01 9.995785e-01 4.214169e-04 5.281984e-08 1.777050e-12 9.072745e-18 7.324114e-24 
2.763819e-01 9.994975e-01 5.024122e-04 7.508079e-08 3.011722e-12 1.833316e-17 1.764563e-23 
4.522613e-01 9.994009e-01 5.989653e-04 1.067220e-07 5.104148e-12 3.704496e-17 4.251209e-23 
6.281407e-01 9.992858e-01 7.140606e-04 1.516948e-07 8.650149e-12 7.485364e-17 1.024188e-22 
8.040201e-01 9.991485e-01 8.512534e-04 2.156145e-07 1.465933e-11 1.512471e-16 2.467387e-22 
9.798995e-01 9.989849e-01 1.014778e-03 3.064599e-07 2.484240e-11 3.055975e-16 5.944063e-22 
1.155779e+00 9.987899e-01 1.209678e-03 4.355678e-07 4.209777e-11 6.174457e-16 1.431910e-21 
1.331658e+00 9.985574e-01 1.441957e-03 6.190441e-07 7.133593e-11 1.247474e-15 3.449308e-21 
1.507538e+00 9.982804e-01 1.718760e-03 8.797676e-07 1.208755e-10 2.520257e-15 8.308617e-21 
1.683417e+00 9.979502e-01 2.048589e-03 1.250234e-06 2.048070e-10 5.091373e-15 2.001255e-20 
1.859296e+00 9.975567e-01 2.441558e-03 1.776588e-06 3.469956e-10 1.028484e-14 4.820014e-20 
2.035176e+00 9.970878e-01 2.909687e-03 2.524350e-06 5.878548e-10 2.077433e-14 1.160811e-19 
2.211055e+00 9.965292e-01 3.467260e-03 3.586518e-06 9.958113e-10 4.195826e-14 2.795344e-19 
2.386935e+00 9.958637e-01 4.131233e-03 5.095066e-06 1.686698e-09 8.473468e-14 6.730734e-19 
2.562814e+00 9.950710e-01 4.921725e-03 7.237206e-06 2.856550e-09 1.710997e-13 1.620443e-18 
2.738693e+00 9.941271e-01 5.862579e-03 1.027840e-05 4.837044e-09 3.454386e-13 3.900668e-18 
2.914573e+00 9.930034e-01 6.982018e-03 1.459491e-05 8.189157e-09 6.972900e-13 9.387826e-18 
3.090452e+00 9.916659e-01 8.313407e-03 2.071967e-05 1.386131e-08 1.407220e-12 2.258900e-17 
3.266332e+00 9.900744e-01 9.896120e-03 2.940711e-05 2.345617e-08 2.839214e-12 5.433963e-17 
3.442211e+00 9.881817e-01 1.177653e-02 4.172421e-05 3.968043e-08 5.726654e-12 1.306781e-16 
3.618090e+00 9.859316e-01 1.400912e-02 5.917865e-05 6.710219e-08 1.154635e-11 3.141450e-16 
3.793970e+00 9.832583e-01 1.665770e-02 8.389823e-05 1.134248e-07 2.327016e-11 7.548631e-16 
3.969849e+00 9.800842e-01 1.979677e-02 1.188818e-04 1.916258e-07 4.687366e-11 1.812931e-15 
4.145729e+00 9.763184e-01 2.351288e-02 1.683490e-04 3.235433e-07 9.436063e-11 4.351376e-15 
4.321608e+00 9.718551e-01 2.790611e-02 2.382250e-04 5.458745e-07 1.898168e-10 1.043648e-14 
4.497487e+00 9.665709e-01 3.309139e-02 3.368112e-04 9.201855e-07 3.815054e-10 2.500940e-14 
4.673367e+00 9.603231e-01 3.919964e-02 4.757043e-04 1.549564e-06 7.659813e-10 5.986931e-14 
4.849246e+00 9.529478e-01 4.637856e-02 6.710513e-04 2.606222e-06 1.536044e-09 1.431440e-13 
5.025126e+00 9.442577e-01 5.479263e-02 9.452443e-04 4.377068e-06 3.075806e-09 3.417527e-13 
5.201005e+00 9.340414e-01 6.462212e-02 1.329188e-03 7.338532e-06 6.148487e-09 8.145256e-13 
5.376884e+00 9.220620e-01 7.606041e-02 1.865295e-03 1.227873e-05 1.226581e-08 1.937385e-12 
5.552764e+00 9.080589e-01 8.930916e-02 2.611369e-03 2.049547e-05 2.441090e-08 4.597135e-12 
5.728643e+00 8.917499e-01 1.045703e-01 3.645560e-03 3.411436e-05 4.844475e-08 1.087761e-11 
5.904523e+00 8.728366e-01 1.220343e-01 5.072487e-03 5.659492e-05 9.582313e-08 2.565314e-11 
6.080402e+00 8.510129e-01 1.418628e-01 7.030579e-03 9.352571e-05 1.888023e-07 6.026444e-11 
6.256281e+00 8.259788e-01 1.641666e-01 9.700424e-03 1.538559e-04 3.703172e-07 1.409325e-10 
6.432161e+00 7.974578e-01 1.889761e-01 1.331363e-02 2.517696e-04 7.225144e-07 3.278439e-10 
6.608040e+00 7.652211e-01 2.162069e-01 1.816112e-02 4.094801e-04 1.401069e-06 7.579903e-10 
6.783920e+00 7.291171e-01 2.456198e-01 2.459913e-02 6.612924e-04 2.697762e-06 1.740168e-09 
6.959799e+00 6.891050e-01 2.767802e-01 3.305026e-02 1.059332e-03 5.152591e-06 3.962750e-09 
7.135678e+00 6.452914e-01 3.090216e-01 4.399590e-02 1.681330e-03 9.750568e-06 8.940964e-09 
7.311558e+00 5.979634e-01 3.414217e-01 5.795592e-02 2.640717e-03 1.825923e-05 1.996275e-08 
7.487437e+00 5.476159e-01 3.728001e-01 7.545121e-02 4.098961e-03 3.379230e-05 4.404931e-08 
7.663317e+00 4.949628e-01 4.017500e-01 9.694593e-02 6.279435e-03 6.172314e-05 9.592964e-08 
7.839196e+00 4.409271e-01 4.267108e-01 1.227696e-01 9.481241e-03 1.111159e-04 2.059038e-07 
8.015075e+00 3.866045e-01 4.460846e-01 1.530234e-01 1.409015e-02 1.968838e-04 4.349925e-07 
8.190955e+00 3.331987e-01 4.583921e-01 1.874827e-01 2.058271e-02 3.429101e-04 9.033070e-07 
8.366834e+00 2.819329e-01 4.624480e-01 2.255124e-01 2.951856e-02 5.863493e-04 1.841599e-06 
8.542714e+00 2.339481e-01 4.575306e-01 2.660180e-01 4.151636e-02 9.832501e-04 3.682019e-06 
8.718593e+00 1.902041e-01 4.435107e-01 3.074528e-01 5.720976e-02 1.615468e-03 7.212798e-06 
8.894472e+00 1.513988e-01 4.209108e-01 3.478947e-01 7.718324e-02 2.598571e-03 1.383323e-05 
9.070352e+00 1.179203e-01 3.908766e-01 3.851952e-01 1.018919e-01 4.090106e-03 2.596013e-05 
9.246231e+00 8.983943e-02 3.550597e-01 4.171826e-01 1.315734e-01 6.297189e-03 4.765435e-05 
9.422111e+00 6.694069e-02 3.154337e-01 4.418921e-01 1.661659e-01 9.482082e-03 8.555453e-05 
9.597990e+00 4.878292e-02 2.740748e-01 4.577842e-01 2.052437e-01 1.396417e-02 1.502235e-04 
9.773869e+00 3.477577e-02 2.329494e-01 4.639130e-01 2.479871e-01 2.011675e-02 2.580264e-04 
9.949749e+00 2.425770e-02 1.937394e-01 4.600198e-01 2.931922e-01 2.835729e-02 4.336650e-04 
1.012563e+01 1.656393e-02 1.577303e-01 4.465366e-01 3.393254e-01 3.913021e-02 7.134857e-04 
1.030151e+01 1.107709e-02 1.257653e-01 4.245084e-01 3.846175e-01 5.288205e-02 1.149648e-03 
1.047739e+01 7.258777e-03 9.826120e-02 3.954494e-01 4.271861e-01 7.002930e-02 1.815181e-03 
1.065327e+01 4.663487e-03 7.526842e-02 3.611646e-01 4.651733e-01 9.092031e-02 2.809858e-03 
1.082915e+01 2.938990e-03 5.655665e-02 3.235635e-01 4.968813e-01 1.157930e-01 4.266670e-03 
1.100503e+01 1.817789e-03 4.170733e-02 2.844930e-01 5.208926e-01 1.447309e-01 6.358454e-03 
1.118090e+01 1.103936e-03 3.019925e-02 2.456059e-01 5.361655e-01 1.776214e-01 9.303988e-03 
1.135678e+01 6.585240e-04 2.147867e-02 2.082733e-01 5.420971e-01 2.141199e-01 1.337255e-02 
1.153266e+01 3.859867e-04 1.501038e-02 1.735406e-01 5.385526e-01 2.536247e-01 1.888566e-02 
1.170854e+01 2.223644e-04 1.031022e-02 1.421219e-01 5.258616e-01 2.952693e-01 2.621455e-02 
1.188442e+01 1.259353e-04 6.961995e-03 1.144222e-01 5.047822e-01 3.379359e-01 3.577189e-02 
1.206030e+01 7.012922e-05 4.622412e-03 9.057923e-02 4.764375e-01 3.802941e-01 4.799663e-02 
1.223618e+01 3.840522e-05 3.018168e-03 7.051586e-02 4.422293e-01 4.208668e-01 6.333142e-02 
1.241206e+01 2.068659e-05 1.938320e-03 5.399486e-02 4.037352e-01 4.581179e-01 8.219307e-02 
1.258794e+01 1.096143e-05 1.224580e-03 4.067220e-02 3.625979e-01 4.905569e-01 1.049375e-01 
1.276382e+01 5.714890e-06 7.612221e-04 3.014429e-02 3.204175e-01 5.168491e-01 1.318222e-01 
1.293970e+01 2.932305e-06 4.656891e-04 2.198737e-02 2.786556e-01 5.359186e-01 1.629698e-01 
1.311558e+01 1.481118e-06 2.804529e-04 1.578776e-02 2.385605e-01 5.470323e-01 1.983375e-01 
1.329146e+01 7.367005e-07 1.663201e-04 1.116321e-02 2.011177e-01 5.498551e-01 2.376969e-01 
1.346734e+01 3.609792e-07 9.716714e-05 7.775834e-03 1.670290e-01 5.444691e-01 2.806286e-01 
1.364322e+01 1.743254e-07 5.594759e-05 5.338169e-03 1.367164e-01 5.313559e-01 3.265334e-01 
1.381910e+01 8.301469e-08 3.176575e-05 3.613712e-03 1.103482e-01 5.113446e-01 3.746616e-01 
1.399497e+01 3.900545e-08 1.779561e-05 2.413742e-03 8.787921e-02 4.855320e-01 4.241572e-01 
1.417085e+01 1.809518e-08 9.843146e-06 1.591825e-03 6.909935e-02 4.551862e-01 4.741127e-01 
1.434673e+01 8.294435e-09 5.379493e-06 1.037256e-03 5.368443e-02 4.216449e-01 5.236280e-01 
1.452261e+01 3.759592e-09 2.907225e-06 6.683546e-04 4.124322e-02 3.862199e-01 5.718656e-01 
1.469849e+01 1.686498e-09 1.554918e-06 4.262056e-04 3.135799e-02 3.501174e-01 6.180969e-01 
1.487437e+01 7.493675e-10 8.237582e-07 2.692123e-04 2.361606e-02 3.143811e-01 6.617328e-01 
1.505025e+01 3.300978e-10 4.326444e-07 1.685814e-04 1.763216e-02 2.798582e-01 7.023406e-01 
1.522613e+01 1.442780e-10 2.254613e-07 1.047452e-04 1.306212e-02 2.471891e-01 7.396438e-01 
1.540201e+01 6.262198e-11 1.166761e-07 6.462902e-05 9.609270e-03 2.168152e-01 7.735108e-01 
1.557789e+01 2.701246e-11 6.000713e-08 3.963071e-05 7.025515e-03 1.889996e-01 8.039352e-01 
1.575377e+01 1.158864e-11 3.069409e-08 2.416947e-05 5.108542e-03 1.638563e-01 8.310109e-01 
1.592965e+01 4.947975e-12 1.562547e-08 1.466996e-05 3.696939e-03 1.413813e-01 8.549071e-01 
1.610553e+01 2.103865e-12 7.921493e-09 8.867197e-06 2.664299e-03 1.214832e-01 8.758437e-01 
1.628141e+01 8.913453e-13 4.001460e-09 5.340492e-06 1.913205e-03 1.040107e-01 8.940708e-01 
1.645729e+01 3.764675e-13 2.015039e-09 3.206488e-06 1.369598e-03 8.877552e-02 9.098517e-01 
1.663317e+01 1.585816e-13 1.012027e-09 1.920092e-06 9.778426e-04 7.557052e-02 9.234497e-01 
1.680905e+01 6.664831e-14 5.071215e-10 1.147163e-06 6.965554e-04 6.418338e-02 9.351189e-01 
1.698492e+01 2.795644e-14 2.536227e-10 6.840451e-07 4.952206e-04 5.440628e-02 9.450978e-01 
1.716080e+01 1.170730e-14 1.266329e-10 4.072175e-07 3.514988e-04 4.604237e-02 9.536057e-01 
1.733668e+01 4.895782e-15 6.313865e-11 2.420799e-07 2.491378e-04 3.890961e-02 9.608410e-01 
1.751256e+01 2.044895e-15 3.144328e-11 1.437390e-07 1.763758e-04 3.284277e-02 9.669807e-01 
1.768844e+01 8.532636e-16 1.564312e-11 8.526166e-08 1.247388e-04 2.769400e-02 9.721812e-01 
1.786432e+01 3.557347e-16 7.775885e-12 5.053167e-08 8.814443e-05 2.333257e-02 9.765792e-01 
1.804020e+01 1.482033e-16 3.862467e-12 2.992693e-08 6.224103e-05 1.964391e-02 9.802938e-01 
1.821608e+01 6.170590e-17 1.917420e-12 1.771324e-08 4.392341e-05 1.652839e-02 9.834277e-01 
1.839196e+01 2.567878e-17 9.513675e-13 1.047882e-08 3.098090e-05 1.389991e-02 9.860691e-01 
1.856784e+01 1.068159e-17 4.718383e-13 6.196420e-09 2.184268e-05 1.168442e-02 9.882937e-01 
1.874372e+01 4.441611e-18 2.339276e-13 3.662794e-09 1.539433e-05 9.818515e-03 9.901661e-01 
1.891960e+01 1.846348e-18 1.159412e-13 2.164474e-09 1.084637e-05 8.248075e-03 9.917411e-01 
1.909548e+01 7.673187e-19 5.744914e-14 1.278738e-09 7.640062e-06 6.927055e-03 9.930653e-01 
1.927136e+01 3.188196e-19 2.846008e-14 7.552968e-10 5.380423e-06 5.816365e-03 9.941783e-01 
1.944724e+01 1.324451e-19 1.409648e-14 4.460418e-10 3.788417e-06 4.882885e-03 9.951133e-01 
1.962312e+01 5.501250e-20 6.981030e-15 2.633709e-10 2.667065e-06 4.098601e-03 9.958987e-01 
1.979899e+01 2.284713e-20 3.456792e-15 1.554909e-10 1.877389e-06 3.439852e-03 9.965583e-01 
1.997487e+01 9.487584e-21 1.711515e-15 9.179011e-11 1.321382e-06 2.886673e-03 9.971120e-01 
2.015075e+01 3.939497e-21 8.473235e-16 5.418112e-11 9.299594e-07 2.422236e-03 9.975768e-01 
2.032663e+01 1.635661e-21 4.194549e-16 3.197919e-11 6.544356e-07 2.032370e-03 9.979670e-01 
2.050251e+01 6.790762e-22 2.076318e-16 1.887381e-11 4.605136e-07 1.705147e-03 9.982944e-01 
2.067839e+01 2.819167e-22 1.027731e-16 1.113855e-11 3.240374e-07 1.430533e-03 9.985691e-01 
2.085427e+01 1.170318e-22 5.086816e-17 6.573226e-12 2.279966e-07 1.200093e-03 9.987997e-01 
2.103015e+01 4.858147e-23 2.517656e-17 3.878933e-12 1.604152e-07 1.006735e-03 9.989931e-01 
2.120603e+01 2.016619e-23 1.246043e-17 2.288930e-12 1.128624e-07 8.445055e-04 9.991554e-01 
2.138191e+01 8.370778e-24 6.166780e-18 1.350645e-12 7.940385e-08 7.083994e-04 9.992915e-01 
2.155779e+01 3.474547e-24 3.051928e-18 7.969674e-13 5.586300e-08 5.942160e-04 9.994057e-01 
2.173367e+01 1.442190e-24 1.510366e-18 4.702533e-13 3.930058e-08 4.984281e-04 9.995015e-01 
2.190955e+01 5.986048e-25 7.474518e-19 2.774702e-13 2.764821e-08 4.180748e-04 9.995819e-01 
2.208543e+01 2.484576e-25 3.698952e-19 1.637176e-13 1.945044e-08 3.506710e-04 9.996493e-01 
2.226131e+01 1.031240e-25 1.830499e-19 9.659832e-14 1.368318e-08 2.941311e-04 9.997059e-01 
2.243719e+01 4.280189e-26 9.058499e-20 5.699540e-14 9.625887e-09 2.467051e-04 9.997533e-01 
2.261307e+01 1.776491e-26 4.482700e-20 3.362844e-14 6.771597e-09 2.069245e-04 9.997931e-01 
2.278894e+01 7.373271e-27 2.218301e-20 1.984133e-14 4.763638e-09 1.735573e-04 9.998264e-01 
2.296482e+01 3.060237e-27 1.097738e-20 1.170665e-14 3.351074e-09 1.455699e-04 9.998544e-01 
2.314070e+01 1.270130e-27 5.432192e-21 6.907049e-15 2.357367e-09 1.220952e-04 9.998779e-01 
2.331658e+01 5.271562e-28 2.688128e-21 4.075217e-15 1.658322e-09 1.024056e-04 9.998976e-01 
2.349246e+01 2.187909e-28 1.330219e-21 2.404405e-15 1.166566e-09 8.589092e-05 9.999141e-01 
2.366834e+01 9.080672e-29 6.582570e-22 1.418611e-15 8.206317e-10 7.203936e-05 9.999280e-01 
2.384422e+01 3.768823e-29 3.257367e-22 8.369854e-16 5.772799e-10 6.042149e-05 9.999396e-01 
2.402010e+01 1.564202e-29 1.611896e-22 4.938235e-16 4.060914e-10 5.067715e-05 9.999493e-01 
2.419598e+01 6.492008e-30 7.976399e-23 2.913567e-16 2.856672e-10 4.250424e-05 9.999575e-01 
2.437186e+01 2.694417e-30 3.947081e-23 1.719007e-16 2.009539e-10 3.564937e-05 9.999644e-01 
2.454774e+01 1.118279e-30 1.953191e-23 1.014214e-16 1.413618e-10 2.989998e-05 9.999701e-01 
2.472362e+01 4.641249e-31 9.665249e-24 5.983861e-17 9.944141e-11 2.507780e-05 9.999749e-01 
2.489950e+01 1.926280e-31 4.782786e-24 3.530473e-17 6.995232e-11 2.103332e-05 9.999790e-01 
2.507538e+01 7.994725e-32 2.366730e-24 2.082975e-17 4.920811e-11 1.764111e-05 9.999824e-01 
2.525126e+01 3.318085e-32 1.171160e-24 1.228952e-17 3.461553e-11 1.479598e-05 9.999852e-01 
2.542714e+01 1.377118e-32 5.795398e-25 7.250794e-18 2.435035e-11 1.240970e-05 9.999876e-01 
2.560302e+01 5.715509e-33 2.867810e-25 4.277954e-18 1.712928e-11 1.040827e-05 9.999896e-01 
2.577889e+01 2.372129e-33 1.419114e-25 2.523983e-18 1.204961e-11 8.729631e-06 9.999913e-01 
2.595477e+01 9.845136e-34 7.022376e-26 1.489144e-18 8.476307e-12 7.321719e-06 9.999927e-01 
2.613065e+01 4.086062e-34 3.474968e-26 8.785912e-19 5.962663e-12 6.140873e-06 9.999939e-01 
2.630653e+01 1.695853e-34 1.719560e-26 5.183665e-19 4.194438e-12 5.150473e-06 9.999948e-01 
2.648241e+01 7.038356e-35 8.509107e-27 3.058348e-19 2.950579e-12 4.319804e-06 9.999957e-01 
2.665829e+01 2.921153e-35 4.210663e-27 1.804417e-19 2.075586e-12 3.623105e-06 9.999964e-01 
2.683417e+01 1.212376e-35 2.083612e-27 1.064601e-19 1.460071e-12 3.038769e-06 9.999970e-01 
2.701005e+01 5.031764e-36 1.031059e-27 6.281114e-20 1.027087e-12 2.548675e-06 9.999975e-01 
2.718593e+01 2.088349e-36 5.102109e-28 3.705838e-20 7.225046e-13 2.137623e-06 9.999979e-01 
2.736181e+01 8.667345e-37 2.524736e-28 2.186433e-20 5.082459e-13 1.792866e-06 9.999982e-01 
2.753769e+01 3.597236e-37 1.249345e-28 1.289989e-20 3.575255e-13 1.503712e-06 9.999985e-01 
2.771357e+01 1.492972e-37 6.182280e-29 7.610896e-21 2.515013e-13 1.261192e-06 9.999987e-01 
2.788945e+01 6.196331e-38 3.059250e-29 4.490405e-21 1.769186e-13 1.057786e-06 9.999989e-01 
2.806533e+01 2.571683e-38 1.513844e-29 2.649325e-21 1.244534e-13 8.871855e-07 9.999991e-01 
2.824121e+01 1.067334e-38 7.491132e-30 1.563093e-21 8.754670e-14 7.440996e-07 9.999993e-01 
2.841709e+01 4.429789e-39 3.706924e-30 9.222202e-22 6.158471e-14 6.240906e-07 9.999994e-01 
2.859296e+01 1.838509e-39 1.834340e-30 5.441070e-22 4.332176e-14 5.234368e-07 9.999995e-01 
2.876884e+01 7.630423e-40 9.077080e-31 3.210214e-22 3.047468e-14 4.390165e-07 9.999996e-01 
2.894472e+01 3.166878e-40 4.491717e-31 1.894016e-22 2.143741e-14 3.682115e-07 9.999996e-01 
2.912060e+01 1.314359e-40 2.222689e-31 1.117464e-22 1.508014e-14 3.088261e-07 9.999997e-01 
2.929648e+01 5.455027e-41 1.099879e-31 6.592999e-23 1.060812e-14 2.590184e-07 9.999997e-01 
2.947236e+01 2.264017e-41 5.442658e-32 3.889849e-23 7.462283e-15 2.172437e-07 9.999998e-01 
2.964824e+01 9.396420e-42 2.693254e-32 2.294998e-23 5.249341e-15 1.822064e-07 9.999998e-01 
2.982412e+01 3.899825e-42 1.332734e-32 1.354042e-23 3.692648e-15 1.528200e-07 9.999998e-01 
3.000000e+01 1.618557e-42 6.594922e-33 7.988802e-24 2.597593e-15 1.281731e-07 9.999999e-01 
