#E                   4            5            6            7            8 
-5.000000e+00 9.999985e-01 1.545705e-06 7.121554e-13 1.033415e-19 7.546186e-27 
-4.824121e+00 9.999982e-01 1.842935e-06 1.012375e-12 1.751560e-19 1.524970e-26 
-4.648241e+00 9.999978e-01 2.197320e-06 1.439157e-12 2.968760e-19 3.081732e-26 
-4.472362e+00 9.999974e-01 2.619851e-06 2.045856e-12 5.031823e-19 6.227711e-26 
-4.296482e+00 9.999969e-01 3.123632e-06 2.908317e-12 8.528555e-19 1.258526e-25 
-4.120603e+00 9.999963e-01 3.724286e-06 4.134360e-12 1.445525e-18 2.543288e-25 
-3.944724e+00 9.999956e-01 4.440441e-06 5.877260e-12 2.450054e-18 5.139597e-25 
-3.768844e+00 9.999947e-01 5.294308e-06 8.354904e-12 4.152652e-18 1.038634e-24 
-3.592965e+00 9.999937e-01 6.312367e-06 1.187703e-11 7.038425e-18 2.098920e-24 
-3.417085e+00 9.999925e-01 7.526190e-06 1.688396e-11 1.192958e-17 4.241594e-24 
-3.241206e+00 9.999910e-01 8.973420e-06 2.400162e-11 2.021972e-17 8.571608e-24 
-3.065327e+00 9.999893e-01 1.069894e-05 3.411982e-11 3.427083e-17 1.732189e-23 
-2.889447e+00 9.999872e-01 1.275626e-05 4.850346e-11 5.808635e-17 3.500486e-23 
-2.713568e+00 9.999848e-01 1.520917e-05 6.895068e-11 9.845174e-17 7.073935e-23 
-2.537688e+00 9.999819e-01 1.813376e-05 9.801763e-11 1.668678e-16 1.429531e-22 
-2.361809e+00 9.999784e-01 2.162070e-05 1.393380e-10 2.828273e-16 2.888856e-22 
-2.185930e+00 9.999742e-01 2.577813e-05 1.980773e-10 4.793689e-16 5.837916e-22 
-2.010050e+00 9.999693e-01 3.073496e-05 2.815785e-10 8.124901e-16 1.179749e-21 
-1.834171e+00 9.999634e-01 3.664490e-05 4.002799e-10 1.377101e-15 2.384080e-21 
-1.658291e+00 9.999563e-01 4.369120e-05 5.690201e-10 2.334066e-15 4.817830e-21 
-1.482412e+00 9.999479e-01 5.209233e-05 8.088926e-10 3.956033e-15 9.736025e-21 
-1.306533e+00 9.999379e-01 6.210876e-05 1.149882e-09 6.705109e-15 1.967484e-20 
-1.130653e+00 9.999259e-01 7.405104e-05 1.634614e-09 1.136452e-14 3.975939e-20 
-9.547739e-01 9.999117e-01 8.828937e-05 2.323677e-09 1.926173e-14 8.034657e-20 
-7.788945e-01 9.998947e-01 1.052651e-04 3.303204e-09 3.264662e-14 1.623655e-19 
-6.030151e-01 9.998745e-01 1.255045e-04 4.695626e-09 5.533243e-14 3.281095e-19 
-4.271357e-01 9.998504e-01 1.496346e-04 6.674979e-09 9.378203e-14 6.630437e-19 
-2.512563e-01 9.998216e-01 1.784034e-04 9.488648e-09 1.589489e-13 1.339872e-18 
-7.537688e-02 9.997873e-01 2.127020e-04 1.348827e-08 2.693971e-13 2.707587e-18 
1.005025e-01 9.997464e-01 2.535930e-04 1.917368e-08 4.565891e-13 5.471399e-18 
2.763819e-01 9.996976e-01 3.023428e-04 2.725531e-08 7.738463e-13 1.105633e-17 
4.522613e-01 9.996395e-01 3.604606e-04 3.874296e-08 1.311535e-12 2.234187e-17 
6.281407e-01 9.995702e-01 4.297453e-04 5.507185e-08 2.222798e-12 4.514641e-17 
8.040201e-01 9.994876e-01 5.123405e-04 7.828177e-08 3.767164e-12 9.122653e-17 
9.798995e-01 9.993891e-01 6.108004e-04 1.112717e-07 6.384429e-12 1.843369e-16 
1.155779e+00 9.992717e-01 7.281683e-04 1.581614e-07 1.081985e-11 3.724731e-16 
1.331658e+00 9.991317e-01 8.680692e-04 2.248054e-07 1.833627e-11 7.526064e-16 
1.507538e+00 9.989649e-01 1.034821e-03 3.195222e-07 3.107340e-11 1.520650e-15 
1.683417e+00 9.987660e-01 1.233566e-03 4.541314e-07 5.265658e-11 3.072391e-15 
1.859296e+00 9.985289e-01 1.470424e-03 6.454243e-07 8.922774e-11 6.207365e-15 
2.035176e+00 9.982464e-01 1.752682e-03 9.172533e-07 1.511915e-10 1.254060e-14 
2.211055e+00 9.979097e-01 2.089008e-03 1.303496e-06 2.561717e-10 2.533410e-14 
2.386935e+00 9.975084e-01 2.489711e-03 1.852260e-06 4.340171e-10 5.117580e-14 
2.562814e+00 9.970303e-01 2.967045e-03 2.631847e-06 7.352737e-10 1.033690e-13 
2.738693e+00 9.964607e-01 3.535570e-03 3.739206e-06 1.245521e-09 2.087737e-13 
2.914573e+00 9.957821e-01 4.212569e-03 5.311906e-06 2.109627e-09 4.216128e-13 
3.090452e+00 9.949739e-01 5.018545e-03 7.545094e-06 3.572756e-09 8.513241e-13 
3.266332e+00 9.940115e-01 5.977795e-03 1.071547e-05 6.049695e-09 1.718733e-12 
3.442211e+00 9.928657e-01 7.119075e-03 1.521519e-05 1.024196e-08 3.469296e-12 
3.618090e+00 9.915020e-01 8.476374e-03 2.159968e-05 1.733550e-08 7.001293e-12 
3.793970e+00 9.898795e-01 1.008979e-02 3.065511e-05 2.933428e-08 1.412540e-11 
3.969849e+00 9.879499e-01 1.200655e-02 4.349331e-05 4.962247e-08 2.848966e-11 
4.145729e+00 9.856561e-01 1.428211e-02 6.168503e-05 8.391107e-08 5.743961e-11 
4.321608e+00 9.829310e-01 1.698139e-02 8.744688e-05 1.418297e-07 1.157558e-10 
4.497487e+00 9.796957e-01 2.018018e-02 1.239023e-04 2.395994e-07 2.331551e-10 
4.673367e+00 9.758577e-01 2.396645e-02 1.754452e-04 4.045120e-07 4.693253e-10 
4.849246e+00 9.713092e-01 2.844187e-02 2.482444e-04 6.824216e-07 9.440148e-10 
5.025126e+00 9.659248e-01 3.372310e-02 3.509395e-04 1.150241e-06 1.897136e-09 
5.201005e+00 9.595596e-01 3.994289e-02 4.955960e-04 1.936725e-06 3.808561e-09 
5.376884e+00 9.520469e-01 4.725082e-02 6.990063e-04 3.256902e-06 7.636267e-09 
5.552764e+00 9.431969e-01 5.581319e-02 9.844462e-04 5.468888e-06 1.528829e-08 
5.728643e+00 9.327949e-01 6.581185e-02 1.384021e-03 9.167126e-06 3.055459e-08 
5.904523e+00 9.206015e-01 7.744137e-02 1.941758e-03 1.533448e-05 6.093907e-08 
6.080402e+00 9.063529e-01 9.090382e-02 2.717613e-03 2.558851e-05 1.212426e-07 
6.256281e+00 8.897642e-01 1.064004e-01 3.792558e-03 4.257680e-05 2.405286e-07 
6.432161e+00 8.705351e-01 1.241189e-01 5.274854e-03 7.060489e-05 4.755672e-07 
6.608040e+00 8.483585e-01 1.442164e-01 7.307528e-03 1.166214e-04 9.365669e-07 
6.783920e+00 8.229343e-01 1.667953e-01 1.007681e-02 1.917407e-04 1.835939e-06 
6.959799e+00 7.939880e-01 1.918739e-01 1.382098e-02 3.135548e-04 3.579653e-06 
7.135678e+00 7.612947e-01 2.193504e-01 1.883842e-02 5.095686e-04 6.936072e-06 
7.311558e+00 7.247095e-01 2.489619e-01 2.549310e-02 8.221748e-04 1.334316e-05 
7.487437e+00 6.842007e-01 2.802438e-01 3.421441e-02 1.315631e-03 2.545728e-05 
7.663317e+00 6.398866e-01 3.124920e-01 4.548785e-02 2.085470e-03 4.811331e-05 
7.839196e+00 5.920683e-01 3.447395e-01 5.983167e-02 3.270567e-03 8.996380e-05 
8.015075e+00 5.412557e-01 3.757554e-01 7.775507e-02 5.067621e-03 1.662005e-04 
8.190955e+00 4.881782e-01 4.040774e-01 9.969457e-02 7.746943e-03 3.029298e-04 
8.366834e+00 4.337733e-01 4.280874e-01 1.259282e-01 1.166716e-02 5.439516e-04 
8.542714e+00 3.791496e-01 4.461324e-01 1.564724e-01 1.728476e-02 9.608197e-04 
8.718593e+00 3.255217e-01 4.566848e-01 1.909738e-01 2.515261e-02 1.667036e-03 
8.894472e+00 2.741220e-01 4.585259e-01 2.286150e-01 3.590023e-02 2.836891e-03 
9.070352e+00 2.261001e-01 4.509249e-01 2.680578e-01 5.018854e-02 4.728609e-03 
9.246231e+00 1.824243e-01 4.337802e-01 3.074520e-01 6.863361e-02 7.709908e-03 
9.422111e+00 1.438008e-01 4.076915e-01 3.445266e-01 9.169925e-02 1.228179e-02 
9.597990e+00 1.106246e-01 3.739431e-01 3.767732e-01 1.195657e-01 1.909351e-02 
9.773869e+00 8.296911e-02 3.343904e-01 4.017092e-01 1.519923e-01 2.893905e-02 
9.949749e+00 6.061388e-02 2.912681e-01 4.171904e-01 1.882035e-01 4.272419e-02 
1.012563e+01 4.310215e-02 2.469466e-01 4.217237e-01 2.268323e-01 6.139520e-02 
1.030151e+01 2.981657e-02 2.036786e-01 4.147187e-01 2.659585e-01 8.582760e-02 
1.047739e+01 2.005911e-02 1.633739e-01 3.966199e-01 3.032622e-01 1.166849e-01 
1.065327e+01 1.312357e-02 1.274403e-01 3.688773e-01 3.362862e-01 1.542727e-01 
1.082915e+01 8.352608e-03 9.670749e-02 3.337481e-01 3.627684e-01 1.984234e-01 
1.100503e+01 5.175259e-03 7.144199e-02 2.939650e-01 3.809691e-01 2.484486e-01 
1.118090e+01 3.125087e-03 5.143598e-02 2.523438e-01 3.899152e-01 3.031799e-01 
1.135678e+01 1.841826e-03 3.614407e-02 2.114200e-01 3.894996e-01 3.610945e-01 
1.153266e+01 1.061343e-03 2.483291e-02 1.731889e-01 3.804210e-01 4.204958e-01 
1.170854e+01 5.991508e-04 1.671442e-02 1.389848e-01 3.639948e-01 4.797068e-01 
1.188442e+01 3.320384e-04 1.104402e-02 1.094930e-01 3.418989e-01 5.372320e-01 
1.206030e+01 1.810155e-04 7.178572e-03 8.485568e-02 3.159189e-01 5.918658e-01 
1.223618e+01 9.727323e-05 4.599376e-03 6.482242e-02 2.877421e-01 6.427388e-01 
1.241206e+01 5.162274e-05 2.910249e-03 4.890350e-02 2.588222e-01 6.893124e-01 
1.258794e+01 2.710252e-05 1.821722e-03 3.649853e-02 2.303141e-01 7.313385e-01 
1.276382e+01 1.409847e-05 1.129868e-03 2.699010e-02 2.030641e-01 7.688019e-01 
1.293970e+01 7.276477e-06 6.952814e-04 1.980253e-02 1.776367e-01 8.018582e-01 
1.311558e+01 3.730567e-06 4.250086e-04 1.443249e-02 1.543607e-01 8.307781e-01 
1.329146e+01 1.901862e-06 2.583363e-04 1.045954e-02 1.333802e-01 8.559000e-01 
1.346734e+01 9.649750e-07 1.562809e-04 7.544254e-03 1.147040e-01 8.775945e-01 
1.364322e+01 4.876536e-07 9.416395e-05 5.419742e-03 9.824817e-02 8.962374e-01 
1.381910e+01 2.456074e-07 5.654550e-05 3.880391e-03 8.386963e-02 9.121932e-01 
1.399497e+01 1.233501e-07 3.385942e-05 2.770386e-03 7.139258e-02 9.258031e-01 
1.417085e+01 6.180198e-08 2.022674e-05 1.973196e-03 6.062705e-02 9.373795e-01 
1.434673e+01 3.090270e-08 1.205878e-05 1.402591e-03 5.138197e-02 9.472033e-01 
1.452261e+01 1.542627e-08 7.177139e-06 9.953196e-04 4.347361e-02 9.555239e-01 
1.469849e+01 7.689768e-09 4.265669e-06 7.053129e-04 3.673063e-02 9.625598e-01 
1.487437e+01 3.828706e-09 2.532266e-06 4.992148e-04 3.099684e-02 9.685014e-01 
1.505025e+01 1.904407e-09 1.501760e-06 3.529898e-04 2.613218e-02 9.735133e-01 
1.522613e+01 9.464686e-10 8.898780e-07 2.493880e-04 2.201265e-02 9.777371e-01 
1.540201e+01 4.700557e-10 5.269351e-07 1.760701e-04 1.852959e-02 9.812938e-01 
1.557789e+01 2.333126e-10 3.118383e-07 1.242342e-04 1.558853e-02 9.842869e-01 
1.575377e+01 1.157481e-10 1.844541e-07 8.761607e-05 1.310784e-02 9.868044e-01 
1.592965e+01 5.739980e-11 1.090607e-07 6.176569e-05 1.101737e-02 9.889208e-01 
1.610553e+01 2.845489e-11 6.446122e-08 4.352720e-05 9.257099e-03 9.906993e-01 
1.628141e+01 1.410190e-11 3.808927e-08 3.066538e-05 7.775816e-03 9.921935e-01 
1.645729e+01 6.987033e-12 2.250097e-08 2.159884e-05 6.529974e-03 9.934484e-01 
1.663317e+01 3.461142e-12 1.328958e-08 1.520981e-05 5.482623e-03 9.945022e-01 
1.680905e+01 1.714240e-12 7.847785e-09 1.070886e-05 4.602472e-03 9.953868e-01 
1.698492e+01 8.489103e-13 4.633622e-09 7.538764e-06 3.863061e-03 9.961294e-01 
1.716080e+01 4.203390e-13 2.735533e-09 5.306460e-06 3.242050e-03 9.967526e-01 
1.733668e+01 2.081103e-13 1.614802e-09 3.734787e-06 2.720596e-03 9.972757e-01 
1.751256e+01 1.030270e-13 9.531475e-10 2.628391e-06 2.282820e-03 9.977146e-01 
1.768844e+01 5.100085e-14 5.625615e-10 1.849623e-06 1.915352e-03 9.980828e-01 
1.786432e+01 2.524515e-14 3.320122e-10 1.301520e-06 1.606939e-03 9.983918e-01 
1.804020e+01 1.249559e-14 1.959370e-10 9.157916e-07 1.348121e-03 9.986510e-01 
1.821608e+01 6.184686e-15 1.156274e-10 6.443537e-07 1.130941e-03 9.988684e-01 
1.839196e+01 3.060999e-15 6.823224e-11 4.533532e-07 9.487150e-04 9.990508e-01 
1.856784e+01 1.514942e-15 4.026297e-11 3.189601e-07 7.958273e-04 9.992039e-01 
1.874372e+01 7.497524e-16 2.375807e-11 2.244012e-07 6.675613e-04 9.993322e-01 
1.891960e+01 3.710486e-16 1.401870e-11 1.578720e-07 5.599568e-04 9.994399e-01 
1.909548e+01 1.836269e-16 8.271733e-12 1.110651e-07 4.696889e-04 9.995302e-01 
1.927136e+01 9.087311e-17 4.880666e-12 7.813461e-08 3.939669e-04 9.996060e-01 
1.944724e+01 4.497065e-17 2.879760e-12 5.496727e-08 3.304486e-04 9.996695e-01 
1.962312e+01 2.225454e-17 1.699140e-12 3.866878e-08 2.771683e-04 9.997228e-01 
1.979899e+01 1.101296e-17 1.002532e-12 2.720276e-08 2.324768e-04 9.997675e-01 
1.997487e+01 5.449876e-18 5.915128e-13 1.913649e-08 1.949900e-04 9.998050e-01 
2.015075e+01 2.696910e-18 3.490016e-13 1.346198e-08 1.635470e-04 9.998364e-01 
2.032663e+01 1.334579e-18 2.059153e-13 9.470080e-09 1.371736e-04 9.998628e-01 
2.050251e+01 6.604196e-19 1.214920e-13 6.661873e-09 1.150527e-04 9.998849e-01 
2.067839e+01 3.268091e-19 7.168124e-14 4.686380e-09 9.649868e-05 9.999035e-01 
2.085427e+01 1.617213e-19 4.229236e-14 3.296684e-09 8.093655e-05 9.999191e-01 
2.103015e+01 8.002746e-20 2.495268e-14 2.319082e-09 6.788392e-05 9.999321e-01 
2.120603e+01 3.960135e-20 1.472216e-14 1.631376e-09 5.693617e-05 9.999431e-01 
2.138191e+01 1.959657e-20 8.686109e-15 1.147601e-09 4.775389e-05 9.999522e-01 
2.155779e+01 9.697274e-21 5.124816e-15 8.072861e-10 4.005241e-05 9.999599e-01 
2.173367e+01 4.798646e-21 3.023644e-15 5.678889e-10 3.359294e-05 9.999664e-01 
2.190955e+01 2.374582e-21 1.783950e-15 3.994835e-10 2.817519e-05 9.999718e-01 
2.208543e+01 1.175047e-21 1.052530e-15 2.810179e-10 2.363118e-05 9.999764e-01 
2.226131e+01 5.814646e-22 6.209914e-16 1.976827e-10 1.982000e-05 9.999802e-01 
2.243719e+01 2.877338e-22 3.663841e-16 1.390603e-10 1.662347e-05 9.999834e-01 
2.261307e+01 1.423830e-22 2.161660e-16 9.782220e-11 1.394246e-05 9.999861e-01 
2.278894e+01 7.045720e-23 1.275376e-16 6.881316e-11 1.169383e-05 9.999883e-01 
2.296482e+01 3.486522e-23 7.524689e-17 4.840669e-11 9.807858e-06 9.999902e-01 
2.314070e+01 1.725279e-23 4.439549e-17 3.405173e-11 8.226051e-06 9.999918e-01 
2.331658e+01 8.537408e-24 2.619323e-17 2.395371e-11 6.899356e-06 9.999931e-01 
2.349246e+01 4.224669e-24 1.545394e-17 1.685025e-11 5.786628e-06 9.999942e-01 
2.366834e+01 2.090544e-24 9.117783e-18 1.185332e-11 4.853360e-06 9.999951e-01 
2.384422e+01 1.034489e-24 5.379467e-18 8.338221e-12 4.070609e-06 9.999959e-01 
2.402010e+01 5.119085e-25 3.173870e-18 5.865523e-12 3.414100e-06 9.999966e-01 
2.419598e+01 2.533137e-25 1.872574e-18 4.126103e-12 2.863473e-06 9.999971e-01 
2.437186e+01 1.253502e-25 1.104813e-18 2.902508e-12 2.401650e-06 9.999976e-01 
2.454774e+01 6.202853e-26 6.518366e-19 2.041769e-12 2.014311e-06 9.999980e-01 
2.472362e+01 3.069431e-26 3.845816e-19 1.436283e-12 1.689442e-06 9.999983e-01 
2.489950e+01 1.518882e-26 2.269020e-19 1.010353e-12 1.416967e-06 9.999986e-01 
2.507538e+01 7.516063e-27 1.338715e-19 7.107327e-13 1.188438e-06 9.999988e-01 
2.525126e+01 3.719262e-27 7.898375e-20 4.999649e-13 9.967658e-07 9.999990e-01 
2.542714e+01 1.840446e-27 4.660017e-20 3.517002e-13 8.360067e-07 9.999992e-01 
2.560302e+01 9.107291e-28 2.749395e-20 2.474035e-13 7.011749e-07 9.999993e-01 
2.577889e+01 4.506667e-28 1.622135e-20 1.740359e-13 5.880889e-07 9.999994e-01 
2.595477e+01 2.230086e-28 9.570542e-21 1.224256e-13 4.932414e-07 9.999995e-01 
2.613065e+01 1.103540e-28 5.646590e-21 8.612024e-14 4.136911e-07 9.999996e-01 
2.630653e+01 5.460773e-29 3.331470e-21 6.058127e-14 3.469706e-07 9.999997e-01 
2.648241e+01 2.702218e-29 1.965557e-21 4.261588e-14 2.910109e-07 9.999997e-01 
2.665829e+01 1.337170e-29 1.159672e-21 2.997813e-14 2.440764e-07 9.999998e-01 
2.683417e+01 6.616873e-30 6.842029e-22 2.108811e-14 2.047116e-07 9.999998e-01 
2.701005e+01 3.274304e-30 4.036775e-22 1.483443e-14 1.716955e-07 9.999998e-01 
2.718593e+01 1.620262e-30 2.381684e-22 1.043528e-14 1.440043e-07 9.999999e-01 
2.736181e+01 8.017730e-31 1.405186e-22 7.340692e-15 1.207792e-07 9.999999e-01 
2.753769e+01 3.967506e-31 8.290554e-23 5.163809e-15 1.012998e-07 9.999999e-01 
2.771357e+01 1.963287e-31 4.891400e-23 3.632480e-15 8.496209e-08 9.999999e-01 
2.788945e+01 9.715161e-32 2.885910e-23 2.555267e-15 7.125933e-08 9.999999e-01 
2.806533e+01 4.807466e-32 1.702678e-23 1.797502e-15 5.976657e-08 9.999999e-01 
2.824121e+01 2.378934e-32 1.004574e-23 1.264453e-15 5.012736e-08 9.999999e-01 
2.841709e+01 1.177196e-32 5.926957e-24 8.894789e-16 4.204278e-08 1.000000e+00 
2.859296e+01 5.825253e-33 3.496886e-24 6.257037e-16 3.526208e-08 1.000000e+00 
2.876884e+01 2.882578e-33 2.063151e-24 4.401512e-16 2.957498e-08 1.000000e+00 
2.894472e+01 1.426419e-33 1.217253e-24 3.096242e-16 2.480510e-08 1.000000e+00 
2.912060e+01 7.058516e-34 7.181751e-25 2.178051e-16 2.080452e-08 1.000000e+00 
2.929648e+01 3.492847e-34 4.237210e-25 1.532149e-16 1.744915e-08 1.000000e+00 
2.947236e+01 1.728406e-34 2.499940e-25 1.077790e-16 1.463493e-08 1.000000e+00 
2.964824e+01 8.552872e-35 1.474957e-25 7.581713e-17 1.227460e-08 1.000000e+00 
2.982412e+01 4.232317e-35 8.702198e-26 5.333354e-17 1.029494e-08 1.000000e+00 
3.000000e+01 2.094326e-35 5.134269e-26 3.751747e-17 8.634563e-09 1.000000e+00 
