#E                   3            4            5            6            7            8 
-5.000000e+00 1.000000e+00 4.632339e-09 7.212208e-18 2.561517e-27 1.568020e-41 7.619958e-57 
-4.824121e+00 1.000000e+00 5.523111e-09 1.025263e-17 4.341578e-27 3.168731e-41 1.835988e-56 
-4.648241e+00 1.000000e+00 6.585173e-09 1.457478e-17 7.358647e-27 6.403526e-41 4.423715e-56 
-4.472362e+00 1.000000e+00 7.851464e-09 2.071901e-17 1.247235e-26 1.294056e-40 1.065870e-55 
-4.296482e+00 1.000000e+00 9.361255e-09 2.945343e-17 2.113969e-26 2.615091e-40 2.568157e-55 
-4.120603e+00 1.000000e+00 1.116137e-08 4.186998e-17 3.583018e-26 5.284703e-40 6.187837e-55 
-3.944724e+00 1.000000e+00 1.330764e-08 5.952092e-17 6.072946e-26 1.067959e-39 1.490926e-54 
-3.768844e+00 1.000000e+00 1.586662e-08 8.461290e-17 1.029318e-25 2.158183e-39 3.592307e-54 
-3.592965e+00 1.000000e+00 1.891768e-08 1.202828e-16 1.744617e-25 4.361361e-39 8.655470e-54 
-3.417085e+00 1.000000e+00 2.255544e-08 1.709899e-16 2.956994e-25 8.813650e-39 2.085489e-53 
-3.241206e+00 1.000000e+00 2.689272e-08 2.430733e-16 5.011882e-25 1.781105e-38 5.024874e-53 
-3.065327e+00 1.000000e+00 3.206404e-08 3.455447e-16 8.494761e-25 3.599345e-38 1.210716e-52 
-2.889447e+00 1.000000e+00 3.822977e-08 4.912144e-16 1.439798e-24 7.273731e-38 2.917156e-52 
-2.713568e+00 1.000000e+00 4.558114e-08 6.982935e-16 2.440349e-24 1.469911e-37 7.028731e-52 
-2.537688e+00 9.999999e-01 5.434613e-08 9.926700e-16 4.136207e-24 2.970468e-37 1.693535e-51 
-2.361809e+00 9.999999e-01 6.479657e-08 1.411145e-15 7.010558e-24 6.002866e-37 4.080482e-51 
-2.185930e+00 9.999999e-01 7.725658e-08 2.006036e-15 1.188237e-23 1.213088e-36 9.831702e-51 
-2.010050e+00 9.999999e-01 9.211258e-08 2.851711e-15 2.013971e-23 2.451468e-36 2.368896e-50 
-1.834171e+00 9.999999e-01 1.098253e-07 4.053895e-15 3.413529e-23 4.954046e-36 5.707727e-50 
-1.658291e+00 9.999999e-01 1.309441e-07 5.762877e-15 5.785674e-23 1.001138e-35 1.375246e-49 
-1.482412e+00 9.999998e-01 1.561239e-07 8.192308e-15 9.806280e-23 2.023148e-35 3.313582e-49 
-1.306533e+00 9.999998e-01 1.861456e-07 1.164590e-14 1.662090e-22 4.088476e-35 7.983897e-49 
-1.130653e+00 9.999998e-01 2.219403e-07 1.655541e-14 2.817118e-22 8.262191e-35 1.923677e-48 
-9.547739e-01 9.999997e-01 2.646181e-07 2.353461e-14 4.774801e-22 1.669664e-34 4.634997e-48 
-7.788945e-01 9.999997e-01 3.155026e-07 3.345598e-14 8.092928e-22 3.374138e-34 1.116777e-47 
-6.030151e-01 9.999996e-01 3.761720e-07 4.755987e-14 1.371690e-21 6.818621e-34 2.690815e-47 
-4.271357e-01 9.999996e-01 4.485076e-07 6.760947e-14 2.324911e-21 1.377940e-33 6.483375e-47 
-2.512563e-01 9.999995e-01 5.347530e-07 9.611129e-14 3.940548e-21 2.784608e-33 1.562134e-46 
-7.537688e-02 9.999994e-01 6.375829e-07 1.366285e-13 6.678931e-21 5.627271e-33 3.763878e-46 
1.005025e-01 9.999992e-01 7.601863e-07 1.942263e-13 1.132028e-20 1.137186e-32 9.068861e-46 
2.763819e-01 9.999991e-01 9.063657e-07 2.761054e-13 1.918702e-20 2.298081e-32 2.185093e-45 
4.522613e-01 9.999989e-01 1.080654e-06 3.925019e-13 3.252054e-20 4.644074e-32 5.264864e-45 
6.281407e-01 9.999987e-01 1.288458e-06 5.579671e-13 5.511986e-20 9.384968e-32 1.268540e-44 
8.040201e-01 9.999985e-01 1.536220e-06 7.931866e-13 9.342397e-20 1.896560e-31 3.056479e-44 
9.798995e-01 9.999982e-01 1.831626e-06 1.127567e-12 1.583465e-19 3.832659e-31 7.364420e-44 
1.155779e+00 9.999978e-01 2.183837e-06 1.602909e-12 2.683853e-19 7.745221e-31 1.774417e-43 
1.331658e+00 9.999974e-01 2.603775e-06 2.278640e-12 4.548926e-19 1.565191e-30 4.275361e-43 
1.507538e+00 9.999969e-01 3.104464e-06 3.239234e-12 7.710083e-19 3.163014e-30 1.030125e-42 
1.683417e+00 9.999963e-01 3.701433e-06 4.604781e-12 1.306800e-18 6.391968e-30 2.482029e-42 
1.859296e+00 9.999956e-01 4.413194e-06 6.545993e-12 2.214926e-18 1.291719e-29 5.980311e-42 
2.035176e+00 9.999947e-01 5.261821e-06 9.305551e-12 3.754129e-18 2.610367e-29 1.440923e-41 
2.211055e+00 9.999937e-01 6.273633e-06 1.322844e-11 6.362959e-18 5.275151e-29 3.471822e-41 
2.386935e+00 9.999925e-01 7.480007e-06 1.880507e-11 1.078472e-17 1.066027e-28 8.365159e-41 
2.562814e+00 9.999911e-01 8.918357e-06 2.673260e-11 1.827926e-17 2.154276e-28 2.015537e-40 
2.738693e+00 9.999894e-01 1.063329e-05 3.800208e-11 3.098192e-17 4.353459e-28 4.856320e-40 
2.914573e+00 9.999873e-01 1.267798e-05 5.402234e-11 5.251190e-17 8.797664e-28 1.170102e-39 
3.090452e+00 9.999849e-01 1.511585e-05 7.679611e-11 8.900349e-17 1.777870e-27 2.819291e-39 
3.266332e+00 9.999820e-01 1.802249e-05 1.091704e-10 1.508538e-16 3.592797e-27 6.792911e-39 
3.442211e+00 9.999785e-01 2.148803e-05 1.551923e-10 2.556848e-16 7.260473e-27 1.636710e-38 
3.618090e+00 9.999744e-01 2.561995e-05 2.206152e-10 4.333647e-16 1.467226e-26 3.943548e-38 
3.793970e+00 9.999695e-01 3.054637e-05 3.136174e-10 7.345168e-16 2.965027e-26 9.501720e-38 
3.969849e+00 9.999636e-01 3.642005e-05 4.458251e-10 1.244943e-15 5.991835e-26 2.289375e-37 
4.145729e+00 9.999566e-01 4.342311e-05 6.337652e-10 2.110070e-15 1.210851e-25 5.516088e-37 
4.321608e+00 9.999482e-01 5.177269e-05 9.009312e-10 3.576379e-15 2.446926e-25 1.329061e-36 
4.497487e+00 9.999383e-01 6.172767e-05 1.280720e-09 6.061633e-15 4.944818e-25 3.202268e-36 
4.673367e+00 9.999264e-01 7.359667e-05 1.820606e-09 1.027389e-14 9.992610e-25 7.715602e-36 
4.849246e+00 9.999122e-01 8.774765e-05 2.588074e-09 1.741322e-14 2.019327e-24 1.859007e-35 
5.025126e+00 9.998954e-01 1.046192e-04 3.679055e-09 2.951359e-14 4.080685e-24 4.479101e-35 
5.201005e+00 9.998753e-01 1.247344e-04 5.229913e-09 5.002230e-14 8.246282e-24 1.079194e-34 
5.376884e+00 9.998513e-01 1.487166e-04 7.434486e-09 8.478199e-14 1.666409e-23 2.600197e-34 
5.552764e+00 9.998227e-01 1.773088e-04 1.056831e-08 1.436950e-13 3.367464e-23 6.264856e-34 
5.728643e+00 9.997886e-01 2.113971e-04 1.502303e-08 2.435438e-13 6.804903e-23 1.509432e-33 
5.904523e+00 9.997479e-01 2.520373e-04 2.135535e-08 4.127716e-13 1.375112e-22 3.636747e-33 
6.080402e+00 9.996995e-01 3.004881e-04 3.035656e-08 6.995827e-13 2.778759e-22 8.762122e-33 
6.256281e+00 9.996417e-01 3.582495e-04 4.315135e-08 1.185671e-12 5.615126e-22 2.111064e-32 
6.432161e+00 9.995728e-01 4.271094e-04 6.133825e-08 2.009485e-12 1.134654e-21 5.086146e-32 
6.608040e+00 9.994907e-01 5.091982e-04 8.718919e-08 3.405646e-12 2.292776e-21 1.225379e-31 
6.783920e+00 9.993928e-01 6.070546e-04 1.239330e-07 5.771747e-12 4.632899e-21 2.952195e-31 
6.959799e+00 9.992761e-01 7.237032e-04 1.761583e-07 9.781533e-12 9.361295e-21 7.112326e-31 
7.135678e+00 9.991370e-01 8.627471e-04 2.503858e-07 1.657665e-11 1.891513e-20 1.713438e-30 
7.311558e+00 9.989712e-01 1.028478e-03 3.558807e-07 2.809151e-11 3.821826e-20 4.127752e-30 
7.487437e+00 9.987735e-01 1.226005e-03 5.058076e-07 4.760356e-11 7.721805e-20 9.943629e-30 
7.663317e+00 9.985379e-01 1.461414e-03 7.188691e-07 8.066541e-11 1.560092e-19 2.395299e-29 
7.839196e+00 9.982570e-01 1.741946e-03 1.021632e-06 1.366833e-10 3.151823e-19 5.769721e-29 
8.015075e+00 9.979223e-01 2.076216e-03 1.451830e-06 2.315902e-10 6.367222e-19 1.389717e-28 
8.190955e+00 9.975235e-01 2.474471e-03 2.063047e-06 3.923711e-10 1.286205e-18 3.347111e-28 
8.366834e+00 9.970482e-01 2.948891e-03 2.931359e-06 6.647225e-10 2.597987e-18 8.060841e-28 
8.542714e+00 9.964819e-01 3.513949e-03 4.164753e-06 1.126015e-09 5.247157e-18 1.941113e-27 
8.718593e+00 9.958073e-01 4.186825e-03 5.916461e-06 1.907218e-09 1.059653e-17 4.673842e-27 
8.894472e+00 9.950037e-01 4.987899e-03 8.403850e-06 3.229981e-09 2.139671e-17 1.125228e-26 
9.070352e+00 9.940467e-01 5.941324e-03 1.193513e-05 5.469309e-09 4.319792e-17 2.708570e-26 
9.246231e+00 9.929074e-01 7.075687e-03 1.694713e-05 9.259440e-09 8.719641e-17 6.518673e-26 
9.422111e+00 9.915511e-01 8.424778e-03 2.405855e-05 1.567262e-08 1.759701e-16 1.568494e-25 
9.597990e+00 9.899374e-01 1.002847e-02 3.414514e-05 2.652067e-08 3.550301e-16 3.773051e-25 
9.773869e+00 9.880178e-01 1.193370e-02 4.844544e-05 4.486337e-08 7.160710e-16 9.073337e-25 
9.949749e+00 9.857356e-01 1.419561e-02 6.870929e-05 7.586437e-08 1.443729e-15 2.181122e-24 
1.012563e+01 9.830237e-01 1.687878e-02 9.740605e-05 1.282306e-07 2.909530e-15 5.240838e-24 
1.030151e+01 9.798032e-01 2.005855e-02 1.380154e-04 2.166292e-07 5.860458e-15 1.258615e-23 
1.047739e+01 9.759818e-01 2.382241e-02 1.954328e-04 3.657381e-07 1.179691e-14 3.020738e-23 
1.065327e+01 9.714514e-01 2.827148e-02 2.765309e-04 6.170210e-07 2.372911e-14 7.244520e-23 
1.082915e+01 9.660863e-01 3.352176e-02 3.909358e-04 1.040028e-06 4.768810e-14 1.735888e-22 
1.100503e+01 9.597409e-01 3.970529e-02 5.520907e-04 1.751191e-06 9.573747e-14 4.155058e-22 
1.118090e+01 9.522476e-01 4.697077e-02 7.787055e-04 2.944963e-06 1.919604e-13 9.933224e-22 
1.135678e+01 9.434148e-01 5.548352e-02 1.096713e-03 4.945190e-06 3.843247e-13 2.371157e-21 
1.153266e+01 9.330256e-01 6.542419e-02 1.541881e-03 8.289421e-06 7.681092e-13 5.650260e-21 
1.170854e+01 9.208370e-01 7.698586e-02 2.163251e-03 1.386640e-05 1.531955e-12 1.343615e-20 
1.188442e+01 9.065806e-01 9.036870e-02 3.027592e-03 2.313864e-05 3.047919e-12 3.187247e-20 
1.206030e+01 8.899651e-01 1.057714e-01 4.225040e-03 3.849946e-05 6.046496e-12 7.538755e-20 
1.223618e+01 8.706820e-01 1.233781e-01 5.876035e-03 6.383981e-05 1.195430e-11 1.777066e-19 
1.241206e+01 8.484142e-01 1.433408e-01 8.139535e-03 1.054363e-04 2.353999e-11 4.172238e-19 
1.258794e+01 8.228497e-01 1.657547e-01 1.122223e-02 1.733218e-04 4.613736e-11 9.749872e-19 
1.276382e+01 7.937010e-01 1.906276e-01 1.538801e-02 2.833610e-04 8.993380e-11 2.265962e-18 
1.293970e+01 7.607305e-01 2.178428e-01 2.096637e-02 4.603247e-04 1.741930e-10 5.232916e-18 
1.311558e+01 7.237825e-01 2.471177e-01 2.835746e-02 7.423213e-04 3.349205e-10 1.199605e-17 
1.329146e+01 6.828203e-01 2.779622e-01 3.803055e-02 1.186972e-03 6.385191e-10 2.726804e-17 
1.346734e+01 6.379663e-01 3.096424e-01 5.051157e-02 1.879673e-03 1.205588e-09 6.138503e-17 
1.364322e+01 5.895400e-01 3.411610e-01 6.635494e-02 2.944070e-03 2.251377e-09 1.366769e-16 
1.381910e+01 5.380869e-01 3.712633e-01 8.609528e-02 4.554468e-03 4.152611e-09 3.005742e-16 
1.399497e+01 4.843914e-01 3.984827e-01 1.101768e-01 6.949155e-03 7.554384e-09 6.519478e-16 
1.417085e+01 4.294623e-01 4.212322e-01 1.388628e-01 1.044266e-02 1.353510e-08 1.392704e-15 
1.434673e+01 3.744885e-01 4.379439e-01 1.721338e-01 1.543387e-02 2.385112e-08 2.926102e-15 
1.452261e+01 3.207596e-01 4.472425e-01 2.095917e-01 2.240610e-02 4.128419e-08 6.038762e-15 
1.469849e+01 2.695619e-01 4.481314e-01 2.503917e-01 3.191505e-02 7.011264e-08 1.222768e-14 
1.487437e+01 2.220612e-01 4.401523e-01 2.932250e-01 4.456152e-02 1.167197e-07 2.427031e-14 
1.505025e+01 1.791944e-01 4.234852e-01 3.363719e-01 6.094838e-02 1.903399e-07 4.718940e-14 
1.522613e+01 1.415895e-01 3.989589e-01 3.778271e-01 8.162422e-02 3.039277e-07 8.983969e-14 
1.540201e+01 1.095284e-01 3.679657e-01 4.154854e-01 1.070200e-01 4.751162e-07 1.674485e-13 
1.557789e+01 8.295824e-02 3.322949e-01 4.473583e-01 1.373879e-01 7.272211e-07 3.055845e-13 
1.575377e+01 6.154336e-02 2.939198e-01 4.717849e-01 1.727509e-01 1.090240e-06 5.462233e-13 
1.592965e+01 4.474393e-02 2.547799e-01 4.876001e-01 2.128745e-01 1.601801e-06 9.568423e-13 
1.610553e+01 3.190340e-02 2.165965e-01 4.942351e-01 2.572627e-01 2.308050e-06 1.643844e-12 
1.628141e+01 2.232907e-02 1.807459e-01 4.917384e-01 3.051833e-01 3.264470e-06 2.772116e-12 
1.645729e+01 1.535552e-02 1.481993e-01 4.807232e-01 3.557175e-01 4.536705e-06 4.593278e-12 
1.663317e+01 1.038689e-02 1.195227e-01 4.622565e-01 4.078276e-01 6.201482e-06 7.486194e-12 
1.680905e+01 6.918735e-03 9.492377e-02 4.377145e-01 4.604346e-01 8.347766e-06 1.201488e-11 
1.698492e+01 4.543566e-03 7.432391e-02 4.086279e-01 5.124936e-01 1.107833e-05 1.901107e-11 
1.716080e+01 2.945182e-03 5.744171e-02 3.765392e-01 5.630593e-01 1.451187e-05 2.969199e-11 
1.733668e+01 1.886631e-03 4.387182e-02 3.428877e-01 6.113351e-01 1.878590e-05 4.582804e-11 
1.751256e+01 1.195707e-03 3.315179e-02 3.089276e-01 6.567008e-01 2.406045e-05 6.998202e-11 
1.768844e+01 7.506056e-04 2.481289e-02 2.756834e-01 6.987226e-01 3.052280e-05 1.058499e-10 
1.786432e+01 4.672069e-04 1.841443e-02 2.439354e-01 7.371445e-01 3.839332e-05 1.587469e-10 
1.804020e+01 2.886354e-04 1.356382e-02 2.142310e-01 7.718687e-01 4.793248e-05 2.362996e-10 
1.821608e+01 1.771465e-04 9.925411e-03 1.869098e-01 8.029282e-01 5.944928e-05 3.494325e-10 
1.839196e+01 1.080993e-04 7.221415e-03 1.621397e-01 8.304575e-01 7.331127e-05 5.137725e-10 
1.856784e+01 6.563721e-05 5.227968e-03 1.399534e-01 8.546631e-01 8.995633e-05 7.516493e-10 
1.874372e+01 3.968337e-05 3.768555e-03 1.202843e-01 8.757976e-01 1.099067e-04 1.094942e-09 
1.891960e+01 2.390337e-05 2.706506e-03 1.029974e-01 8.941384e-01 1.337853e-04 1.589128e-09 
1.909548e+01 1.435262e-05 1.937602e-03 8.791547e-02 9.099702e-01 1.623358e-04 2.299049e-09 
1.927136e+01 8.594586e-06 1.383380e-03 7.483864e-02 9.235729e-01 1.964454e-04 3.317105e-09 
1.944724e+01 5.134685e-06 9.854029e-04 6.355966e-02 9.352126e-01 2.371726e-04 4.774910e-09 
1.962312e+01 3.061593e-06 7.005369e-04 5.387437e-02 9.451362e-01 2.857801e-04 6.859875e-09 
1.979899e+01 1.822446e-06 4.971891e-04 4.558860e-02 9.535686e-01 3.437739e-04 9.838766e-09 
1.997487e+01 1.083291e-06 3.523673e-04 3.852243e-02 9.607112e-01 4.129498e-04 1.409121e-08 
2.015075e+01 6.431505e-07 2.494288e-04 3.251233e-02 9.667421e-01 4.954485e-04 2.015734e-08 
2.032663e+01 3.814489e-07 1.763818e-04 2.741187e-02 9.718175e-01 5.938217e-04 2.880541e-08 
2.050251e+01 2.260390e-07 1.246190e-04 2.309152e-02 9.760725e-01 7.111101e-04 4.112807e-08 
2.067839e+01 1.338474e-07 8.798207e-05 1.943775e-02 9.796231e-01 8.509367e-04 5.867894e-08 
2.085427e+01 7.920696e-08 6.207704e-05 1.635183e-02 9.825683e-01 1.017617e-03 8.366674e-08 
2.103015e+01 4.684709e-08 4.377577e-05 1.374841e-02 9.849914e-01 1.216291e-03 1.192311e-07 
2.120603e+01 2.769492e-08 3.085565e-05 1.155412e-02 9.869617e-01 1.453078e-03 1.698338e-07 
2.138191e+01 1.636599e-08 2.174004e-05 9.706128e-03 9.885366e-01 1.735261e-03 2.418152e-07 
2.155779e+01 9.667851e-09 1.531198e-05 8.150806e-03 9.897620e-01 2.071506e-03 3.441823e-07 
2.173367e+01 5.709257e-09 1.078114e-05 6.842537e-03 9.906741e-01 2.472121e-03 4.897285e-07 
2.190955e+01 3.370571e-09 7.588778e-06 5.742591e-03 9.912998e-01 2.949357e-03 6.966209e-07 
2.208543e+01 1.989344e-09 5.340252e-06 4.818160e-03 9.916577e-01 3.517772e-03 9.906499e-07 
2.226131e+01 1.173826e-09 3.756981e-06 4.041495e-03 9.917587e-01 4.194646e-03 1.408417e-06 
2.243719e+01 6.924468e-10 2.642440e-06 3.389156e-03 9.916057e-01 5.000481e-03 2.001849e-06 
2.261307e+01 4.083719e-10 1.858053e-06 2.841371e-03 9.911944e-01 5.959571e-03 2.844579e-06 
2.278894e+01 2.407724e-10 1.306148e-06 2.381473e-03 9.905125e-01 7.100675e-03 4.040973e-06 
2.296482e+01 1.419155e-10 9.179073e-07 1.995426e-03 9.895401e-01 8.457782e-03 5.738869e-06 
2.314070e+01 8.362040e-11 6.448590e-07 1.671418e-03 9.882488e-01 1.007101e-02 8.147533e-06 
2.331658e+01 4.925350e-11 4.528695e-07 1.399512e-03 9.866009e-01 1.198758e-02 1.156294e-05 
2.349246e+01 2.899897e-11 3.179084e-07 1.171357e-03 9.845489e-01 1.426300e-02 1.640329e-05 
2.366834e+01 1.706560e-11 2.230614e-07 9.799300e-04 9.820343e-01 1.696225e-02 2.325880e-05 
2.384422e+01 1.003740e-11 1.564255e-07 8.193351e-04 9.789863e-01 2.016123e-02 3.296128e-05 
2.402010e+01 5.899858e-12 1.096254e-07 6.846188e-04 9.753205e-01 2.394810e-02 4.668117e-05 
2.419598e+01 3.465254e-12 7.676943e-08 5.716224e-04 9.709374e-01 2.842487e-02 6.606211e-05 
2.437186e+01 2.033504e-12 5.371330e-08 4.768549e-04 9.657210e-01 3.370873e-02 9.340708e-05 
2.454774e+01 1.192079e-12 3.754267e-08 3.973864e-04 9.595373e-01 3.993337e-02 1.319341e-04 
2.472362e+01 6.979689e-13 2.620835e-08 3.307585e-04 9.522332e-01 4.724990e-02 1.861252e-04 
2.489950e+01 4.080814e-13 1.826980e-08 2.749088e-04 9.436357e-01 5.582715e-02 2.622003e-04 
2.507538e+01 2.381939e-13 1.271455e-08 2.281074e-04 9.335520e-01 6.585110e-02 3.687519e-04 
2.525126e+01 1.387601e-13 8.831174e-09 1.889035e-04 9.217705e-01 7.752303e-02 5.175895e-04 
2.542714e+01 8.065057e-14 6.119908e-09 1.560810e-04 9.080633e-01 9.105578e-02 7.248459e-04 
2.560302e+01 4.675187e-14 4.229800e-09 1.286200e-04 8.921913e-01 1.066677e-01 1.012405e-03 
2.577889e+01 2.701829e-14 2.914488e-09 1.056657e-04 8.739111e-01 1.245735e-01 1.409713e-03 
2.595477e+01 1.555901e-14 2.001105e-09 8.650182e-05 8.529857e-01 1.449718e-01 1.956014e-03 
2.613065e+01 8.923763e-15 1.368420e-09 7.052745e-05 8.291978e-01 1.680287e-01 2.703058e-03 
2.630653e+01 5.094632e-15 9.314670e-10 5.723871e-05 8.023673e-01 1.938572e-01 3.718239e-03 
2.648241e+01 2.893447e-15 6.307448e-10 4.621250e-05 7.723716e-01 2.224941e-01 5.088119e-03 
2.665829e+01 1.633734e-15 4.246224e-10 3.709302e-05 7.391669e-01 2.538739e-01 6.922140e-03 
2.683417e+01 9.164873e-16 2.840086e-10 2.958041e-05 7.028100e-01 2.878041e-01 9.356270e-03 
2.701005e+01 5.104630e-16 1.886048e-10 2.342119e-05 6.634774e-01 3.239430e-01 1.255619e-02 
2.718593e+01 2.821063e-16 1.242753e-10 1.840027e-05 6.214768e-01 3.617853e-01 1.671951e-02 
2.736181e+01 1.545974e-16 8.120027e-11 1.433443e-05 5.772510e-01 4.006582e-01 2.207650e-02 
2.753769e+01 8.396195e-17 5.258009e-11 1.106695e-05 5.313680e-01 4.397322e-01 2.888869e-02 
2.771357e+01 4.516797e-17 3.372507e-11 8.463361e-06 4.845001e-01 4.780465e-01 3.744494e-02 
2.788945e+01 2.405771e-17 2.141707e-11 6.408161e-06 4.373890e-01 5.145501e-01 4.805451e-02 
2.806533e+01 1.268222e-17 1.346123e-11 4.802213e-06 3.908043e-01 5.481540e-01 6.103690e-02 
2.824121e+01 6.614999e-18 8.371483e-12 3.560760e-06 3.454969e-01 5.777910e-01 7.670861e-02 
2.841709e+01 3.413225e-18 5.150163e-12 2.611829e-06 3.021549e-01 6.024759e-01 9.536665e-02 
2.859296e+01 1.741951e-18 3.133830e-12 1.894884e-06 2.613671e-01 6.213616e-01 1.172694e-01 
2.876884e+01 8.792258e-19 1.885921e-12 1.359609e-06 2.235969e-01 6.337863e-01 1.426154e-01 
2.894472e+01 4.388685e-19 1.122383e-12 9.647505e-07 1.891691e-01 6.393087e-01 1.715212e-01 
2.912060e+01 2.166347e-19 6.605686e-13 6.769794e-07 1.582684e-01 6.377317e-01 2.039993e-01 
2.929648e+01 1.057509e-19 3.844654e-13 4.697840e-07 1.309484e-01 6.291116e-01 2.399395e-01 
2.947236e+01 5.105261e-20 2.212966e-13 3.224031e-07 1.071482e-01 6.137558e-01 2.790957e-01 
2.964824e+01 2.437598e-20 1.259802e-13 2.188317e-07 8.671200e-02 5.922069e-01 3.210809e-01 
2.982412e+01 1.151245e-20 7.094003e-14 1.469206e-07 6.941210e-02 5.652140e-01 3.653738e-01 
3.000000e+01 5.379123e-21 3.952016e-14 9.758734e-08 5.497046e-02 5.336918e-01 4.113376e-01 
