#E                   1            2            3            4            5 
-5.000000e+00 9.999973e-01 2.658853e-06 7.169957e-13 1.614853e-20 4.664164e-29 
-4.824121e+00 9.999968e-01 3.170133e-06 1.019256e-12 2.737052e-20 9.425565e-29 
-4.648241e+00 9.999962e-01 3.779729e-06 1.448938e-12 4.639093e-20 1.904763e-28 
-4.472362e+00 9.999955e-01 4.506546e-06 2.059759e-12 7.862907e-20 3.849235e-28 
-4.296482e+00 9.999946e-01 5.373124e-06 2.928080e-12 1.332702e-19 7.778715e-28 
-4.120603e+00 9.999936e-01 6.406338e-06 4.162454e-12 2.258827e-19 1.571959e-27 
-3.944724e+00 9.999924e-01 7.638231e-06 5.917194e-12 3.828537e-19 3.176687e-27 
-3.768844e+00 9.999909e-01 9.107006e-06 8.411667e-12 6.489071e-19 6.419595e-27 
-3.592965e+00 9.999891e-01 1.085821e-05 1.195771e-11 1.099847e-18 1.297301e-26 
-3.417085e+00 9.999871e-01 1.294616e-05 1.699864e-11 1.864153e-18 2.621643e-26 
-3.241206e+00 9.999846e-01 1.543559e-05 2.416462e-11 3.159591e-18 5.297931e-26 
-3.065327e+00 9.999816e-01 1.840371e-05 3.435149e-11 5.355252e-18 1.070629e-25 
-2.889447e+00 9.999781e-01 2.194256e-05 4.883273e-11 9.076716e-18 2.163571e-25 
-2.713568e+00 9.999738e-01 2.616188e-05 6.941863e-11 1.538428e-17 4.372231e-25 
-2.537688e+00 9.999688e-01 3.119250e-05 9.868265e-11 2.607507e-17 8.835573e-25 
-2.361809e+00 9.999628e-01 3.719041e-05 1.402830e-10 4.419501e-17 1.785525e-24 
-2.185930e+00 9.999557e-01 4.434160e-05 1.994201e-10 7.490666e-17 3.608250e-24 
-2.010050e+00 9.999471e-01 5.286779e-05 2.834863e-10 1.269601e-16 7.291665e-24 
-1.834171e+00 9.999370e-01 6.303332e-05 4.029903e-10 2.151855e-16 1.473520e-23 
-1.658291e+00 9.999248e-01 7.515335e-05 5.728702e-10 3.647188e-16 2.977725e-23 
-1.482412e+00 9.999104e-01 8.960361e-05 8.143607e-10 6.181619e-16 6.017446e-23 
-1.306533e+00 9.998932e-01 1.068320e-04 1.157647e-09 1.047720e-15 1.216014e-22 
-1.130653e+00 9.998726e-01 1.273726e-04 1.645638e-09 1.775769e-15 2.457329e-22 
-9.547739e-01 9.998481e-01 1.518619e-04 2.339325e-09 3.009721e-15 4.965769e-22 
-7.788945e-01 9.998189e-01 1.810588e-04 3.325406e-09 5.101101e-15 1.003478e-21 
-6.030151e-01 9.997841e-01 2.158678e-04 4.727119e-09 8.645679e-15 2.027806e-21 
-4.271357e-01 9.997426e-01 2.573673e-04 6.719630e-09 1.465317e-14 4.097719e-21 
-2.512563e-01 9.996931e-01 3.068424e-04 9.551922e-09 2.483478e-14 8.280460e-21 
-7.537688e-02 9.996342e-01 3.658248e-04 1.357788e-08 4.209059e-14 1.673257e-20 
1.005025e-01 9.995638e-01 4.361401e-04 1.930049e-08 7.133536e-14 3.381161e-20 
2.763819e-01 9.994800e-01 5.199637e-04 2.743462e-08 1.208979e-13 6.832242e-20 
4.522613e-01 9.993801e-01 6.198878e-04 3.899621e-08 2.048923e-13 1.380555e-19 
6.281407e-01 9.992609e-01 7.390006e-04 5.542906e-08 3.472356e-13 2.789560e-19 
8.040201e-01 9.991189e-01 8.809809e-04 7.878484e-08 5.884545e-13 5.636477e-19 
9.798995e-01 9.989497e-01 1.050211e-03 1.119789e-07 9.972171e-13 1.138854e-18 
1.155779e+00 9.987479e-01 1.251907e-03 1.591531e-07 1.689866e-12 2.300987e-18 
1.331658e+00 9.985075e-01 1.492282e-03 2.261921e-07 2.863506e-12 4.648826e-18 
1.507538e+00 9.982209e-01 1.778729e-03 3.214547e-07 4.852034e-12 9.391879e-18 
1.683417e+00 9.978795e-01 2.120043e-03 4.568126e-07 8.221018e-12 1.897307e-17 
1.859296e+00 9.974727e-01 2.526685e-03 6.491244e-07 1.392832e-11 3.832608e-17 
2.035176e+00 9.969880e-01 3.011088e-03 9.223245e-07 2.359599e-11 7.741358e-17 
2.211055e+00 9.964107e-01 3.588024e-03 1.310386e-06 3.997026e-11 1.563505e-16 
2.386935e+00 9.957231e-01 4.275028e-03 1.861514e-06 6.769982e-11 3.157428e-16 
2.562814e+00 9.949045e-01 5.092901e-03 2.644088e-06 1.146517e-10 6.375438e-16 
2.738693e+00 9.939300e-01 6.066288e-03 3.755063e-06 1.941357e-10 1.287118e-15 
2.914573e+00 9.927703e-01 7.224362e-03 5.331840e-06 3.286614e-10 2.598035e-15 
3.090452e+00 9.913908e-01 8.601597e-03 7.569028e-06 5.562823e-10 5.242941e-15 
3.266332e+00 9.897506e-01 1.023867e-02 1.074207e-05 9.412965e-10 1.057766e-14 
3.442211e+00 9.878013e-01 1.218346e-02 1.524048e-05 1.592284e-09 2.133375e-14 
3.618090e+00 9.854862e-01 1.449222e-02 2.161456e-05 2.692477e-09 4.301124e-14 
3.793970e+00 9.827385e-01 1.723082e-02 3.064085e-05 4.550821e-09 8.667688e-14 
3.969849e+00 9.794805e-01 2.047610e-02 4.341357e-05 7.687726e-09 1.745802e-13 
4.145729e+00 9.756212e-01 2.431734e-02 6.147207e-05 1.297877e-08 3.514100e-13 
4.321608e+00 9.710553e-01 2.885774e-02 8.697762e-05 2.189509e-08 7.068229e-13 
4.497487e+00 9.656612e-01 3.421579e-02 1.229576e-04 3.690438e-08 1.420448e-12 
4.673367e+00 9.592998e-01 4.052654e-02 1.736408e-04 6.213809e-08 2.851600e-12 
4.849246e+00 9.518125e-01 4.794244e-02 2.449152e-04 1.044974e-07 5.717676e-12 
5.025126e+00 9.430213e-01 5.663353e-02 3.449473e-04 1.754792e-07 1.144784e-11 
5.201005e+00 9.327279e-01 6.678679e-02 4.850126e-04 2.941776e-07 2.288183e-11 
5.376884e+00 9.207150e-01 7.860393e-02 6.805972e-04 4.921870e-07 4.564516e-11 
5.552764e+00 9.067489e-01 9.229742e-02 9.528377e-04 8.215658e-07 9.084277e-11 
5.728643e+00 8.905844e-01 1.080839e-01 1.330374e-03 1.367668e-06 1.803068e-10 
5.904523e+00 8.719715e-01 1.261745e-01 1.851689e-03 2.269647e-06 3.567576e-10 
6.080402e+00 8.506667e-01 1.467616e-01 2.567982e-03 3.752890e-06 7.033382e-10 
6.256281e+00 8.264464e-01 1.700008e-01 3.546616e-03 6.179757e-06 1.380871e-09 
6.432161e+00 7.991246e-01 1.959902e-01 4.875071e-03 1.012795e-05 2.698279e-09 
6.608040e+00 7.685738e-01 2.247444e-01 6.665288e-03 1.650985e-05 5.244351e-09 
6.783920e+00 7.347473e-01 2.561679e-01 9.058122e-03 2.675135e-05 1.013160e-08 
6.959799e+00 6.977015e-01 2.900279e-01 1.222747e-02 4.305542e-05 1.944211e-08 
7.135678e+00 6.576163e-01 3.259314e-01 1.638350e-02 6.878300e-05 3.703226e-08 
7.311558e+00 6.148077e-01 3.633091e-01 2.177410e-02 1.089929e-04 6.996498e-08 
7.487437e+00 5.697321e-01 4.014127e-01 2.868392e-02 1.711906e-04 1.310225e-07 
7.663317e+00 5.229775e-01 4.393261e-01 3.742982e-02 2.663438e-04 2.430480e-07 
7.839196e+00 4.752422e-01 4.759949e-01 4.835224e-02 4.102276e-04 4.463317e-07 
8.015075e+00 4.272991e-01 5.102732e-01 6.180171e-02 6.251615e-04 8.109771e-07 
8.190955e+00 3.799527e-01 5.409832e-01 7.812048e-02 9.421936e-04 1.457270e-06 
8.366834e+00 3.339899e-01 5.669844e-01 9.761931e-02 1.403765e-03 2.588676e-06 
8.542714e+00 2.901336e-01 5.872449e-01 1.205500e-01 2.066852e-03 4.544396e-06 
8.718593e+00 2.490023e-01 6.009080e-01 1.470752e-01 3.006527e-03 7.881616e-06 
8.894472e+00 2.110815e-01 6.073488e-01 1.772365e-01 4.319785e-03 1.350193e-05 
9.070352e+00 1.767079e-01 6.062160e-01 2.109239e-01 6.129404e-03 2.284206e-05 
9.246231e+00 1.460670e-01 5.974575e-01 2.478500e-01 8.587461e-03 3.815621e-05 
9.422111e+00 1.192014e-01 5.813262e-01 2.875314e-01 1.187804e-02 6.292577e-05 
9.597990e+00 9.602815e-02 5.583679e-01 3.292829e-01 1.621855e-02 1.024423e-04 
9.773869e+00 7.636066e-02 5.293891e-01 3.722264e-01 2.185916e-02 1.646207e-04 
9.949749e+00 5.993420e-02 4.954086e-01 4.153165e-01 2.907963e-02 2.611098e-04 
1.012563e+01 4.643103e-02 4.575943e-01 4.573827e-01 3.818325e-02 4.087809e-04 
1.030151e+01 3.550421e-02 4.171916e-01 4.971851e-01 4.948741e-02 6.316783e-04 
1.047739e+01 2.679857e-02 3.754489e-01 5.334784e-01 6.331067e-02 9.635219e-04 
1.065327e+01 1.996805e-02 3.335479e-01 5.650771e-01 7.995604e-02 1.450840e-03 
1.082915e+01 1.468886e-02 2.925460e-01 5.909178e-01 9.969056e-02 2.156779e-03 
1.100503e+01 1.066849e-02 2.533335e-01 6.101112e-01 1.227212e-01 3.165589e-03 
1.118090e+01 7.650793e-03 2.166104e-01 6.219840e-01 1.491671e-01 4.587664e-03 
1.135678e+01 5.417629e-03 1.828798e-01 6.261075e-01 1.790302e-01 6.564901e-03 
1.153266e+01 3.787952e-03 1.524559e-01 6.223161e-01 2.121641e-01 9.275925e-03 
1.170854e+01 2.614958e-03 1.254839e-01 6.107145e-01 2.482461e-01 1.294051e-02 
1.188442e+01 1.782146e-03 1.019647e-01 5.916756e-01 2.867552e-01 1.782230e-02 
1.206030e+01 1.198884e-03 8.178380e-02 5.658279e-01 3.269607e-01 2.422876e-02 
1.223618e+01 7.959621e-04 6.473901e-02 5.340312e-01 3.679266e-01 3.250726e-02 
1.241206e+01 5.214485e-04 5.056716e-02 4.973390e-01 4.085362e-01 4.303613e-02 
1.258794e+01 3.370229e-04 3.896727e-02 4.569486e-01 4.475369e-01 5.621018e-02 
1.276382e+01 2.148677e-04 2.962069e-02 4.141389e-01 4.836052e-01 7.242033e-02 
1.293970e+01 1.351130e-04 2.220775e-02 3.702020e-01 5.154271e-01 9.202805e-02 
1.311558e+01 8.379283e-05 1.642093e-02 3.263740e-01 5.417855e-01 1.153357e-01 
1.329146e+01 5.124987e-05 1.197477e-02 2.837713e-01 5.616473e-01 1.425554e-01 
1.346734e+01 3.091512e-05 8.612490e-03 2.433400e-01 5.742383e-01 1.737783e-01 
1.364322e+01 1.839426e-05 6.109753e-03 2.058220e-01 5.791006e-01 2.089492e-01 
1.381910e+01 1.079679e-05 4.275819e-03 1.717398e-01 5.761248e-01 2.478488e-01 
1.399497e+01 6.253203e-06 2.952642e-03 1.413988e-01 5.655551e-01 2.900872e-01 
1.417085e+01 3.574628e-06 2.012438e-03 1.149055e-01 5.479659e-01 3.351125e-01 
1.434673e+01 2.017602e-06 1.354286e-03 9.219608e-02 5.242138e-01 3.822338e-01 
1.452261e+01 1.124877e-06 9.002513e-04 7.307169e-02 4.953688e-01 4.306582e-01 
1.469849e+01 6.198156e-07 5.914315e-04 5.723653e-02 4.626326e-01 4.795388e-01 
1.487437e+01 3.377237e-07 3.842262e-04 4.433425e-02 4.272536e-01 5.280276e-01 
1.505025e+01 1.820899e-07 2.469987e-04 3.398055e-02 3.904454e-01 5.753269e-01 
1.522613e+01 9.721704e-08 1.572297e-04 2.579015e-02 3.533192e-01 6.207333e-01 
1.540201e+01 5.143466e-08 9.918173e-05 1.939699e-02 3.168335e-01 6.636703e-01 
1.557789e+01 2.698738e-08 6.204688e-05 1.446792e-02 2.817645e-01 7.037056e-01 
1.575377e+01 1.405378e-08 3.852440e-05 1.071039e-02 2.486961e-01 7.405549e-01 
1.592965e+01 7.269164e-09 2.375804e-05 7.875237e-03 2.180272e-01 7.740738e-01 
1.610553e+01 3.737265e-09 1.456342e-05 5.755724e-03 1.899899e-01 8.042398e-01 
1.628141e+01 1.911190e-09 8.879670e-06 4.184242e-03 1.646762e-01 8.311307e-01 
1.645729e+01 9.727830e-10 5.388805e-06 3.027582e-03 1.420670e-01 8.549000e-01 
1.663317e+01 4.931159e-10 3.256934e-06 2.181704e-03 1.220609e-01 8.757541e-01 
1.680905e+01 2.490792e-10 1.961466e-06 1.566575e-03 1.044998e-01 8.939317e-01 
1.698492e+01 1.254270e-10 1.177655e-06 1.121429e-03 8.919068e-02 9.096867e-01 
1.716080e+01 6.299363e-11 7.051913e-07 8.006526e-04 7.592335e-02 9.232753e-01 
1.733668e+01 3.156590e-11 4.213198e-07 5.703383e-04 6.448329e-02 9.349459e-01 
1.751256e+01 1.578697e-11 2.512327e-07 4.054901e-04 5.466110e-02 9.449332e-01 
1.768844e+01 7.882491e-12 1.495630e-07 2.878138e-04 4.625868e-02 9.534534e-01 
1.786432e+01 3.930242e-12 8.891262e-08 2.040020e-04 3.909304e-02 9.607029e-01 
1.804020e+01 1.957306e-12 5.279422e-08 1.444245e-04 3.299813e-02 9.668574e-01 
1.821608e+01 9.737808e-13 3.131643e-08 1.021434e-04 2.782544e-02 9.720724e-01 
1.839196e+01 4.840542e-13 1.856045e-08 7.217882e-05 2.344365e-02 9.764842e-01 
1.856784e+01 2.404444e-13 1.099240e-08 5.096798e-05 1.973769e-02 9.802113e-01 
1.874372e+01 1.193637e-13 6.506292e-09 3.596846e-05 1.660749e-02 9.833565e-01 
1.891960e+01 5.922538e-14 3.849042e-09 2.537023e-05 1.396658e-02 9.860080e-01 
1.909548e+01 2.937357e-14 2.276066e-09 1.788711e-05 1.174057e-02 9.882415e-01 
1.927136e+01 1.456291e-14 1.345427e-09 1.260662e-05 9.865777e-03 9.901216e-01 
1.944724e+01 7.217848e-15 7.950655e-10 8.882290e-06 8.287834e-03 9.917033e-01 
1.962312e+01 3.576481e-15 4.697152e-10 6.256624e-06 6.960487e-03 9.930333e-01 
1.979899e+01 1.771784e-15 2.774424e-10 4.406175e-06 5.844466e-03 9.941511e-01 
1.997487e+01 8.775807e-16 1.638448e-10 3.102452e-06 4.906496e-03 9.950904e-01 
2.015075e+01 4.346078e-16 9.674454e-11 2.184149e-06 4.118435e-03 9.958794e-01 
2.032663e+01 2.152051e-16 5.711694e-11 1.537462e-06 3.456508e-03 9.965420e-01 
2.050251e+01 1.065519e-16 3.371762e-11 1.082131e-06 2.900658e-03 9.970983e-01 
2.067839e+01 5.275099e-17 1.990261e-11 7.615811e-07 2.433977e-03 9.975653e-01 
2.085427e+01 2.611364e-17 1.174709e-11 5.359446e-07 2.042225e-03 9.979572e-01 
2.103015e+01 1.292638e-17 6.933029e-12 3.771344e-07 1.713418e-03 9.982862e-01 
2.120603e+01 6.398277e-18 4.091596e-12 2.653685e-07 1.437474e-03 9.985623e-01 
2.138191e+01 3.166868e-18 2.414588e-12 1.867167e-07 1.205916e-03 9.987939e-01 
2.155779e+01 1.567403e-18 1.424877e-12 1.313714e-07 1.011622e-03 9.989882e-01 
2.173367e+01 7.757428e-19 8.408098e-13 9.242824e-08 8.486052e-04 9.991513e-01 
2.190955e+01 3.839223e-19 4.961430e-13 6.502753e-08 7.118388e-04 9.992881e-01 
2.208543e+01 1.900026e-19 2.927564e-13 4.574885e-08 5.971014e-04 9.994029e-01 
2.226131e+01 9.403022e-20 1.727420e-13 3.218512e-08 5.008486e-04 9.994991e-01 
2.243719e+01 4.653383e-20 1.019254e-13 2.264245e-08 4.201053e-04 9.995799e-01 
2.261307e+01 2.302843e-20 6.013976e-14 1.592890e-08 3.523742e-04 9.996476e-01 
2.278894e+01 1.139607e-20 3.548428e-14 1.120582e-08 2.955598e-04 9.997044e-01 
2.296482e+01 5.639520e-21 2.093661e-14 7.883107e-09 2.479035e-04 9.997521e-01 
2.314070e+01 2.790781e-21 1.235303e-14 5.545592e-09 2.079297e-04 9.997921e-01 
2.331658e+01 1.381041e-21 7.288490e-15 3.901176e-09 1.744005e-04 9.998256e-01 
2.349246e+01 6.834156e-22 4.300307e-15 2.744359e-09 1.462771e-04 9.998537e-01 
2.366834e+01 3.381904e-22 2.537227e-15 1.930564e-09 1.226883e-04 9.998773e-01 
2.384422e+01 1.673540e-22 1.496985e-15 1.358082e-09 1.029031e-04 9.998971e-01 
2.402010e+01 8.281510e-23 8.832312e-16 9.553582e-10 8.630820e-05 9.999137e-01 
2.419598e+01 4.098092e-23 5.211108e-16 6.720558e-10 7.238935e-05 9.999276e-01 
2.437186e+01 2.027930e-23 3.074573e-16 4.727631e-10 6.071504e-05 9.999393e-01 
2.454774e+01 1.003514e-23 1.814006e-16 3.325683e-10 5.092336e-05 9.999491e-01 
2.472362e+01 4.965846e-24 1.070267e-16 2.339470e-10 4.271075e-05 9.999573e-01 
2.489950e+01 2.457324e-24 6.314582e-17 1.645711e-10 3.582257e-05 9.999642e-01 
2.507538e+01 1.215993e-24 3.725604e-17 1.157682e-10 3.004525e-05 9.999700e-01 
2.525126e+01 6.017269e-25 2.198105e-17 8.143750e-11 2.519965e-05 9.999748e-01 
2.542714e+01 2.977607e-25 1.296880e-17 5.728742e-11 2.113551e-05 9.999789e-01 
2.560302e+01 1.473449e-25 7.651578e-18 4.029896e-11 1.772682e-05 9.999823e-01 
2.577889e+01 7.291258e-26 4.514419e-18 2.834838e-11 1.486786e-05 9.999851e-01 
2.595477e+01 3.608026e-26 2.663499e-18 1.994171e-11 1.246999e-05 9.999875e-01 
2.613065e+01 1.785405e-26 1.571459e-18 1.402802e-11 1.045884e-05 9.999895e-01 
2.630653e+01 8.834942e-27 9.271574e-19 9.868023e-12 8.772045e-06 9.999912e-01 
2.648241e+01 4.371903e-27 5.470207e-19 6.941668e-12 7.357293e-06 9.999926e-01 
2.665829e+01 2.163402e-27 3.227408e-19 4.883121e-12 6.170709e-06 9.999938e-01 
2.683417e+01 1.070542e-27 1.904162e-19 3.435034e-12 5.175497e-06 9.999948e-01 
2.701005e+01 5.297493e-28 1.123451e-19 2.416376e-12 4.340792e-06 9.999957e-01 
2.718593e+01 2.621422e-28 6.628327e-20 1.699800e-12 3.640708e-06 9.999964e-01 
2.736181e+01 1.297189e-28 3.910694e-20 1.195725e-12 3.053533e-06 9.999969e-01 
2.753769e+01 6.419035e-29 2.307298e-20 8.411327e-13 2.561058e-06 9.999974e-01 
2.771357e+01 3.176407e-29 1.361299e-20 5.916949e-13 2.148009e-06 9.999979e-01 
2.788945e+01 1.571819e-29 8.031623e-21 4.162278e-13 1.801577e-06 9.999982e-01 
2.806533e+01 7.778015e-30 4.738633e-21 2.927954e-13 1.511018e-06 9.999985e-01 
2.824121e+01 3.848886e-30 2.795779e-21 2.059669e-13 1.267320e-06 9.999987e-01 
2.841709e+01 1.904589e-30 1.649501e-21 1.448874e-13 1.062925e-06 9.999989e-01 
2.859296e+01 9.424702e-31 9.732004e-22 1.019210e-13 8.914961e-07 9.999991e-01 
2.876884e+01 4.663735e-31 5.741852e-22 7.169634e-14 7.477149e-07 9.999993e-01 
2.894472e+01 2.307810e-31 3.387675e-22 5.043478e-14 6.271229e-07 9.999994e-01 
2.912060e+01 1.142001e-31 1.998717e-22 3.547834e-14 5.259800e-07 9.999995e-01 
2.929648e+01 5.651095e-32 1.179237e-22 2.495723e-14 4.411495e-07 9.999996e-01 
2.947236e+01 2.796397e-32 6.957460e-23 1.755616e-14 3.700006e-07 9.999996e-01 
2.964824e+01 1.383774e-32 4.104880e-23 1.234988e-14 3.103266e-07 9.999997e-01 
2.982412e+01 6.847488e-33 2.421866e-23 8.687519e-15 2.602768e-07 9.999997e-01 
3.000000e+01 3.388422e-33 1.428893e-23 6.111234e-15 2.182992e-07 9.999998e-01 
