#E                   1            2            3 
-5.000000e+00 9.999927e-01 7.314016e-06 4.760513e-12 
-4.824121e+00 9.999913e-01 8.720447e-06 6.767372e-12 
-4.648241e+00 9.999896e-01 1.039732e-05 9.620247e-12 
-4.472362e+00 9.999876e-01 1.239664e-05 1.367578e-11 
-4.296482e+00 9.999852e-01 1.478041e-05 1.944098e-11 
-4.120603e+00 9.999824e-01 1.762255e-05 2.763655e-11 
-3.944724e+00 9.999790e-01 2.101119e-05 3.928703e-11 
-3.768844e+00 9.999749e-01 2.505142e-05 5.584887e-11 
-3.592965e+00 9.999701e-01 2.986852e-05 7.939245e-11 
-3.417085e+00 9.999644e-01 3.561186e-05 1.128609e-10 
-3.241206e+00 9.999575e-01 4.245953e-05 1.604381e-10 
-3.065327e+00 9.999494e-01 5.062384e-05 2.280714e-10 
-2.889447e+00 9.999396e-01 6.035792e-05 3.242153e-10 
-2.713568e+00 9.999280e-01 7.196357e-05 4.608880e-10 
-2.537688e+00 9.999142e-01 8.580056e-05 6.551735e-10 
-2.361809e+00 9.998977e-01 1.022978e-04 9.313567e-10 
-2.185930e+00 9.998780e-01 1.219667e-04 1.323959e-09 
-2.010050e+00 9.998546e-01 1.454168e-04 1.882050e-09 
-1.834171e+00 9.998266e-01 1.733748e-04 2.675382e-09 
-1.658291e+00 9.997933e-01 2.067069e-04 3.803105e-09 
-1.482412e+00 9.997535e-01 2.464456e-04 5.406148e-09 
-1.306533e+00 9.997062e-01 2.938218e-04 7.684830e-09 
-1.130653e+00 9.996497e-01 3.503022e-04 1.092387e-08 
-9.547739e-01 9.995823e-01 4.176352e-04 1.552796e-08 
-7.788945e-01 9.995021e-01 4.979040e-04 2.207223e-08 
-6.030151e-01 9.994064e-01 5.935913e-04 3.137412e-08 
-4.271357e-01 9.992923e-01 7.076547e-04 4.459529e-08 
-2.512563e-01 9.991563e-01 8.436178e-04 6.338650e-08 
-7.537688e-02 9.989942e-01 1.005677e-03 9.009344e-08 
1.005025e-01 9.988010e-01 1.198832e-03 1.280490e-07 
2.763819e-01 9.985708e-01 1.429030e-03 1.819881e-07 
4.522613e-01 9.982964e-01 1.703357e-03 2.586369e-07 
6.281407e-01 9.979694e-01 2.030237e-03 3.675488e-07 
8.040201e-01 9.975798e-01 2.419695e-03 5.222908e-07 
9.798995e-01 9.971156e-01 2.883646e-03 7.421251e-07 
1.155779e+00 9.965627e-01 3.436248e-03 1.054395e-06 
1.331658e+00 9.959042e-01 4.094312e-03 1.497901e-06 
1.507538e+00 9.951201e-01 4.877781e-03 2.127687e-06 
1.683417e+00 9.941867e-01 5.810295e-03 3.021810e-06 
1.859296e+00 9.930759e-01 6.919841e-03 4.290902e-06 
2.035176e+00 9.917544e-01 8.239508e-03 6.091681e-06 
2.211055e+00 9.901830e-01 9.808353e-03 8.646004e-06 
2.386935e+00 9.883153e-01 1.167238e-02 1.226768e-05 
2.562814e+00 9.860969e-01 1.388568e-02 1.740016e-05 
2.738693e+00 9.834637e-01 1.651161e-02 2.466942e-05 
2.914573e+00 9.803409e-01 1.962418e-02 3.495785e-05 
3.090452e+00 9.766410e-01 2.330949e-02 4.950732e-05 
3.266332e+00 9.722628e-01 2.766718e-02 7.006240e-05 
3.442211e+00 9.670890e-01 3.281189e-02 9.906831e-05 
3.618090e+00 9.609855e-01 3.887452e-02 1.399433e-04 
3.793970e+00 9.537993e-01 4.600327e-02 1.974509e-04 
3.969849e+00 9.453578e-01 5.436399e-02 2.782052e-04 
4.145729e+00 9.354688e-01 6.413984e-02 3.913499e-04 
4.321608e+00 9.239210e-01 7.552954e-02 5.494620e-04 
4.497487e+00 9.104863e-01 8.874398e-02 7.697383e-04 
4.673367e+00 8.949240e-01 1.040004e-01 1.075531e-03 
4.849246e+00 8.769878e-01 1.215139e-01 1.498294e-03 
5.025126e+00 8.564350e-01 1.414850e-01 2.080007e-03 
5.201005e+00 8.330403e-01 1.640836e-01 2.876096e-03 
5.376884e+00 8.066118e-01 1.894294e-01 3.958848e-03 
5.552764e+00 7.770115e-01 2.175673e-01 5.421239e-03 
5.728643e+00 7.441766e-01 2.484424e-01 7.380980e-03 
5.904523e+00 7.081424e-01 2.818731e-01 9.984481e-03 
6.080402e+00 6.690614e-01 3.175283e-01 1.341028e-02 
6.256281e+00 6.272183e-01 3.549104e-01 1.787135e-02 
6.432161e+00 5.830352e-01 3.933491e-01 2.361568e-02 
6.608040e+00 5.370654e-01 4.320103e-01 3.092429e-02 
6.783920e+00 4.899742e-01 4.699195e-01 4.010630e-02 
6.959799e+00 4.425064e-01 5.060033e-01 5.149035e-02 
7.135678e+00 3.954452e-01 5.391425e-01 6.541232e-02 
7.311558e+00 3.495649e-01 5.682358e-01 8.219928e-02 
7.487437e+00 3.055849e-01 5.922650e-01 1.021501e-01 
7.663317e+00 2.641293e-01 6.103572e-01 1.255135e-01 
7.839196e+00 2.256974e-01 6.218385e-01 1.524640e-01 
8.015075e+00 1.906470e-01 6.262743e-01 1.830787e-01 
8.190955e+00 1.591898e-01 6.234952e-01 2.173151e-01 
8.366834e+00 1.313981e-01 6.136074e-01 2.549945e-01 
8.542714e+00 1.072209e-01 5.969861e-01 2.957930e-01 
8.718593e+00 8.650381e-02 5.742534e-01 3.392428e-01 
8.894472e+00 6.901320e-02 5.462405e-01 3.847463e-01 
9.070352e+00 5.445968e-02 5.139375e-01 4.316028e-01 
9.246231e+00 4.252084e-02 4.784323e-01 4.790468e-01 
9.422111e+00 3.286129e-02 4.408458e-01 5.262929e-01 
9.597990e+00 2.514947e-02 4.022671e-01 5.725835e-01 
9.773869e+00 1.907091e-02 3.636975e-01 6.172316e-01 
9.949749e+00 1.433751e-02 3.260065e-01 6.596560e-01 
1.012563e+01 1.069343e-02 2.899032e-01 6.994034e-01 
1.030151e+01 7.917594e-03 2.559249e-01 7.361575e-01 
1.047739e+01 5.823681e-03 2.244401e-01 7.697363e-01 
1.065327e+01 4.258157e-03 1.956627e-01 8.000792e-01 
1.082915e+01 3.097043e-03 1.696746e-01 8.272283e-01 
1.100503e+01 2.242027e-03 1.464516e-01 8.513064e-01 
1.118090e+01 1.616407e-03 1.258889e-01 8.724947e-01 
1.135678e+01 1.161194e-03 1.078264e-01 8.910124e-01 
1.153266e+01 8.315898e-04 9.206884e-02 9.070996e-01 
1.170854e+01 5.939476e-04 7.840344e-02 9.210026e-01 
1.188442e+01 4.232387e-04 6.661251e-02 9.329642e-01 
1.206030e+01 3.009987e-04 5.648309e-02 9.432159e-01 
1.223618e+01 2.137033e-04 4.781328e-02 9.519730e-01 
1.241206e+01 1.515075e-04 4.041614e-02 9.594324e-01 
1.258794e+01 1.072820e-04 3.412174e-02 9.657710e-01 
1.276382e+01 7.588754e-05 2.877784e-02 9.711463e-01 
1.293970e+01 5.363321e-05 2.424962e-02 9.756967e-01 
1.311558e+01 3.787701e-05 2.041880e-02 9.795433e-01 
1.329146e+01 2.673291e-05 1.718242e-02 9.827908e-01 
1.346734e+01 1.885767e-05 1.445139e-02 9.855298e-01 
1.364322e+01 1.329649e-05 1.214904e-02 9.878377e-01 
1.381910e+01 9.371811e-06 1.020968e-02 9.897810e-01 
1.399497e+01 6.603490e-06 8.577197e-03 9.914162e-01 
1.417085e+01 4.651668e-06 7.203839e-03 9.927915e-01 
1.434673e+01 3.276025e-06 6.049034e-03 9.939477e-01 
1.452261e+01 2.306772e-06 5.078400e-03 9.949193e-01 
1.469849e+01 1.624030e-06 4.262845e-03 9.957355e-01 
1.487437e+01 1.143210e-06 3.577792e-03 9.964211e-01 
1.505025e+01 8.046552e-07 3.002496e-03 9.969967e-01 
1.522613e+01 5.663089e-07 2.519471e-03 9.974800e-01 
1.540201e+01 3.985319e-07 2.113988e-03 9.978856e-01 
1.557789e+01 2.804428e-07 1.773647e-03 9.982261e-01 
1.575377e+01 1.973339e-07 1.488018e-03 9.985118e-01 
1.592965e+01 1.388478e-07 1.248328e-03 9.987515e-01 
1.610553e+01 9.769214e-08 1.047208e-03 9.989527e-01 
1.628141e+01 6.873312e-08 8.784617e-04 9.991215e-01 
1.645729e+01 4.835715e-08 7.368870e-04 9.992631e-01 
1.663317e+01 3.402087e-08 6.181147e-04 9.993819e-01 
1.680905e+01 2.393436e-08 5.184763e-04 9.994815e-01 
1.698492e+01 1.683803e-08 4.348924e-04 9.995651e-01 
1.716080e+01 1.184554e-08 3.647781e-04 9.996352e-01 
1.733668e+01 8.333232e-09 3.059644e-04 9.996940e-01 
1.751256e+01 5.862299e-09 2.566309e-04 9.997434e-01 
1.768844e+01 4.124004e-09 2.152501e-04 9.997847e-01 
1.786432e+01 2.901130e-09 1.805407e-04 9.998195e-01 
1.804020e+01 2.040859e-09 1.514273e-04 9.998486e-01 
1.821608e+01 1.435677e-09 1.270081e-04 9.998730e-01 
1.839196e+01 1.009947e-09 1.065263e-04 9.998935e-01 
1.856784e+01 7.104594e-10 8.934718e-05 9.999107e-01 
1.874372e+01 4.997797e-10 7.493827e-05 9.999251e-01 
1.891960e+01 3.515742e-10 6.285292e-05 9.999371e-01 
1.909548e+01 2.473173e-10 5.271648e-05 9.999473e-01 
1.927136e+01 1.739768e-10 4.421470e-05 9.999558e-01 
1.944724e+01 1.223848e-10 3.708398e-05 9.999629e-01 
1.962312e+01 8.609206e-11 3.110323e-05 9.999689e-01 
1.979899e+01 6.056175e-11 2.608700e-05 9.999739e-01 
1.997487e+01 4.260233e-11 2.187976e-05 9.999781e-01 
2.015075e+01 2.996870e-11 1.835104e-05 9.999816e-01 
2.032663e+01 2.108154e-11 1.539141e-05 9.999846e-01 
2.050251e+01 1.482984e-11 1.290910e-05 9.999871e-01 
2.067839e+01 1.043207e-11 1.082713e-05 9.999892e-01 
2.085427e+01 7.338450e-12 9.080941e-06 9.999909e-01 
2.103015e+01 5.162239e-12 7.616370e-06 9.999924e-01 
2.120603e+01 3.631380e-12 6.388003e-06 9.999936e-01 
2.138191e+01 2.554496e-12 5.357746e-06 9.999946e-01 
2.155779e+01 1.796961e-12 4.493648e-06 9.999955e-01 
2.173367e+01 1.264073e-12 3.768911e-06 9.999962e-01 
2.190955e+01 8.892124e-13 3.161060e-06 9.999968e-01 
2.208543e+01 6.255166e-13 2.651243e-06 9.999973e-01 
2.226131e+01 4.400197e-13 2.223649e-06 9.999978e-01 
2.243719e+01 3.095319e-13 1.865017e-06 9.999981e-01 
2.261307e+01 2.177402e-13 1.564226e-06 9.999984e-01 
2.278894e+01 1.531693e-13 1.311947e-06 9.999987e-01 
2.296482e+01 1.077470e-13 1.100355e-06 9.999989e-01 
2.314070e+01 7.579458e-14 9.228891e-07 9.999991e-01 
2.331658e+01 5.331769e-14 7.740448e-07 9.999992e-01 
2.349246e+01 3.750632e-14 6.492063e-07 9.999994e-01 
2.366834e+01 2.638382e-14 5.445018e-07 9.999995e-01 
2.384422e+01 1.855969e-14 4.566841e-07 9.999995e-01 
2.402010e+01 1.305581e-14 3.830297e-07 9.999996e-01 
2.419598e+01 9.184109e-15 3.212544e-07 9.999997e-01 
2.437186e+01 6.460559e-15 2.694422e-07 9.999997e-01 
2.454774e+01 4.544679e-15 2.259863e-07 9.999998e-01 
2.472362e+01 3.196954e-15 1.895391e-07 9.999998e-01 
2.489950e+01 2.248896e-15 1.589701e-07 9.999998e-01 
2.507538e+01 1.581986e-15 1.333312e-07 9.999999e-01 
2.525126e+01 1.112848e-15 1.118275e-07 9.999999e-01 
2.542714e+01 7.828324e-16 9.379183e-08 9.999999e-01 
2.560302e+01 5.506833e-16 7.866500e-08 9.999999e-01 
2.577889e+01 3.873780e-16 6.597784e-08 9.999999e-01 
2.595477e+01 2.725010e-16 5.533688e-08 9.999999e-01 
2.613065e+01 1.916908e-16 4.641210e-08 1.000000e+00 
2.630653e+01 1.348448e-16 3.892672e-08 1.000000e+00 
2.648241e+01 9.485656e-17 3.264858e-08 1.000000e+00 
2.665829e+01 6.672683e-17 2.738299e-08 1.000000e+00 
2.683417e+01 4.693897e-17 2.296664e-08 1.000000e+00 
2.701005e+01 3.301921e-17 1.926256e-08 1.000000e+00 
2.718593e+01 2.322736e-17 1.615588e-08 1.000000e+00 
2.736181e+01 1.633928e-17 1.355024e-08 1.000000e+00 
2.753769e+01 1.149386e-17 1.136485e-08 1.000000e+00 
2.771357e+01 8.085355e-18 9.531915e-09 1.000000e+00 
2.788945e+01 5.687641e-18 7.994599e-09 1.000000e+00 
2.806533e+01 4.000970e-18 6.705224e-09 1.000000e+00 
2.824121e+01 2.814481e-18 5.623799e-09 1.000000e+00 
2.841709e+01 1.979846e-18 4.716788e-09 1.000000e+00 
2.859296e+01 1.392722e-18 3.956060e-09 1.000000e+00 
2.876884e+01 9.797103e-19 3.318023e-09 1.000000e+00 
2.894472e+01 6.891770e-19 2.782890e-09 1.000000e+00 
2.912060e+01 4.848014e-19 2.334063e-09 1.000000e+00 
2.929648e+01 3.410334e-19 1.957623e-09 1.000000e+00 
2.947236e+01 2.398999e-19 1.641896e-09 1.000000e+00 
2.964824e+01 1.687575e-19 1.377090e-09 1.000000e+00 
2.982412e+01 1.187124e-19 1.154991e-09 1.000000e+00 
3.000000e+01 8.350824e-20 9.687134e-10 1.000000e+00 
