#E                   4            5            6            7            8 
-5.000000e+00 9.999996e-01 4.231253e-07 5.935654e-14 3.118669e-21 3.149602e-29 
-4.824121e+00 9.999995e-01 5.044898e-07 8.437921e-14 5.285908e-21 6.364869e-29 
-4.648241e+00 9.999994e-01 6.015003e-07 1.199506e-13 8.959214e-21 1.286244e-28 
-4.472362e+00 9.999993e-01 7.171652e-07 1.705176e-13 1.518519e-20 2.599303e-28 
-4.296482e+00 9.999991e-01 8.550719e-07 2.424019e-13 2.573775e-20 5.252798e-28 
-4.120603e+00 9.999990e-01 1.019497e-06 3.445901e-13 4.362353e-20 1.061511e-27 
-3.944724e+00 9.999988e-01 1.215540e-06 4.898574e-13 7.393858e-20 2.145153e-27 
-3.768844e+00 9.999986e-01 1.449281e-06 6.963642e-13 1.253203e-19 4.335028e-27 
-3.592965e+00 9.999983e-01 1.727969e-06 9.899271e-13 2.124083e-19 8.760433e-27 
-3.417085e+00 9.999979e-01 2.060247e-06 1.407246e-12 3.600160e-19 1.770350e-26 
-3.241206e+00 9.999975e-01 2.456420e-06 2.000492e-12 6.101997e-19 3.577609e-26 
-3.065327e+00 9.999971e-01 2.928774e-06 2.843829e-12 1.034242e-18 7.229803e-26 
-2.889447e+00 9.999965e-01 3.491959e-06 4.042687e-12 1.752961e-18 1.461033e-25 
-2.713568e+00 9.999958e-01 4.163439e-06 5.746940e-12 2.971134e-18 2.952525e-25 
-2.537688e+00 9.999950e-01 4.964041e-06 8.169646e-12 5.035844e-18 5.966601e-25 
-2.361809e+00 9.999941e-01 5.918592e-06 1.161368e-11 8.535368e-18 1.205759e-24 
-2.185930e+00 9.999929e-01 7.056695e-06 1.650958e-11 1.446679e-17 2.436653e-24 
-2.010050e+00 9.999916e-01 8.413645e-06 2.346943e-11 2.452008e-17 4.924101e-24 
-1.834171e+00 9.999900e-01 1.003152e-05 3.336327e-11 4.155961e-17 9.950847e-24 
-1.658291e+00 9.999880e-01 1.196051e-05 4.742799e-11 7.044027e-17 2.010912e-23 
-1.482412e+00 9.999857e-01 1.426041e-05 6.742184e-11 1.193907e-16 4.063739e-23 
-1.306533e+00 9.999830e-01 1.700256e-05 9.584431e-11 2.023576e-16 8.212179e-23 
-1.130653e+00 9.999797e-01 2.027199e-05 1.362485e-10 3.429797e-16 1.659552e-22 
-9.547739e-01 9.999758e-01 2.417008e-05 1.936855e-10 5.813225e-16 3.353690e-22 
-7.788945e-01 9.999712e-01 2.881771e-05 2.753353e-10 9.852932e-16 6.777269e-22 
-6.030151e-01 9.999656e-01 3.435900e-05 3.914050e-10 1.669988e-15 1.369576e-21 
-4.271357e-01 9.999590e-01 4.096577e-05 5.564043e-10 2.830485e-15 2.767687e-21 
-2.512563e-01 9.999512e-01 4.884287e-05 7.909589e-10 4.797421e-15 5.593034e-21 
-7.537688e-02 9.999418e-01 5.823452e-05 1.124389e-09 8.131190e-15 1.130257e-20 
1.005025e-01 9.999306e-01 6.943191e-05 1.598375e-09 1.378160e-14 2.284053e-20 
2.763819e-01 9.999172e-01 8.278216e-05 2.272165e-09 2.335846e-14 4.615663e-20 
4.522613e-01 9.999013e-01 9.869913e-05 3.229980e-09 3.959019e-14 9.327409e-20 
6.281407e-01 9.998823e-01 1.176762e-04 4.591542e-09 6.710111e-14 1.884892e-19 
8.040201e-01 9.998597e-01 1.403014e-04 6.527030e-09 1.137287e-13 3.808996e-19 
9.798995e-01 9.998327e-01 1.672761e-04 9.278351e-09 1.927564e-13 7.697198e-19 
1.155779e+00 9.998006e-01 1.994359e-04 1.318936e-08 3.266971e-13 1.555437e-18 
1.331658e+00 9.997622e-01 2.377772e-04 1.874882e-08 5.537057e-13 3.143183e-18 
1.507538e+00 9.997165e-01 2.834874e-04 2.665146e-08 9.384464e-13 6.351606e-18 
1.683417e+00 9.996620e-01 3.379820e-04 3.788474e-08 1.590509e-12 1.283494e-17 
1.859296e+00 9.995970e-01 4.029478e-04 5.385214e-08 2.695617e-12 2.593578e-17 
2.035176e+00 9.995195e-01 4.803951e-04 7.654841e-08 4.568514e-12 5.240822e-17 
2.211055e+00 9.994272e-01 5.727193e-04 1.088085e-07 7.742571e-12 1.058993e-16 
2.386935e+00 9.993171e-01 6.827748e-04 1.546614e-07 1.312163e-11 2.139829e-16 
2.562814e+00 9.991858e-01 8.139615e-04 2.198325e-07 2.223725e-11 4.323703e-16 
2.738693e+00 9.990294e-01 9.703297e-04 3.124574e-07 3.768455e-11 8.736181e-16 
2.914573e+00 9.988429e-01 1.156702e-03 4.440957e-07 6.386054e-11 1.765120e-15 
3.090452e+00 9.986205e-01 1.378823e-03 6.311707e-07 1.082147e-10 3.566247e-15 
3.266332e+00 9.983556e-01 1.643526e-03 8.970124e-07 1.833671e-10 7.204934e-15 
3.442211e+00 9.980398e-01 1.958947e-03 1.274759e-06 3.106951e-10 1.455548e-14 
3.618090e+00 9.976634e-01 2.334761e-03 1.811470e-06 5.264061e-10 2.940332e-14 
3.793970e+00 9.972150e-01 2.782470e-03 2.573965e-06 8.918175e-10 5.939296e-14 
3.969849e+00 9.966806e-01 3.315746e-03 3.657100e-06 1.510753e-09 1.199599e-13 
4.145729e+00 9.960440e-01 3.950819e-03 5.195487e-06 2.558977e-09 2.422659e-13 
4.321608e+00 9.952857e-01 4.706953e-03 7.380102e-06 4.333971e-09 4.892100e-13 
4.497487e+00 9.943825e-01 5.606981e-03 1.048178e-05 7.339088e-09 9.877224e-13 
4.673367e+00 9.933072e-01 6.677941e-03 1.488442e-05 1.242575e-08 1.993879e-12 
4.849246e+00 9.920270e-01 7.951810e-03 2.113191e-05 2.103356e-08 4.024135e-12 
5.025126e+00 9.905036e-01 9.466338e-03 2.999427e-05 3.559556e-08 8.119680e-12 
5.201005e+00 9.886914e-01 1.126601e-02 4.256081e-05 6.022139e-08 1.637862e-11 
5.376884e+00 9.865364e-01 1.340312e-02 6.037111e-05 1.018482e-07 3.302658e-11 
5.552764e+00 9.839753e-01 1.593898e-02 8.559869e-05 1.721769e-07 6.656845e-11 
5.728643e+00 9.809332e-01 1.894520e-02 1.213080e-04 2.909247e-07 1.341089e-10 
5.904523e+00 9.773226e-01 2.250511e-02 1.718125e-04 4.912804e-07 2.700162e-10 
6.080402e+00 9.730408e-01 2.671516e-02 2.431727e-04 8.290351e-07 5.432713e-10 
6.256281e+00 9.679684e-01 3.168628e-02 3.438838e-04 1.397827e-06 1.092146e-09 
6.432161e+00 9.619667e-01 3.754513e-02 4.858224e-04 2.354521e-06 2.193377e-09 
6.608040e+00 9.548756e-01 4.443486e-02 6.855374e-04 3.961318e-06 4.399810e-09 
6.783920e+00 9.465120e-01 5.251538e-02 9.660006e-04 6.655326e-06 8.813471e-09 
6.959799e+00 9.366673e-01 6.196255e-02 1.358950e-03 1.116295e-05 1.762544e-08 
7.135678e+00 9.251075e-01 7.296583e-02 1.907995e-03 1.868685e-05 3.517877e-08 
7.311558e+00 9.115722e-01 8.572389e-02 2.672656e-03 3.120940e-05 7.005085e-08 
7.487437e+00 8.957772e-01 1.004371e-01 3.733524e-03 5.198101e-05 1.391093e-07 
7.663317e+00 8.774184e-01 1.172963e-01 5.198673e-03 8.629821e-05 2.753574e-07 
7.839196e+00 8.561790e-01 1.364664e-01 7.211361e-03 1.427282e-04 5.429856e-07 
8.015075e+00 8.317412e-01 1.580639e-01 9.958818e-03 2.350087e-04 1.065972e-06 
8.190955e+00 8.038030e-01 1.821284e-01 1.368158e-02 3.849424e-04 2.081809e-06 
8.366834e+00 7.721009e-01 2.085862e-01 1.868218e-02 6.267156e-04 4.041096e-06 
8.542714e+00 7.364386e-01 2.372092e-01 2.533126e-02 1.013172e-03 7.789247e-06 
8.718593e+00 6.967221e-01 2.675704e-01 3.406801e-02 1.624638e-03 1.489198e-05 
8.894472e+00 6.529984e-01 2.990019e-01 4.539063e-02 2.580831e-03 2.820582e-05 
9.070352e+00 6.054950e-01 3.305643e-01 5.983174e-02 4.056098e-03 5.285316e-05 
9.246231e+00 5.546547e-01 3.610368e-01 7.791312e-02 6.297540e-03 9.784010e-05 
9.422111e+00 5.011576e-01 3.889435e-01 1.000758e-01 9.644349e-03 1.786497e-04 
9.597990e+00 4.459235e-01 4.126255e-01 1.265850e-01 1.454485e-02 3.212345e-04 
9.773869e+00 3.900849e-01 4.303662e-01 1.574156e-01 2.156544e-02 5.678775e-04 
9.949749e+00 3.349276e-01 4.405686e-01 1.921350e-01 3.138344e-02 9.853270e-04 
1.012563e+01 2.817996e-01 4.419635e-01 2.298067e-01 4.475487e-02 1.675342e-03 
1.030151e+01 2.319955e-01 4.338194e-01 2.689483e-01 6.244962e-02 2.787254e-03 
1.047739e+01 1.866350e-01 4.161080e-01 3.075738e-01 8.515180e-02 4.531312e-03 
1.065327e+01 1.465554e-01 3.895814e-01 3.433405e-01 1.133321e-01 7.190623e-03 
1.082915e+01 1.122383e-01 3.557302e-01 3.737929e-01 1.471101e-01 1.112857e-02 
1.100503e+01 8.378653e-02 3.166194e-01 3.966717e-01 1.861341e-01 1.678829e-02 
1.118090e+01 6.095363e-02 2.746289e-01 4.102262e-01 2.295100e-01 2.468116e-02 
1.135678e+01 4.321620e-02 2.321543e-01 4.134637e-01 2.758030e-01 3.536278e-02 
1.153266e+01 2.987213e-02 1.913286e-01 4.062785e-01 3.231239e-01 4.939692e-02 
1.170854e+01 2.014253e-02 1.538194e-01 3.894382e-01 3.692896e-01 6.731029e-02 
1.188442e+01 1.325956e-02 1.207285e-01 3.644355e-01 4.120337e-01 8.954276e-02 
1.206030e+01 8.529295e-03 9.259278e-02 3.332510e-01 4.492282e-01 1.163987e-01 
1.223618e+01 5.366708e-03 6.946330e-02 2.980803e-01 4.790846e-01 1.480052e-01 
1.241206e+01 3.306585e-03 5.102824e-02 2.610790e-01 5.003044e-01 1.842818e-01 
1.258794e+01 1.997126e-03 3.674682e-02 2.241633e-01 5.121656e-01 2.249272e-01 
1.276382e+01 1.183763e-03 2.596945e-02 1.888821e-01 5.145413e-01 2.694234e-01 
1.293970e+01 6.893456e-04 1.803094e-02 1.563615e-01 5.078584e-01 3.170598e-01 
1.311558e+01 3.948194e-04 1.231298e-02 1.273087e-01 4.930086e-01 3.669749e-01 
1.329146e+01 2.226509e-04 8.278900e-03 1.020590e-01 4.712277e-01 4.182117e-01 
1.346734e+01 1.237627e-04 5.486827e-03 8.064608e-02 4.439626e-01 4.697807e-01 
1.364322e+01 6.788404e-05 3.588250e-03 6.288226e-02 4.127383e-01 5.207233e-01 
1.381910e+01 3.678154e-05 2.318080e-03 4.843478e-02 3.790420e-01 5.701683e-01 
1.399497e+01 1.970800e-05 1.480896e-03 3.689240e-02 3.442313e-01 6.173757e-01 
1.417085e+01 1.045351e-05 9.365429e-04 2.781784e-02 3.094713e-01 6.617638e-01 
1.434673e+01 5.494541e-06 5.869218e-04 2.078545e-02 2.757020e-01 7.029201e-01 
1.452261e+01 2.864661e-06 3.648426e-04 1.540523e-02 2.436307e-01 7.405963e-01 
1.469849e+01 1.482816e-06 2.251660e-04 1.133572e-02 2.137452e-01 7.746924e-01 
1.487437e+01 7.626857e-07 1.380845e-04 8.288471e-03 1.863396e-01 8.052331e-01 
1.505025e+01 3.901138e-07 8.421200e-05 6.026804e-03 1.615479e-01 8.323407e-01 
1.522613e+01 1.985803e-07 5.110957e-05 4.361127e-03 1.393787e-01 8.562089e-01 
1.540201e+01 1.006609e-07 3.088945e-05 3.142607e-03 1.197488e-01 8.770776e-01 
1.557789e+01 5.084111e-08 1.860150e-05 2.256376e-03 1.025123e-01 8.952127e-01 
1.575377e+01 2.559885e-08 1.116701e-05 1.615042e-03 8.748464e-02 9.108891e-01 
1.592965e+01 1.285497e-08 6.686072e-06 1.152926e-03 7.446167e-02 9.243787e-01 
1.610553e+01 6.440743e-09 3.994103e-06 8.211700e-04 6.323361e-02 9.359412e-01 
1.628141e+01 3.220784e-09 2.381378e-06 5.837483e-04 5.359496e-02 9.458189e-01 
1.645729e+01 1.607957e-09 1.417505e-06 4.142908e-04 4.535102e-02 9.542333e-01 
1.663317e+01 8.016462e-10 8.425903e-07 2.936166e-04 3.832179e-02 9.613837e-01 
1.680905e+01 3.991900e-10 5.002612e-07 2.078473e-04 3.234395e-02 9.674477e-01 
1.698492e+01 1.985840e-10 2.967187e-07 1.469860e-04 2.727144e-02 9.725813e-01 
1.716080e+01 9.870608e-11 1.758442e-07 1.038586e-04 2.297514e-02 9.769208e-01 
1.733668e+01 4.902705e-11 1.041366e-07 7.333330e-05 1.934195e-02 9.805846e-01 
1.751256e+01 2.433707e-11 6.163386e-08 5.174885e-05 1.627359e-02 9.836746e-01 
1.768844e+01 1.207487e-11 3.646003e-08 3.649908e-05 1.368510e-02 9.862784e-01 
1.786432e+01 5.988432e-12 2.155912e-08 2.573234e-05 1.150347e-02 9.884708e-01 
1.804020e+01 2.968856e-12 1.274355e-08 1.813519e-05 9.666185e-03 9.903157e-01 
1.821608e+01 1.471415e-12 7.530435e-09 1.277719e-05 8.119917e-03 9.918673e-01 
1.839196e+01 7.290750e-13 4.448775e-09 8.999929e-06 6.819286e-03 9.931717e-01 
1.856784e+01 3.611748e-13 2.627660e-09 6.337986e-06 5.725778e-03 9.942679e-01 
1.874372e+01 1.788899e-13 1.551747e-09 4.462584e-06 4.806767e-03 9.951888e-01 
1.891960e+01 8.859094e-14 9.162372e-10 3.141644e-06 4.034661e-03 9.959622e-01 
1.909548e+01 4.386707e-14 5.409295e-10 2.211430e-06 3.386154e-03 9.966116e-01 
1.927136e+01 2.171913e-14 3.193213e-10 1.556481e-06 2.841586e-03 9.971569e-01 
1.944724e+01 1.075246e-14 1.884850e-10 1.095408e-06 2.384386e-03 9.976145e-01 
1.962312e+01 5.322813e-15 1.112484e-10 7.708616e-07 2.000600e-03 9.979986e-01 
1.979899e+01 2.634800e-15 6.565737e-11 5.424375e-07 1.678484e-03 9.983210e-01 
1.997487e+01 1.304162e-15 3.874813e-11 3.816809e-07 1.408158e-03 9.985915e-01 
2.015075e+01 6.455002e-16 2.286647e-11 2.685544e-07 1.181317e-03 9.988184e-01 
2.032663e+01 3.194812e-16 1.349372e-11 1.889505e-07 9.909823e-04 9.990088e-01 
2.050251e+01 1.581179e-16 7.962522e-12 1.329385e-07 8.312887e-04 9.991686e-01 
2.067839e+01 7.825380e-17 4.698492e-12 9.352808e-08 6.973113e-04 9.993026e-01 
2.085427e+01 3.872759e-17 2.772407e-12 6.579971e-08 5.849141e-04 9.994150e-01 
2.103015e+01 1.916583e-17 1.635866e-12 4.629116e-08 4.906249e-04 9.995093e-01 
2.120603e+01 9.484801e-18 9.652319e-13 3.256608e-08 4.115291e-04 9.995884e-01 
2.138191e+01 4.693785e-18 5.695215e-13 2.291013e-08 3.451802e-04 9.996548e-01 
2.155779e+01 2.322810e-18 3.360346e-13 1.611702e-08 2.895254e-04 9.997105e-01 
2.173367e+01 1.149476e-18 1.982686e-13 1.133804e-08 2.428418e-04 9.997571e-01 
2.190955e+01 5.688310e-19 1.169824e-13 7.976057e-09 2.036841e-04 9.997963e-01 
2.208543e+01 2.814905e-19 6.902151e-14 5.610940e-09 1.708393e-04 9.998292e-01 
2.226131e+01 1.392970e-19 4.072359e-14 3.947123e-09 1.432902e-04 9.998567e-01 
2.243719e+01 6.893156e-20 2.402734e-14 2.776667e-09 1.201830e-04 9.998798e-01 
2.261307e+01 3.411087e-20 1.417633e-14 1.953284e-09 1.008017e-04 9.998992e-01 
2.278894e+01 1.687975e-20 8.364125e-15 1.374059e-09 8.454570e-05 9.999155e-01 
2.296482e+01 8.352916e-21 4.934874e-15 9.665949e-10 7.091106e-05 9.999291e-01 
2.314070e+01 4.133418e-21 2.911593e-15 6.799587e-10 5.947515e-05 9.999405e-01 
2.331658e+01 2.045407e-21 1.717847e-15 4.783214e-10 4.988342e-05 9.999501e-01 
2.349246e+01 1.012160e-21 1.013532e-15 3.364778e-10 4.183852e-05 9.999582e-01 
2.366834e+01 5.008624e-22 5.979849e-16 2.366968e-10 3.509100e-05 9.999649e-01 
2.384422e+01 2.478490e-22 3.528112e-16 1.665053e-10 2.943166e-05 9.999706e-01 
2.402010e+01 1.226466e-22 2.081585e-16 1.171287e-10 2.468501e-05 9.999753e-01 
2.419598e+01 6.069086e-23 1.228133e-16 8.239445e-11 2.070388e-05 9.999793e-01 
2.437186e+01 3.003246e-23 7.245970e-17 5.796055e-11 1.736479e-05 9.999826e-01 
2.454774e+01 1.486135e-23 4.275111e-17 4.077245e-11 1.456423e-05 9.999854e-01 
2.472362e+01 7.354033e-24 2.522308e-17 2.868144e-11 1.221532e-05 9.999878e-01 
2.489950e+01 3.639088e-24 1.488156e-17 2.017599e-11 1.024525e-05 9.999898e-01 
2.507538e+01 1.800775e-24 8.780089e-18 1.419282e-11 8.592898e-06 9.999914e-01 
2.525126e+01 8.910997e-25 5.180231e-18 9.983950e-12 7.207038e-06 9.999928e-01 
2.542714e+01 4.409537e-25 3.056323e-18 7.023216e-12 6.044687e-06 9.999940e-01 
2.560302e+01 2.182024e-25 1.803223e-18 4.940484e-12 5.069800e-06 9.999949e-01 
2.577889e+01 1.079757e-25 1.063896e-18 3.475385e-12 4.252142e-06 9.999957e-01 
2.595477e+01 5.343092e-26 6.276959e-19 2.444761e-12 3.566355e-06 9.999964e-01 
2.613065e+01 2.643986e-26 3.703388e-19 1.719767e-12 2.991172e-06 9.999970e-01 
2.630653e+01 1.308355e-26 2.184988e-19 1.209771e-12 2.508754e-06 9.999975e-01 
2.648241e+01 6.474286e-27 1.289136e-19 8.510132e-13 2.104141e-06 9.999979e-01 
2.665829e+01 3.203747e-27 7.605866e-20 5.986453e-13 1.764784e-06 9.999982e-01 
2.683417e+01 1.585348e-27 4.487438e-20 4.211170e-13 1.480158e-06 9.999985e-01 
2.701005e+01 7.844962e-28 2.647575e-20 2.962347e-13 1.241438e-06 9.999988e-01 
2.718593e+01 3.882014e-28 1.562061e-20 2.083863e-13 1.041218e-06 9.999990e-01 
2.736181e+01 1.920982e-28 9.216110e-21 1.465893e-13 8.732893e-07 9.999991e-01 
2.753769e+01 9.505821e-29 5.437476e-21 1.031182e-13 7.324445e-07 9.999993e-01 
2.771357e+01 4.703876e-29 3.208094e-21 7.253851e-14 6.143153e-07 9.999994e-01 
2.788945e+01 2.327674e-29 1.892765e-21 5.102720e-14 5.152381e-07 9.999995e-01 
2.806533e+01 1.151830e-29 1.116725e-21 3.589508e-14 4.321400e-07 9.999996e-01 
2.824121e+01 5.699734e-30 6.588645e-22 2.525039e-14 3.624442e-07 9.999996e-01 
2.841709e+01 2.820465e-30 3.887280e-22 1.776238e-14 3.039889e-07 9.999997e-01 
2.859296e+01 1.395684e-30 2.293483e-22 1.249494e-14 2.549613e-07 9.999997e-01 
2.876884e+01 6.906424e-31 1.353147e-22 8.789565e-15 2.138409e-07 9.999998e-01 
2.894472e+01 3.417586e-31 7.983526e-23 6.183018e-15 1.793525e-07 9.999998e-01 
2.912060e+01 1.691164e-31 4.710255e-23 4.349443e-15 1.504264e-07 9.999998e-01 
2.929648e+01 8.368581e-32 2.779035e-23 3.059615e-15 1.261655e-07 9.999999e-01 
2.947236e+01 4.141122e-32 1.639622e-23 2.152285e-15 1.058174e-07 9.999999e-01 
2.964824e+01 2.049199e-32 9.673717e-24 1.514025e-15 8.875107e-08 9.999999e-01 
2.982412e+01 1.014029e-32 5.707462e-24 1.065040e-15 7.443722e-08 9.999999e-01 
3.000000e+01 5.017838e-33 3.367384e-24 7.492023e-16 6.243192e-08 9.999999e-01 
