#E                   4            5            6            7            8 
-5.000000e+00 9.999903e-01 9.684466e-06 3.031682e-11 3.952160e-17 1.427301e-23 
-4.824121e+00 9.999885e-01 1.154671e-05 4.309727e-11 6.698601e-17 2.884355e-23 
-4.648241e+00 9.999862e-01 1.376705e-05 6.126547e-11 1.135360e-16 5.828832e-23 
-4.472362e+00 9.999836e-01 1.641433e-05 8.709265e-11 1.924344e-16 1.177916e-22 
-4.296482e+00 9.999804e-01 1.957065e-05 1.238075e-10 3.261607e-16 2.380382e-22 
-4.120603e+00 9.999767e-01 2.333388e-05 1.759999e-10 5.528157e-16 4.810373e-22 
-3.944724e+00 9.999722e-01 2.782073e-05 2.501942e-10 9.369767e-16 9.720993e-22 
-3.768844e+00 9.999668e-01 3.317032e-05 3.556656e-10 1.588096e-15 1.964455e-21 
-3.592965e+00 9.999605e-01 3.954853e-05 5.055987e-10 2.691686e-15 3.969841e-21 
-3.417085e+00 9.999528e-01 4.715312e-05 7.187363e-10 4.562170e-15 8.022388e-21 
-3.241206e+00 9.999438e-01 5.621989e-05 1.021722e-09 7.732464e-15 1.621189e-20 
-3.065327e+00 9.999330e-01 6.702993e-05 1.452428e-09 1.310580e-14 3.276141e-20 
-2.889447e+00 9.999201e-01 7.991837e-05 2.064696e-09 2.221306e-14 6.620501e-20 
-2.713568e+00 9.999047e-01 9.528474e-05 2.935055e-09 3.764887e-14 1.337883e-19 
-2.537688e+00 9.998864e-01 1.136054e-04 4.172297e-09 6.381083e-14 2.703609e-19 
-2.361809e+00 9.998645e-01 1.354481e-04 5.931064e-09 1.081522e-13 5.463465e-19 
-2.185930e+00 9.998385e-01 1.614898e-04 8.431177e-09 1.833050e-13 1.104055e-18 
-2.010050e+00 9.998075e-01 1.925373e-04 1.198510e-08 3.106785e-13 2.231059e-18 
-1.834171e+00 9.997704e-01 2.295526e-04 1.703697e-08 5.265570e-13 4.508465e-18 
-1.658291e+00 9.997263e-01 2.736822e-04 2.421811e-08 8.924350e-13 9.110523e-18 
-1.482412e+00 9.996737e-01 3.262926e-04 3.442582e-08 1.512530e-12 1.841002e-17 
-1.306533e+00 9.996109e-01 3.890123e-04 4.893548e-08 2.563464e-12 3.720153e-17 
-1.130653e+00 9.995361e-01 4.637825e-04 6.955980e-08 4.344553e-12 7.517304e-17 
-9.547739e-01 9.994470e-01 5.529158e-04 9.887499e-08 7.363032e-12 1.518998e-16 
-7.788945e-01 9.993407e-01 6.591683e-04 1.405423e-07 1.247846e-11 3.069339e-16 
-6.030151e-01 9.992140e-01 7.858229e-04 1.997648e-07 2.114736e-11 6.201883e-16 
-4.271357e-01 9.990629e-01 9.367905e-04 2.839359e-07 3.583776e-11 1.253117e-15 
-2.512563e-01 9.988829e-01 1.116729e-03 4.035607e-07 6.073134e-11 2.531904e-15 
-7.537688e-02 9.986682e-01 1.331183e-03 5.735647e-07 1.029129e-10 5.115496e-15 
1.005025e-01 9.984124e-01 1.586755e-03 8.151510e-07 1.743850e-10 1.033499e-14 
2.763819e-01 9.981075e-01 1.891302e-03 1.158437e-06 2.954791e-10 2.087908e-14 
4.522613e-01 9.977442e-01 2.254167e-03 1.646194e-06 5.006324e-10 4.217811e-14 
6.281407e-01 9.973112e-01 2.686464e-03 2.339158e-06 8.481659e-10 8.519859e-14 
8.040201e-01 9.967953e-01 3.201399e-03 3.323546e-06 1.436833e-09 1.720844e-13 
9.798995e-01 9.961806e-01 3.814656e-03 4.721725e-06 2.433823e-09 3.475421e-13 
1.155779e+00 9.954484e-01 4.544849e-03 6.707309e-06 4.122113e-09 7.018138e-13 
1.331658e+00 9.945764e-01 5.414050e-03 9.526527e-06 6.980551e-09 1.417017e-12 
1.507538e+00 9.935381e-01 6.448402e-03 1.352844e-05 1.181915e-08 2.860587e-12 
1.683417e+00 9.923019e-01 7.678827e-03 1.920764e-05 2.000765e-08 5.773622e-12 
1.859296e+00 9.908309e-01 9.141848e-03 2.726445e-05 3.386118e-08 1.165032e-11 
2.035176e+00 9.890807e-01 1.088052e-02 3.868974e-05 5.729077e-08 2.350195e-11 
2.211055e+00 9.869995e-01 1.294549e-02 5.488427e-05 9.689921e-08 4.739395e-11 
2.386935e+00 9.845259e-01 1.539614e-02 7.782605e-05 1.638252e-07 9.553596e-11 
2.562814e+00 9.815875e-01 1.830195e-02 1.103046e-04 2.768427e-07 1.924875e-10 
2.738693e+00 9.780995e-01 2.174377e-02 1.562481e-04 4.675601e-07 3.876059e-10 
2.914573e+00 9.739627e-01 2.581532e-02 2.211775e-04 7.891273e-07 7.799801e-10 
3.090452e+00 9.690613e-01 3.062456e-02 3.128360e-04 1.330780e-06 1.568289e-09 
3.266332e+00 9.632608e-01 3.629493e-02 4.420549e-04 2.242071e-06 3.150305e-09 
3.442211e+00 9.564060e-01 4.296629e-02 6.239382e-04 3.773098e-06 6.320987e-09 
3.618090e+00 9.483189e-01 5.079529e-02 8.794691e-04 6.341041e-06 1.266575e-08 
3.793970e+00 9.387968e-01 5.995482e-02 1.237670e-03 1.063967e-05 2.533855e-08 
3.969849e+00 9.276116e-01 7.063209e-02 1.738466e-03 1.781858e-05 5.059530e-08 
4.145729e+00 9.145090e-01 8.302471e-02 2.436435e-03 2.977455e-05 1.008012e-07 
4.321608e+00 8.992106e-01 9.733393e-02 3.405612e-03 4.962140e-05 2.002964e-07 
4.497487e+00 8.814173e-01 1.137543e-01 4.745503e-03 8.244029e-05 3.967592e-07 
4.673367e+00 8.608158e-01 1.324585e-01 6.588368e-03 1.364641e-04 7.830500e-07 
4.849246e+00 8.370893e-01 1.535766e-01 9.107649e-03 2.249212e-04 1.538809e-06 
5.025126e+00 8.099329e-01 1.771682e-01 1.252710e-02 3.688570e-04 3.008818e-06 
5.201005e+00 7.790747e-01 2.031885e-01 1.712961e-02 6.013654e-04 5.848705e-06 
5.376884e+00 7.443030e-01 2.314479e-01 2.326403e-02 9.737768e-04 1.129183e-05 
5.552764e+00 7.054994e-01 2.615674e-01 3.134720e-02 1.564432e-03 2.162942e-05 
5.728643e+00 6.626759e-01 2.929352e-01 4.185720e-02 2.490643e-03 4.105662e-05 
5.904523e+00 6.160140e-01 3.246717e-01 5.531291e-02 3.924202e-03 7.712701e-05 
6.080402e+00 5.659000e-01 3.556125e-01 7.223414e-02 6.110135e-03 1.431823e-04 
6.256281e+00 5.129503e-01 3.843227e-01 9.307756e-02 9.387214e-03 2.622761e-04 
6.432161e+00 4.580189e-01 4.091548e-01 1.181463e-01 1.420677e-02 4.732610e-04 
6.608040e+00 4.021801e-01 4.283594e-01 1.474769e-01 2.114379e-02 8.397919e-04 
6.783920e+00 3.466792e-01 4.402496e-01 1.807167e-01 3.089160e-02 1.462894e-03 
6.959799e+00 2.928523e-01 4.434078e-01 2.170131e-01 4.422945e-02 2.497281e-03 
7.135678e+00 2.420196e-01 4.369066e-01 2.549499e-01 6.195321e-02 4.170644e-03 
7.311558e+00 1.953657e-01 4.205037e-01 2.925630e-01 8.476409e-02 6.803535e-03 
7.487437e+00 1.538258e-01 3.947609e-01 3.274668e-01 1.131210e-01 1.082553e-02 
7.663317e+00 1.179989e-01 3.610492e-01 3.570943e-01 1.470761e-01 1.678154e-02 
7.839196e+00 8.810460e-02 3.214182e-01 3.790273e-01 1.861287e-01 2.532132e-02 
8.015075e+00 6.399294e-02 2.783475e-01 3.913549e-01 2.291380e-01 3.716667e-02 
8.190955e+00 4.520292e-02 2.344257e-01 3.929815e-01 2.743354e-01 5.305445e-02 
8.366834e+00 3.105558e-02 1.920268e-01 3.838064e-01 3.194518e-01 7.365950e-02 
8.542714e+00 2.076025e-02 1.530517e-01 3.647305e-01 3.619501e-01 9.950745e-02 
8.718593e+00 1.351316e-02 1.187807e-01 3.374918e-01 3.993221e-01 1.308922e-01 
8.894472e+00 8.573058e-03 8.984798e-02 3.043750e-01 4.293906e-01 1.678133e-01 
9.070352e+00 5.307418e-03 6.631920e-02 2.678696e-01 4.505577e-01 2.099460e-01 
9.246231e+00 3.210577e-03 4.783244e-02 2.303510e-01 4.619559e-01 2.566500e-01 
9.422111e+00 1.900502e-03 3.375912e-02 1.938395e-01 4.634854e-01 3.070155e-01 
9.597990e+00 1.102564e-03 2.335124e-02 1.598617e-01 4.557450e-01 3.599395e-01 
9.773869e+00 6.278713e-04 1.585479e-02 1.294131e-01 4.398850e-01 4.142192e-01 
9.949749e+00 3.515227e-04 1.058344e-02 1.029978e-01 4.174191e-01 4.686481e-01 
1.012563e+01 1.937886e-04 6.956408e-03 8.071791e-02 3.900296e-01 5.221023e-01 
1.030151e+01 1.053546e-04 4.509140e-03 6.238239e-02 3.593959e-01 5.736072e-01 
1.047739e+01 5.656670e-05 2.886586e-03 4.761417e-02 3.270626e-01 6.223801e-01 
1.065327e+01 3.003647e-05 1.827494e-03 3.594109e-02 2.943535e-01 6.678479e-01 
1.082915e+01 1.579347e-05 1.145693e-03 2.686500e-02 2.623302e-01 7.096433e-01 
1.100503e+01 8.233126e-06 7.120963e-04 1.990861e-02 2.317853e-01 7.475858e-01 
1.118090e+01 4.259744e-06 4.392795e-04 1.464288e-02 2.032614e-01 7.816522e-01 
1.135678e+01 2.189585e-06 2.692171e-04 1.069970e-02 1.770857e-01 8.119432e-01 
1.153266e+01 1.119137e-06 1.640618e-04 7.774275e-03 1.534105e-01 8.386500e-01 
1.170854e+01 5.692302e-07 9.949374e-05 5.621234e-03 1.322545e-01 8.620242e-01 
1.188442e+01 2.883212e-07 6.008524e-05 4.047503e-03 1.135401e-01 8.823520e-01 
1.206030e+01 1.455163e-07 3.615649e-05 2.903949e-03 9.712582e-02 8.999339e-01 
1.223618e+01 7.321858e-08 2.169099e-05 2.077140e-03 8.283136e-02 9.150697e-01 
1.241206e+01 3.674545e-08 1.297912e-05 1.481886e-03 7.045753e-02 9.280476e-01 
1.258794e+01 1.840045e-08 7.749140e-06 1.054889e-03 5.980021e-02 9.391371e-01 
1.276382e+01 9.196916e-09 4.617966e-06 7.495271e-04 5.066019e-02 9.485857e-01 
1.293970e+01 4.589544e-09 2.747651e-06 5.317183e-04 4.284938e-02 9.566162e-01 
1.311558e+01 2.287267e-09 1.632647e-06 3.767002e-04 3.619447e-02 9.634272e-01 
1.329146e+01 1.138610e-09 9.690222e-07 2.665758e-04 3.053870e-02 9.691938e-01 
1.346734e+01 5.662654e-10 5.745957e-07 1.884659e-04 2.574222e-02 9.740687e-01 
1.364322e+01 2.813958e-10 3.404421e-07 1.331365e-04 2.168173e-02 9.781848e-01 
1.381910e+01 1.397405e-10 2.015726e-07 9.398724e-05 1.824942e-02 9.816564e-01 
1.399497e+01 6.935549e-11 1.192816e-07 6.631233e-05 1.535175e-02 9.845818e-01 
1.417085e+01 3.440585e-11 7.055184e-08 4.676410e-05 1.290802e-02 9.870451e-01 
1.434673e+01 1.706120e-11 4.171278e-08 3.296528e-05 1.084894e-02 9.891181e-01 
1.452261e+01 8.457472e-12 2.465378e-08 2.323030e-05 9.115252e-03 9.908615e-01 
1.469849e+01 4.191299e-12 1.456717e-08 1.636552e-05 7.656445e-03 9.923272e-01 
1.487437e+01 2.076604e-12 8.605251e-09 1.152661e-05 6.429578e-03 9.935589e-01 
1.505025e+01 1.028660e-12 5.082358e-09 8.116836e-06 5.398226e-03 9.945937e-01 
1.522613e+01 5.094686e-13 3.001195e-09 5.714775e-06 4.531552e-03 9.954627e-01 
1.540201e+01 2.522910e-13 1.771993e-09 4.023005e-06 3.803485e-03 9.961925e-01 
1.557789e+01 1.249209e-13 1.046113e-09 2.831722e-06 3.192018e-03 9.968051e-01 
1.575377e+01 6.184794e-14 6.175220e-10 1.993002e-06 2.678588e-03 9.973194e-01 
1.592965e+01 3.061818e-14 3.644937e-10 1.402584e-06 2.247555e-03 9.977510e-01 
1.610553e+01 1.515665e-14 2.151282e-10 9.870053e-07 1.885752e-03 9.981133e-01 
1.628141e+01 7.502424e-15 1.269636e-10 6.945201e-07 1.582098e-03 9.984172e-01 
1.645729e+01 3.713460e-15 7.492723e-11 4.886848e-07 1.327274e-03 9.986722e-01 
1.663317e+01 1.837968e-15 4.421630e-11 3.438389e-07 1.113449e-03 9.988862e-01 
1.680905e+01 9.096665e-16 2.609216e-11 2.419168e-07 9.340388e-04 9.990657e-01 
1.698492e+01 4.502086e-16 1.539661e-11 1.702020e-07 7.835143e-04 9.992163e-01 
1.716080e+01 2.228101e-16 9.085100e-12 1.197437e-07 6.572315e-04 9.993426e-01 
1.733668e+01 1.102674e-16 5.360748e-12 8.424261e-08 5.512911e-04 9.994486e-01 
1.751256e+01 5.456975e-17 3.163106e-12 5.926571e-08 4.624195e-04 9.995375e-01 
1.768844e+01 2.700540e-17 1.866361e-12 4.169356e-08 3.878690e-04 9.996121e-01 
1.786432e+01 1.336423e-17 1.101216e-12 2.933116e-08 3.253335e-04 9.996746e-01 
1.804020e+01 6.613524e-18 6.497481e-13 2.063408e-08 2.728778e-04 9.997271e-01 
1.821608e+01 3.272791e-18 3.833661e-13 1.451568e-08 2.288779e-04 9.997711e-01 
1.839196e+01 1.619573e-18 2.261931e-13 1.021143e-08 1.919713e-04 9.998080e-01 
1.856784e+01 8.014568e-19 1.334574e-13 7.183450e-09 1.610150e-04 9.998390e-01 
1.874372e+01 3.966045e-19 7.874146e-14 5.053327e-09 1.350499e-04 9.998649e-01 
1.891960e+01 1.962607e-19 4.645822e-14 3.554840e-09 1.132714e-04 9.998867e-01 
1.909548e+01 9.711971e-20 2.741070e-14 2.500697e-09 9.500462e-05 9.999050e-01 
1.927136e+01 4.805961e-20 1.617247e-14 1.759142e-09 7.968341e-05 9.999203e-01 
1.944724e+01 2.378220e-20 9.541830e-15 1.237484e-09 6.683286e-05 9.999332e-01 
1.962312e+01 1.176855e-20 5.629709e-15 8.705170e-10 5.605460e-05 9.999439e-01 
1.979899e+01 5.823620e-21 3.321541e-15 6.123705e-10 4.701449e-05 9.999530e-01 
1.997487e+01 2.881791e-21 1.959713e-15 4.307752e-10 3.943225e-05 9.999606e-01 
2.015075e+01 1.426039e-21 1.156232e-15 3.030306e-10 3.307280e-05 9.999669e-01 
2.032663e+01 7.056672e-22 6.821767e-16 2.131680e-10 2.773894e-05 9.999723e-01 
2.050251e+01 3.491951e-22 4.024838e-16 1.499536e-10 2.326528e-05 9.999767e-01 
2.067839e+01 1.727969e-22 2.374651e-16 1.054852e-10 1.951311e-05 9.999805e-01 
2.085427e+01 8.550735e-23 1.401041e-16 7.420380e-11 1.636607e-05 9.999836e-01 
2.103015e+01 4.231271e-23 8.266117e-17 5.219879e-11 1.372657e-05 9.999863e-01 
2.120603e+01 2.093813e-23 4.876993e-17 3.671931e-11 1.151276e-05 9.999885e-01 
2.138191e+01 1.036108e-23 2.877416e-17 2.583024e-11 9.655993e-06 9.999903e-01 
2.155779e+01 5.127101e-24 1.697669e-17 1.817030e-11 8.098678e-06 9.999919e-01 
2.173367e+01 2.537106e-24 1.001620e-17 1.278191e-11 6.792525e-06 9.999932e-01 
2.190955e+01 1.255467e-24 5.909534e-18 8.991442e-12 5.697027e-06 9.999943e-01 
2.208543e+01 6.212578e-25 3.486609e-18 6.325034e-12 4.778210e-06 9.999952e-01 
2.226131e+01 3.074244e-25 2.057090e-18 4.449347e-12 4.007579e-06 9.999960e-01 
2.243719e+01 1.521265e-25 1.213677e-18 3.129894e-12 3.361236e-06 9.999966e-01 
2.261307e+01 7.527856e-26 7.160660e-19 2.201725e-12 2.819134e-06 9.999972e-01 
2.278894e+01 3.725098e-26 4.224768e-19 1.548803e-12 2.364463e-06 9.999976e-01 
2.296482e+01 1.843334e-26 2.492601e-19 1.089506e-12 1.983121e-06 9.999980e-01 
2.314070e+01 9.121586e-27 1.470627e-19 7.664129e-13 1.663282e-06 9.999983e-01 
2.331658e+01 4.513741e-27 8.676654e-20 5.391331e-13 1.395027e-06 9.999986e-01 
2.349246e+01 2.233588e-27 5.119199e-20 3.792532e-13 1.170036e-06 9.999988e-01 
2.366834e+01 1.105272e-27 3.020312e-20 2.667856e-13 9.813317e-07 9.999990e-01 
2.384422e+01 5.469347e-28 1.781974e-20 1.876703e-13 8.230618e-07 9.999992e-01 
2.402010e+01 2.706461e-28 1.051359e-20 1.320166e-13 6.903178e-07 9.999993e-01 
2.419598e+01 1.339270e-28 6.202987e-21 9.286709e-14 5.789828e-07 9.999994e-01 
2.437186e+01 6.627263e-29 3.659743e-21 6.532734e-14 4.856040e-07 9.999995e-01 
2.454774e+01 3.279446e-29 2.159237e-21 4.595451e-14 4.072854e-07 9.999996e-01 
2.472362e+01 1.622806e-29 1.273943e-21 3.232669e-14 3.415981e-07 9.999997e-01 
2.489950e+01 8.030321e-30 7.516221e-22 2.274020e-14 2.865048e-07 9.999997e-01 
2.507538e+01 3.973737e-30 4.434547e-22 1.599659e-14 2.402971e-07 9.999998e-01 
2.525126e+01 1.966370e-30 2.616368e-22 1.125280e-14 2.015418e-07 9.999998e-01 
2.542714e+01 9.730419e-31 1.543649e-22 7.915780e-15 1.690370e-07 9.999998e-01 
2.560302e+01 4.815016e-31 9.107480e-23 5.568354e-15 1.417745e-07 9.999999e-01 
2.577889e+01 2.382670e-31 5.373384e-23 3.917057e-15 1.189090e-07 9.999999e-01 
2.595477e+01 1.179044e-31 3.170279e-23 2.755453e-15 9.973127e-08 9.999999e-01 
2.613065e+01 5.834402e-32 1.870455e-23 1.938323e-15 8.364652e-08 9.999999e-01 
2.630653e+01 2.887105e-32 1.103562e-23 1.363513e-15 7.015594e-08 9.999999e-01 
2.648241e+01 1.428660e-32 6.510982e-24 9.591628e-16 5.884113e-08 9.999999e-01 
2.665829e+01 7.069602e-33 3.841458e-24 6.747229e-16 4.935118e-08 1.000000e+00 
2.683417e+01 3.498333e-33 2.266448e-24 4.746337e-16 4.139178e-08 1.000000e+00 
2.701005e+01 1.731121e-33 1.337197e-24 3.338809e-16 3.471608e-08 1.000000e+00 
2.718593e+01 8.566305e-34 7.889420e-25 2.348685e-16 2.911704e-08 1.000000e+00 
2.736181e+01 4.238964e-34 4.654732e-25 1.652182e-16 2.442102e-08 1.000000e+00 
2.753769e+01 2.097616e-34 2.746277e-25 1.162227e-16 2.048237e-08 1.000000e+00 
2.771357e+01 1.037987e-34 1.620295e-25 8.175683e-17 1.717896e-08 1.000000e+00 
2.788945e+01 5.136394e-35 9.559686e-26 5.751182e-17 1.440832e-08 1.000000e+00 
2.806533e+01 2.541701e-35 5.640184e-26 4.045668e-17 1.208454e-08 1.000000e+00 
2.824121e+01 1.257740e-35 3.327691e-26 2.845924e-17 1.013553e-08 1.000000e+00 
2.841709e+01 6.223818e-36 1.963327e-26 2.001965e-17 8.500864e-09 1.000000e+00 
2.859296e+01 3.079804e-36 1.158356e-26 1.408282e-17 7.129837e-09 1.000000e+00 
2.876884e+01 1.524015e-36 6.834266e-27 9.906554e-18 5.979931e-09 1.000000e+00 
2.894472e+01 7.541461e-37 4.032195e-27 6.968763e-18 5.015482e-09 1.000000e+00 
2.912060e+01 3.731828e-37 2.378982e-27 4.902175e-18 4.206581e-09 1.000000e+00 
2.929648e+01 1.846664e-37 1.403592e-27 3.448434e-18 3.528140e-09 1.000000e+00 
2.947236e+01 9.138061e-38 8.281146e-28 2.425800e-18 2.959118e-09 1.000000e+00 
2.964824e+01 4.521893e-38 4.885850e-28 1.706429e-18 2.481869e-09 1.000000e+00 
2.982412e+01 2.237621e-38 2.882636e-28 1.200387e-18 2.081591e-09 1.000000e+00 
3.000000e+01 1.107268e-38 1.700746e-28 8.444118e-19 1.745870e-09 1.000000e+00 
