#E                   4            5            6            7            8 
-5.000000e+00 9.999994e-01 6.282044e-07 1.224152e-13 8.934527e-21 5.360748e-29 
-4.824121e+00 9.999993e-01 7.490044e-07 1.740212e-13 1.514335e-20 1.083326e-28 
-4.648241e+00 9.999991e-01 8.930336e-07 2.473825e-13 2.566683e-20 2.189238e-28 
-4.472362e+00 9.999989e-01 1.064759e-06 3.516704e-13 4.350332e-20 4.424117e-28 
-4.296482e+00 9.999987e-01 1.269505e-06 4.999225e-13 7.373484e-20 8.940470e-28 
-4.120603e+00 9.999985e-01 1.513624e-06 7.106724e-13 1.249749e-19 1.806733e-27 
-3.944724e+00 9.999982e-01 1.804684e-06 1.010267e-12 2.118230e-19 3.651134e-27 
-3.768844e+00 9.999978e-01 2.151714e-06 1.436160e-12 3.590239e-19 7.378386e-27 
-3.592965e+00 9.999974e-01 2.565475e-06 2.041595e-12 6.085182e-19 1.491060e-26 
-3.417085e+00 9.999969e-01 3.058799e-06 2.902260e-12 1.031392e-18 3.013205e-26 
-3.241206e+00 9.999964e-01 3.646987e-06 4.125751e-12 1.748130e-18 6.089227e-26 
-3.065327e+00 9.999957e-01 4.348278e-06 5.865022e-12 2.962947e-18 1.230540e-25 
-2.889447e+00 9.999948e-01 5.184423e-06 8.337506e-12 5.021967e-18 2.486733e-25 
-2.713568e+00 9.999938e-01 6.181352e-06 1.185230e-11 8.511846e-18 5.025306e-25 
-2.537688e+00 9.999926e-01 7.369981e-06 1.684880e-11 1.442692e-17 1.015537e-24 
-2.361809e+00 9.999912e-01 8.787174e-06 2.395164e-11 2.445250e-17 2.052244e-24 
-2.185930e+00 9.999895e-01 1.047688e-05 3.404877e-11 4.144508e-17 4.147267e-24 
-2.010050e+00 9.999875e-01 1.249150e-05 4.840247e-11 7.024614e-17 8.380983e-24 
-1.834171e+00 9.999851e-01 1.489351e-05 6.880712e-11 1.190616e-16 1.693666e-23 
-1.658291e+00 9.999822e-01 1.775739e-05 9.781355e-11 2.017999e-16 3.422633e-23 
-1.482412e+00 9.999788e-01 2.117196e-05 1.390479e-10 3.420344e-16 6.916599e-23 
-1.306533e+00 9.999748e-01 2.524311e-05 1.976649e-10 5.797201e-16 1.397734e-22 
-1.130653e+00 9.999699e-01 3.009706e-05 2.809923e-10 9.825770e-16 2.824596e-22 
-9.547739e-01 9.999641e-01 3.588435e-05 3.994466e-10 1.665384e-15 5.708048e-22 
-7.788945e-01 9.999572e-01 4.278441e-05 5.678357e-10 2.822681e-15 1.153502e-21 
-6.030151e-01 9.999490e-01 5.101118e-05 8.072090e-10 4.784192e-15 2.331034e-21 
-4.271357e-01 9.999392e-01 6.081974e-05 1.147489e-09 8.108764e-15 4.710622e-21 
-2.512563e-01 9.999275e-01 7.251418e-05 1.631212e-09 1.374358e-14 9.519343e-21 
-7.537688e-02 9.999135e-01 8.645704e-05 2.318843e-09 2.329401e-14 1.923688e-20 
1.005025e-01 9.998969e-01 1.030805e-04 3.296332e-09 3.948093e-14 3.887418e-20 
2.763819e-01 9.998771e-01 1.228999e-04 4.685860e-09 6.691587e-14 7.855729e-20 
4.522613e-01 9.998535e-01 1.465293e-04 6.661100e-09 1.134147e-13 1.587486e-19 
6.281407e-01 9.998253e-01 1.747012e-04 9.468923e-09 1.922239e-13 3.207980e-19 
8.040201e-01 9.997917e-01 2.082882e-04 1.346024e-08 3.257940e-13 6.482624e-19 
9.798995e-01 9.997516e-01 2.483309e-04 1.913385e-08 5.521741e-13 1.309988e-18 
1.155779e+00 9.997039e-01 2.960694e-04 2.719873e-08 9.358487e-13 2.647161e-18 
1.331658e+00 9.996470e-01 3.529817e-04 3.866257e-08 1.586103e-12 5.349207e-18 
1.507538e+00 9.995791e-01 4.208295e-04 5.495765e-08 2.688142e-12 1.080920e-17 
1.683417e+00 9.994982e-01 5.017120e-04 7.811958e-08 4.555828e-12 2.184200e-17 
1.859296e+00 9.994018e-01 5.981306e-04 1.110414e-07 7.721040e-12 4.413511e-17 
2.035176e+00 9.992868e-01 7.130656e-04 1.578345e-07 1.308507e-11 8.918013e-17 
2.211055e+00 9.991497e-01 8.500674e-04 2.243413e-07 2.217517e-11 1.801948e-16 
2.386935e+00 9.989863e-01 1.013365e-03 3.188637e-07 3.757909e-11 3.640869e-16 
2.562814e+00 9.987916e-01 1.207993e-03 4.531973e-07 6.368131e-11 7.356212e-16 
2.738693e+00 9.985594e-01 1.439949e-03 6.440999e-07 1.079099e-10 1.486234e-15 
2.914573e+00 9.982827e-01 1.716367e-03 9.153765e-07 1.828485e-10 3.002621e-15 
3.090452e+00 9.979530e-01 2.045738e-03 1.300838e-06 3.098120e-10 6.065839e-15 
3.266332e+00 9.975600e-01 2.438162e-03 1.848498e-06 5.249012e-10 1.225332e-14 
3.442211e+00 9.970917e-01 2.905642e-03 2.626528e-06 8.892502e-10 2.475047e-14 
3.618090e+00 9.965338e-01 3.462441e-03 3.731693e-06 1.506369e-09 4.998898e-14 
3.793970e+00 9.958692e-01 4.125496e-03 5.301308e-06 2.551478e-09 1.009528e-13 
3.969849e+00 9.950776e-01 4.914895e-03 7.530166e-06 4.321125e-09 2.038481e-13 
4.145729e+00 9.941348e-01 5.854449e-03 1.069448e-05 7.317043e-09 4.115560e-13 
4.321608e+00 9.930125e-01 6.972345e-03 1.518575e-05 1.238783e-08 8.307534e-13 
4.497487e+00 9.916765e-01 8.301904e-03 2.155849e-05 2.096819e-08 1.676568e-12 
4.673367e+00 9.900869e-01 9.882445e-03 3.059769e-05 3.548254e-08 3.382660e-12 
4.849246e+00 9.881962e-01 1.176028e-02 4.341356e-05 6.002538e-08 6.822791e-12 
5.025126e+00 9.859485e-01 1.398982e-02 6.157484e-05 1.015071e-07 1.375647e-11 
5.201005e+00 9.832777e-01 1.663480e-02 8.729556e-05 1.715808e-07 2.772443e-11 
5.376884e+00 9.801064e-01 1.976961e-02 1.236961e-04 2.898785e-07 5.584618e-11 
5.552764e+00 9.763436e-01 2.348070e-02 1.751671e-04 4.894359e-07 1.124234e-10 
5.728643e+00 9.718833e-01 2.786801e-02 2.478739e-04 8.257672e-07 2.261528e-10 
5.904523e+00 9.666018e-01 3.304630e-02 3.504541e-04 1.392007e-06 4.545371e-10 
6.080402e+00 9.603563e-01 3.914634e-02 4.949746e-04 2.344103e-06 9.126156e-10 
6.256281e+00 9.529823e-01 4.631557e-02 6.982359e-04 3.942570e-06 1.830097e-09 
6.432161e+00 9.442916e-01 5.471820e-02 9.835364e-04 6.621419e-06 3.664622e-09 
6.608040e+00 9.340718e-01 6.453411e-02 1.383029e-03 1.110134e-05 7.325498e-09 
6.783920e+00 9.220844e-01 7.595619e-02 1.940836e-03 1.857446e-05 1.461374e-08 
6.959799e+00 9.080665e-01 8.918537e-02 2.717081e-03 3.100371e-05 2.908320e-08 
7.135678e+00 8.917328e-01 1.044225e-01 3.793033e-03 5.160373e-05 5.771558e-08 
7.311558e+00 8.727805e-01 1.218563e-01 5.277447e-03 8.560551e-05 1.141556e-07 
7.487437e+00 8.508983e-01 1.416459e-01 7.314141e-03 1.414571e-04 2.249073e-07 
7.663317e+00 8.257784e-01 1.638979e-01 1.009058e-02 2.326810e-04 4.410860e-07 
7.839196e+00 7.971353e-01 1.886363e-01 1.384687e-02 3.806973e-04 8.604499e-07 
8.015075e+00 7.647288e-01 2.157665e-01 1.888399e-02 6.190212e-04 1.668149e-06 
8.190955e+00 7.283940e-01 2.450341e-01 2.556935e-02 9.993436e-04 3.210906e-06 
8.366834e+00 6.880758e-01 2.759814e-01 3.433654e-02 1.600056e-03 6.129588e-06 
8.542714e+00 6.438661e-01 3.079092e-01 4.567543e-02 2.537726e-03 1.159109e-05 
8.718593e+00 5.960400e-01 3.398489e-01 6.010761e-02 3.981759e-03 2.168393e-05 
8.894472e+00 5.450857e-01 3.705602e-01 7.814222e-02 6.171840e-03 4.007386e-05 
9.070352e+00 4.917200e-01 3.985615e-01 1.002088e-01 9.436656e-03 7.305469e-05 
9.246231e+00 4.368833e-01 4.222079e-01 1.265669e-01 1.421072e-02 1.311685e-04 
9.422111e+00 3.817063e-01 4.398186e-01 1.571994e-01 2.104409e-02 2.315939e-04 
9.597990e+00 3.274467e-01 4.498507e-01 1.917031e-01 3.059792e-02 4.014877e-04 
9.773869e+00 2.753985e-01 4.511000e-01 2.292013e-01 4.361775e-02 6.823812e-04 
9.949749e+00 2.267821e-01 4.428978e-01 2.683065e-01 6.087806e-02 1.135555e-03 
1.012563e+01 1.826325e-01 4.252616e-01 3.071619e-01 8.309605e-02 1.848039e-03 
1.030151e+01 1.437037e-01 3.989601e-01 3.435770e-01 1.108206e-01 2.938561e-03 
1.047739e+01 1.104080e-01 3.654647e-01 3.752524e-01 1.443124e-01 4.562481e-03 
1.065327e+01 8.280097e-02 3.267863e-01 4.000602e-01 1.834378e-01 6.914645e-03 
1.082915e+01 6.061454e-02 2.852257e-01 4.163261e-01 2.276044e-01 1.022928e-02 
1.100503e+01 4.332808e-02 2.430887e-01 4.230515e-01 2.757551e-01 1.477650e-02 
1.118090e+01 3.026122e-02 2.024255e-01 4.200270e-01 3.264307e-01 2.085558e-02 
1.135678e+01 2.066841e-02 1.648426e-01 4.078164e-01 3.778870e-01 2.878570e-02 
1.153266e+01 1.381940e-02 1.314120e-01 3.876267e-01 4.282471e-01 3.889490e-02 
1.170854e+01 9.056052e-03 1.026758e-01 3.611023e-01 4.756576e-01 5.150818e-02 
1.188442e+01 5.823451e-03 7.872145e-02 3.300948e-01 5.184255e-01 6.693474e-02 
1.206030e+01 3.678997e-03 5.929601e-02 2.964521e-01 5.551185e-01 8.545438e-02 
1.223618e+01 2.285975e-03 4.392896e-02 2.618566e-01 5.846259e-01 1.073026e-01 
1.241206e+01 1.398451e-03 3.204131e-02 2.277227e-01 6.061837e-01 1.326538e-01 
1.258794e+01 8.430332e-04 2.302985e-02 1.951509e-01 6.193726e-01 1.616036e-01 
1.276382e+01 5.011827e-04 1.632398e-02 1.649259e-01 6.240994e-01 1.941495e-01 
1.293970e+01 2.940238e-04 1.141815e-02 1.375442e-01 6.205696e-01 2.301741e-01 
1.311558e+01 1.703102e-04 7.885649e-03 1.132576e-01 6.092549e-01 2.694315e-01 
1.329146e+01 9.744837e-05 5.379660e-03 9.212300e-02 5.908582e-01 3.115416e-01 
1.346734e+01 5.510199e-05 3.626861e-03 7.405044e-02 5.662737e-01 3.559939e-01 
1.364322e+01 3.080306e-05 2.417358e-03 5.884657e-02 5.365415e-01 4.021638e-01 
1.381910e+01 1.703071e-05 1.593542e-03 4.625164e-02 5.027970e-01 4.493408e-01 
1.399497e+01 9.316994e-06 1.039417e-03 3.596971e-02 4.662147e-01 4.967668e-01 
1.417085e+01 5.045838e-06 6.711672e-04 2.769244e-02 4.279507e-01 5.436806e-01 
1.434673e+01 2.706686e-06 4.292584e-04 2.111703e-02 3.890888e-01 5.893622e-01 
1.452261e+01 1.438945e-06 2.720874e-04 1.595901e-02 3.505947e-01 6.331728e-01 
1.469849e+01 7.586207e-07 1.710301e-04 1.196061e-02 3.132826e-01 6.745850e-01 
1.487437e+01 3.968860e-07 1.066835e-04 8.895318e-03 2.777971e-01 7.132005e-01 
1.505025e+01 2.061865e-07 6.608076e-05 6.569356e-03 2.446091e-01 7.487553e-01 
1.522613e+01 1.064390e-07 4.067233e-05 4.820924e-03 2.140245e-01 7.811138e-01 
1.540201e+01 5.463539e-08 2.489176e-05 3.517794e-03 1.862031e-01 8.102541e-01 
1.557789e+01 2.790322e-08 1.515721e-05 2.553980e-03 1.611824e-01 8.362484e-01 
1.575377e+01 1.418731e-08 9.188587e-06 1.845994e-03 1.389037e-01 8.592411e-01 
1.592965e+01 7.185405e-09 5.548598e-06 1.329071e-03 1.192382e-01 8.794272e-01 
1.610553e+01 3.626822e-09 3.339194e-06 9.536526e-04 1.020095e-01 8.970335e-01 
1.628141e+01 1.825250e-09 2.003648e-06 6.822653e-04 8.701361e-02 9.123021e-01 
1.645729e+01 9.162543e-10 1.199219e-06 4.868709e-04 7.403399e-02 9.254779e-01 
1.663317e+01 4.589472e-10 7.161904e-07 3.466789e-04 6.285331e-02 9.367993e-01 
1.680905e+01 2.294558e-10 4.269218e-07 2.463943e-04 5.326168e-02 9.464915e-01 
1.698492e+01 1.145365e-10 2.540837e-07 1.748407e-04 4.506198e-02 9.547629e-01 
1.716080e+01 5.709536e-11 1.510139e-07 1.238985e-04 3.807302e-02 9.618029e-01 
1.733668e+01 2.842877e-11 8.965153e-08 8.769813e-05 3.213105e-02 9.677812e-01 
1.751256e+01 1.414139e-11 5.317104e-08 6.201421e-05 2.709002e-02 9.728479e-01 
1.768844e+01 7.028585e-12 3.150899e-08 4.381613e-05 2.282104e-02 9.771351e-01 
1.786432e+01 3.490930e-12 1.865912e-08 3.093671e-05 1.921141e-02 9.807576e-01 
1.804020e+01 1.732843e-12 1.104314e-08 2.183026e-05 1.616320e-02 9.838150e-01 
1.821608e+01 8.597293e-13 6.532488e-09 1.539673e-05 1.359191e-02 9.863927e-01 
1.839196e+01 4.263664e-13 3.862632e-09 1.085467e-05 1.142489e-02 9.885643e-01 
1.856784e+01 2.113740e-13 2.283155e-09 7.649836e-06 9.599993e-03 9.903924e-01 
1.874372e+01 1.047591e-13 1.349146e-09 5.389633e-06 8.064202e-03 9.919304e-01 
1.891960e+01 5.190674e-14 7.970296e-10 3.796279e-06 6.772420e-03 9.932238e-01 
1.909548e+01 2.571373e-14 4.707596e-10 2.673415e-06 5.686375e-03 9.943110e-01 
1.927136e+01 1.273591e-14 2.780018e-10 1.882341e-06 4.773653e-03 9.952245e-01 
1.944724e+01 6.307119e-15 1.641467e-10 1.325153e-06 4.006842e-03 9.959918e-01 
1.962312e+01 3.123044e-15 9.690866e-11 9.327820e-07 3.362789e-03 9.966363e-01 
1.979899e+01 1.546251e-15 5.720684e-11 6.565215e-07 2.821967e-03 9.971774e-01 
1.997487e+01 7.654979e-16 3.376723e-11 4.620403e-07 2.367916e-03 9.976316e-01 
2.015075e+01 3.789450e-16 1.993017e-11 3.251464e-07 1.986775e-03 9.980129e-01 
2.032663e+01 1.875779e-16 1.176251e-11 2.287975e-07 1.666881e-03 9.983329e-01 
2.050251e+01 9.284629e-17 6.941708e-12 1.609908e-07 1.398421e-03 9.986014e-01 
2.067839e+01 4.595457e-17 4.096509e-12 1.132745e-07 1.173147e-03 9.988267e-01 
2.085427e+01 2.274454e-17 2.417385e-12 7.969801e-08 9.841270e-04 9.990158e-01 
2.103015e+01 1.125673e-17 1.426476e-12 5.607245e-08 8.255372e-04 9.991744e-01 
2.120603e+01 5.571040e-18 8.417282e-13 3.944941e-08 6.924860e-04 9.993075e-01 
2.138191e+01 2.757090e-18 4.966724e-13 2.775378e-08 5.808662e-04 9.994191e-01 
2.155779e+01 1.364451e-18 2.930626e-13 1.952522e-08 4.872292e-04 9.995128e-01 
2.173367e+01 6.752401e-19 1.729196e-13 1.373609e-08 4.086806e-04 9.995913e-01 
2.190955e+01 3.341589e-19 1.020287e-13 9.663285e-09 3.427908e-04 9.996572e-01 
2.208543e+01 1.653649e-19 6.019994e-14 6.798012e-09 2.875211e-04 9.997125e-01 
2.226131e+01 8.183321e-20 3.551942e-14 4.782282e-09 2.411606e-04 9.997588e-01 
2.243719e+01 4.049605e-20 2.095716e-14 3.364226e-09 2.022739e-04 9.997977e-01 
2.261307e+01 2.003978e-20 1.236506e-14 2.366641e-09 1.696565e-04 9.998303e-01 
2.278894e+01 9.916790e-21 7.295545e-15 1.664859e-09 1.422981e-04 9.998577e-01 
2.296482e+01 4.907353e-21 4.304447e-15 1.171171e-09 1.193509e-04 9.998806e-01 
2.314070e+01 2.428409e-21 2.539659e-15 8.238761e-10 1.001038e-04 9.998999e-01 
2.331658e+01 1.201697e-21 1.498415e-15 5.795648e-10 8.396030e-05 9.999160e-01 
2.349246e+01 5.946578e-22 8.840718e-16 4.077003e-10 7.042007e-05 9.999296e-01 
2.366834e+01 2.942647e-22 5.216054e-16 2.867999e-10 5.906333e-05 9.999409e-01 
2.384422e+01 1.456158e-22 3.077485e-16 2.017513e-10 4.953801e-05 9.999505e-01 
2.402010e+01 7.205734e-23 1.815721e-16 1.419230e-10 4.154881e-05 9.999585e-01 
2.419598e+01 3.565721e-23 1.071276e-16 9.983638e-11 3.484802e-05 9.999652e-01 
2.437186e+01 1.764477e-23 6.320532e-17 7.023028e-11 2.922786e-05 9.999708e-01 
2.454774e+01 8.731406e-24 3.729111e-17 4.940370e-11 2.451408e-05 9.999755e-01 
2.472362e+01 4.320680e-24 2.200172e-17 3.475316e-11 2.056051e-05 9.999794e-01 
2.489950e+01 2.138059e-24 1.298099e-17 2.444719e-11 1.724455e-05 9.999828e-01 
2.507538e+01 1.058004e-24 7.658763e-18 1.719741e-11 1.446338e-05 9.999855e-01 
2.525126e+01 5.235454e-25 4.518656e-18 1.209755e-11 1.213074e-05 9.999879e-01 
2.542714e+01 2.590725e-25 2.665998e-18 8.510033e-12 1.017430e-05 9.999898e-01 
2.560302e+01 1.282001e-25 1.572933e-18 5.986390e-12 8.533396e-06 9.999915e-01 
2.577889e+01 6.343882e-26 9.280265e-19 4.211131e-12 7.157132e-06 9.999928e-01 
2.595477e+01 3.139220e-26 5.475333e-19 2.962322e-12 6.002830e-06 9.999940e-01 
2.613065e+01 1.553418e-26 3.230432e-19 2.083847e-12 5.034694e-06 9.999950e-01 
2.630653e+01 7.686966e-27 1.905946e-19 1.465883e-12 4.222697e-06 9.999958e-01 
2.648241e+01 3.803833e-27 1.124503e-19 1.031176e-12 3.541659e-06 9.999965e-01 
2.665829e+01 1.882296e-27 6.634534e-20 7.253808e-13 2.970459e-06 9.999970e-01 
2.683417e+01 9.314387e-28 3.914356e-20 5.102692e-13 2.491382e-06 9.999975e-01 
2.701005e+01 4.609148e-28 2.309458e-20 3.589489e-13 2.089571e-06 9.999979e-01 
2.718593e+01 2.280799e-28 1.362573e-20 2.525026e-13 1.752563e-06 9.999982e-01 
2.736181e+01 1.128634e-28 8.039141e-21 1.776229e-13 1.469909e-06 9.999985e-01 
2.753769e+01 5.584954e-29 4.743069e-21 1.249489e-13 1.232841e-06 9.999988e-01 
2.771357e+01 2.763668e-29 2.798396e-21 8.789526e-14 1.034008e-06 9.999990e-01 
2.788945e+01 1.367578e-29 1.651045e-21 6.182991e-14 8.672421e-07 9.999991e-01 
2.806533e+01 6.767346e-30 9.741113e-22 4.349424e-14 7.273726e-07 9.999993e-01 
2.824121e+01 3.348765e-30 5.747226e-22 3.059602e-14 6.100614e-07 9.999994e-01 
2.841709e+01 1.657108e-30 3.390845e-22 2.152277e-14 5.116702e-07 9.999995e-01 
2.859296e+01 8.200062e-31 2.000588e-22 1.514019e-14 4.291476e-07 9.999996e-01 
2.876884e+01 4.057732e-31 1.180341e-22 1.065036e-14 3.599344e-07 9.999996e-01 
2.894472e+01 2.007935e-31 6.963971e-23 7.491995e-15 3.018838e-07 9.999997e-01 
2.912060e+01 9.936096e-32 4.108721e-23 5.270242e-15 2.531958e-07 9.999997e-01 
2.929648e+01 4.916794e-32 2.424132e-23 3.707351e-15 2.123601e-07 9.999998e-01 
2.947236e+01 2.433034e-32 1.430230e-23 2.607935e-15 1.781105e-07 9.999998e-01 
2.964824e+01 1.203966e-32 8.438313e-24 1.834551e-15 1.493847e-07 9.999999e-01 
2.982412e+01 5.957727e-33 4.978578e-24 1.290515e-15 1.252918e-07 9.999999e-01 
3.000000e+01 2.948131e-33 2.937345e-24 9.078124e-16 1.050846e-07 9.999999e-01 
