#E                   6            7            8 
-5.000000e+00 1.000000e+00 3.706145e-09 2.891218e-18 
-4.824121e+00 1.000000e+00 4.418815e-09 4.110057e-18 
-4.648241e+00 1.000000e+00 5.268528e-09 5.842715e-18 
-4.472362e+00 1.000000e+00 6.281636e-09 8.305803e-18 
-4.296482e+00 1.000000e+00 7.489558e-09 1.180724e-17 
-4.120603e+00 1.000000e+00 8.929757e-09 1.678477e-17 
-3.944724e+00 1.000000e+00 1.064690e-08 2.386065e-17 
-3.768844e+00 1.000000e+00 1.269424e-08 3.391948e-17 
-3.592965e+00 1.000000e+00 1.513526e-08 4.821877e-17 
-3.417085e+00 1.000000e+00 1.804569e-08 6.854614e-17 
-3.241206e+00 1.000000e+00 2.151577e-08 9.744284e-17 
-3.065327e+00 1.000000e+00 2.565313e-08 1.385214e-16 
-2.889447e+00 1.000000e+00 3.058608e-08 1.969172e-16 
-2.713568e+00 1.000000e+00 3.646760e-08 2.799308e-16 
-2.537688e+00 1.000000e+00 4.348012e-08 3.979399e-16 
-2.361809e+00 9.999999e-01 5.184109e-08 5.656977e-16 
-2.185930e+00 9.999999e-01 6.180984e-08 8.041764e-16 
-2.010050e+00 9.999999e-01 7.369551e-08 1.143189e-15 
-1.834171e+00 9.999999e-01 8.786673e-08 1.625119e-15 
-1.658291e+00 9.999999e-01 1.047630e-07 2.310213e-15 
-1.482412e+00 9.999999e-01 1.249083e-07 3.284119e-15 
-1.306533e+00 9.999999e-01 1.489275e-07 4.668591e-15 
-1.130653e+00 9.999998e-01 1.775654e-07 6.636708e-15 
-9.547739e-01 9.999998e-01 2.117102e-07 9.434515e-15 
-7.788945e-01 9.999997e-01 2.524208e-07 1.341178e-14 
-6.030151e-01 9.999997e-01 3.009598e-07 1.906573e-14 
-4.271357e-01 9.999996e-01 3.588327e-07 2.710318e-14 
-2.512563e-01 9.999996e-01 4.278341e-07 3.852894e-14 
-7.537688e-02 9.999995e-01 5.101041e-07 5.477142e-14 
1.005025e-01 9.999994e-01 6.081941e-07 7.786115e-14 
2.763819e-01 9.999993e-01 7.251463e-07 1.106847e-13 
4.522613e-01 9.999991e-01 8.645876e-07 1.573456e-13 
6.281407e-01 9.999990e-01 1.030843e-06 2.236770e-13 
8.040201e-01 9.999988e-01 1.229068e-06 3.179715e-13 
9.798995e-01 9.999985e-01 1.465410e-06 4.520172e-13 
1.155779e+00 9.999983e-01 1.747199e-06 6.425719e-13 
1.331658e+00 9.999979e-01 2.083175e-06 9.134578e-13 
1.507538e+00 9.999975e-01 2.483757e-06 1.298540e-12 
1.683417e+00 9.999970e-01 2.961367e-06 1.845959e-12 
1.859296e+00 9.999965e-01 3.530819e-06 2.624150e-12 
2.035176e+00 9.999958e-01 4.209772e-06 3.730398e-12 
2.211055e+00 9.999950e-01 5.019283e-06 5.303002e-12 
2.386935e+00 9.999940e-01 5.984457e-06 7.538557e-12 
2.562814e+00 9.999929e-01 7.135226e-06 1.071654e-11 
2.738693e+00 9.999915e-01 8.507277e-06 1.523425e-11 
2.914573e+00 9.999899e-01 1.014316e-05 2.165644e-11 
3.090452e+00 9.999879e-01 1.209361e-05 3.078600e-11 
3.266332e+00 9.999856e-01 1.441911e-05 4.376421e-11 
3.442211e+00 9.999828e-01 1.719177e-05 6.221352e-11 
3.618090e+00 9.999795e-01 2.049758e-05 8.844031e-11 
3.793970e+00 9.999756e-01 2.443905e-05 1.257232e-10 
3.969849e+00 9.999709e-01 2.913840e-05 1.787229e-10 
4.145729e+00 9.999653e-01 3.474136e-05 2.540650e-10 
4.321608e+00 9.999586e-01 4.142164e-05 3.611676e-10 
4.497487e+00 9.999506e-01 4.938639e-05 5.134193e-10 
4.673367e+00 9.999411e-01 5.888256e-05 7.298523e-10 
4.849246e+00 9.999298e-01 7.020454e-05 1.037521e-09 
5.025126e+00 9.999163e-01 8.370334e-05 1.474885e-09 
5.201005e+00 9.999002e-01 9.979740e-05 2.096611e-09 
5.376884e+00 9.998810e-01 1.189856e-04 2.980413e-09 
5.552764e+00 9.998581e-01 1.418626e-04 4.236756e-09 
5.728643e+00 9.998309e-01 1.691373e-04 6.022663e-09 
5.904523e+00 9.997983e-01 2.016549e-04 8.561331e-09 
6.080402e+00 9.997596e-01 2.404227e-04 1.217002e-08 
6.256281e+00 9.997133e-01 2.866413e-04 1.729968e-08 
6.432161e+00 9.996582e-01 3.417419e-04 2.459128e-08 
6.608040e+00 9.995925e-01 4.074302e-04 3.495582e-08 
6.783920e+00 9.995142e-01 4.857386e-04 4.968810e-08 
6.959799e+00 9.994208e-01 5.790892e-04 7.062829e-08 
7.135678e+00 9.993095e-01 6.903679e-04 1.003916e-07 
7.311558e+00 9.991768e-01 8.230124e-04 1.426943e-07 
7.487437e+00 9.990187e-01 9.811176e-04 2.028171e-07 
7.663317e+00 9.988302e-01 1.169560e-03 2.882634e-07 
7.839196e+00 9.986054e-01 1.394146e-03 4.096932e-07 
8.015075e+00 9.983376e-01 1.661787e-03 5.822496e-07 
8.190955e+00 9.980185e-01 1.980705e-03 8.274413e-07 
8.366834e+00 9.976381e-01 2.360683e-03 1.175814e-06 
8.542714e+00 9.971850e-01 2.813351e-03 1.670737e-06 
8.718593e+00 9.966451e-01 3.352526e-03 2.373777e-06 
8.894472e+00 9.960020e-01 3.994618e-03 3.372302e-06 
9.070352e+00 9.952361e-01 4.759098e-03 4.790262e-06 
9.246231e+00 9.943242e-01 5.669046e-03 6.803432e-06 
9.422111e+00 9.932385e-01 6.751791e-03 9.660965e-06 
9.597990e+00 9.919466e-01 8.039651e-03 1.371583e-05 
9.773869e+00 9.904098e-01 9.570778e-03 1.946775e-05 
9.949749e+00 9.885822e-01 1.139013e-02 2.762361e-05 
1.012563e+01 9.864103e-01 1.355055e-02 3.918250e-05 
1.030151e+01 9.838305e-01 1.611398e-02 5.555482e-05 
1.047739e+01 9.807685e-01 1.915282e-02 7.872902e-05 
1.065327e+01 9.771373e-01 2.275124e-02 1.115041e-04 
1.082915e+01 9.728354e-01 2.700676e-02 1.578126e-04 
1.100503e+01 9.677453e-01 3.203152e-02 2.231671e-04 
1.118090e+01 9.617311e-01 3.795365e-02 3.152751e-04 
1.135678e+01 9.546370e-01 4.491813e-02 4.448782e-04 
1.153266e+01 9.462860e-01 5.308713e-02 6.268912e-04 
1.170854e+01 9.364786e-01 6.263948e-02 8.819309e-04 
1.188442e+01 9.249929e-01 7.376871e-02 1.238346e-03 
1.206030e+01 9.115859e-01 8.667918e-02 1.734875e-03 
1.223618e+01 8.959963e-01 1.015797e-01 2.424061e-03 
1.241206e+01 8.779499e-01 1.186735e-01 3.376557e-03 
1.258794e+01 8.571690e-01 1.381446e-01 4.686382e-03 
1.276382e+01 8.333842e-01 1.601387e-01 6.477141e-03 
1.293970e+01 8.063518e-01 1.847392e-01 8.909013e-03 
1.311558e+01 7.758754e-01 2.119385e-01 1.218608e-02 
1.329146e+01 7.418314e-01 2.416054e-01 1.656319e-02 
1.346734e+01 7.041978e-01 2.734510e-01 2.235118e-02 
1.364322e+01 6.630830e-01 3.069984e-01 2.991855e-02 
1.381910e+01 6.187515e-01 3.415608e-01 3.968769e-02 
1.399497e+01 5.716419e-01 3.762350e-01 5.212313e-02 
1.417085e+01 5.223712e-01 4.099188e-01 6.770997e-02 
1.434673e+01 4.717227e-01 4.413558e-01 8.692147e-02 
1.452261e+01 4.206127e-01 4.692107e-01 1.101766e-01 
1.469849e+01 3.700384e-01 4.921707e-01 1.377910e-01 
1.487437e+01 3.210106e-01 5.090633e-01 1.699262e-01 
1.505025e+01 2.744794e-01 5.189741e-01 2.065464e-01 
1.522613e+01 2.312636e-01 5.213466e-01 2.473899e-01 
1.540201e+01 1.919928e-01 5.160451e-01 2.919621e-01 
1.557789e+01 1.570732e-01 5.033713e-01 3.395555e-01 
1.575377e+01 1.266781e-01 4.840287e-01 3.892933e-01 
1.592965e+01 1.007630e-01 4.590438e-01 4.401932e-01 
1.610553e+01 7.910164e-02 4.296572e-01 4.912412e-01 
1.628141e+01 6.133284e-02 3.972035e-01 5.414636e-01 
1.645729e+01 4.701123e-02 3.629987e-01 5.899901e-01 
1.663317e+01 3.565449e-02 3.282473e-01 6.360982e-01 
1.680905e+01 2.678217e-02 2.939789e-01 6.792390e-01 
1.698492e+01 1.994391e-02 2.610142e-01 7.190418e-01 
1.716080e+01 1.473708e-02 2.299582e-01 7.553048e-01 
1.733668e+01 1.081517e-02 2.012122e-01 7.879726e-01 
1.751256e+01 7.889254e-03 1.750008e-01 8.171099e-01 
1.768844e+01 5.724662e-03 1.514040e-01 8.428713e-01 
1.786432e+01 4.135003e-03 1.303908e-01 8.654742e-01 
1.804020e+01 2.974977e-03 1.118506e-01 8.851745e-01 
1.821608e+01 2.133109e-03 9.562050e-02 9.022464e-01 
1.839196e+01 1.525018e-03 8.150729e-02 9.169677e-01 
1.856784e+01 1.087562e-03 6.930411e-02 9.296083e-01 
1.874372e+01 7.739457e-04 5.880291e-02 9.404231e-01 
1.891960e+01 5.497720e-04 4.980288e-02 9.496474e-01 
1.909548e+01 3.899326e-04 4.211578e-02 9.574943e-01 
1.927136e+01 2.762061e-04 3.556902e-02 9.641548e-01 
1.944724e+01 1.954342e-04 3.000702e-02 9.697976e-01 
1.962312e+01 1.381548e-04 2.529132e-02 9.745705e-01 
1.979899e+01 9.758701e-05 2.130007e-02 9.786023e-01 
1.997487e+01 6.888620e-05 1.792688e-02 9.820042e-01 
2.015075e+01 4.859949e-05 1.507952e-02 9.848719e-01 
2.032663e+01 3.427114e-05 1.267850e-02 9.872872e-01 
2.050251e+01 2.415767e-05 1.065560e-02 9.893202e-01 
2.067839e+01 1.702308e-05 8.952505e-03 9.910305e-01 
2.085427e+01 1.199226e-05 7.519532e-03 9.924685e-01 
2.103015e+01 8.446226e-06 6.314456e-03 9.936771e-01 
2.120603e+01 5.947568e-06 5.301467e-03 9.946926e-01 
2.138191e+01 4.187403e-06 4.450255e-03 9.955456e-01 
2.155779e+01 2.947747e-06 3.735199e-03 9.962619e-01 
2.173367e+01 2.074844e-06 3.134674e-03 9.968633e-01 
2.190955e+01 1.460288e-06 2.630443e-03 9.973681e-01 
2.208543e+01 1.027675e-06 2.207140e-03 9.977918e-01 
2.226131e+01 7.231757e-07 1.851830e-03 9.981474e-01 
2.243719e+01 5.088699e-07 1.553630e-03 9.984459e-01 
2.261307e+01 3.580542e-07 1.303386e-03 9.986963e-01 
2.278894e+01 2.519261e-07 1.093405e-03 9.989063e-01 
2.296482e+01 1.772486e-07 9.172212e-04 9.990826e-01 
2.314070e+01 1.247040e-07 7.694048e-04 9.992305e-01 
2.331658e+01 8.773387e-08 6.453946e-04 9.993545e-01 
2.349246e+01 6.172279e-08 5.413612e-04 9.994586e-01 
2.366834e+01 4.342268e-08 4.540897e-04 9.995459e-01 
2.384422e+01 3.054791e-08 3.808816e-04 9.996191e-01 
2.402010e+01 2.149024e-08 3.194723e-04 9.996805e-01 
2.419598e+01 1.511808e-08 2.679613e-04 9.997320e-01 
2.437186e+01 1.063527e-08 2.247540e-04 9.997752e-01 
2.454774e+01 7.481652e-09 1.885123e-04 9.998115e-01 
2.472362e+01 5.263126e-09 1.581137e-04 9.998419e-01 
2.489950e+01 3.702439e-09 1.326164e-04 9.998674e-01 
2.507538e+01 2.604536e-09 1.112303e-04 9.998888e-01 
2.525126e+01 1.832193e-09 9.329262e-05 9.999067e-01 
2.542714e+01 1.288875e-09 7.824748e-05 9.999218e-01 
2.560302e+01 9.066704e-10 6.562849e-05 9.999344e-01 
2.577889e+01 6.378038e-10 5.504445e-05 9.999450e-01 
2.595477e+01 4.486670e-10 4.616724e-05 9.999538e-01 
2.613065e+01 3.156170e-10 3.872164e-05 9.999613e-01 
2.630653e+01 2.220221e-10 3.247678e-05 9.999675e-01 
2.648241e+01 1.561822e-10 2.723904e-05 9.999728e-01 
2.665829e+01 1.098668e-10 2.284601e-05 9.999772e-01 
2.683417e+01 7.728608e-11 1.916145e-05 9.999808e-01 
2.701005e+01 5.436705e-11 1.607113e-05 9.999839e-01 
2.718593e+01 3.824459e-11 1.347920e-05 9.999865e-01 
2.736181e+01 2.690320e-11 1.130528e-05 9.999887e-01 
2.753769e+01 1.892509e-11 9.481975e-06 9.999905e-01 
2.771357e+01 1.331287e-11 7.952726e-06 9.999920e-01 
2.788945e+01 9.364947e-12 6.670112e-06 9.999933e-01 
2.806533e+01 6.587777e-12 5.594357e-06 9.999944e-01 
2.824121e+01 4.634174e-12 4.692098e-06 9.999953e-01 
2.841709e+01 3.259911e-12 3.935356e-06 9.999961e-01 
2.859296e+01 2.293185e-12 3.300660e-06 9.999967e-01 
2.876884e+01 1.613142e-12 2.768328e-06 9.999972e-01 
2.894472e+01 1.134765e-12 2.321851e-06 9.999977e-01 
2.912060e+01 7.982502e-13 1.947381e-06 9.999981e-01 
2.929648e+01 5.615291e-13 1.633307e-06 9.999984e-01 
2.947236e+01 3.950076e-13 1.369886e-06 9.999986e-01 
2.964824e+01 2.778681e-13 1.148950e-06 9.999989e-01 
2.982412e+01 1.954663e-13 9.636463e-07 9.999990e-01 
3.000000e+01 1.375007e-13 8.082287e-07 9.999992e-01 
