#E                   2            3            4            5            6 
-5.000000e+00 9.999875e-01 1.246181e-05 3.936420e-11 3.324336e-17 7.303081e-24 
-4.824121e+00 9.999851e-01 1.485810e-05 5.595866e-11 5.634485e-17 1.475839e-23 
-4.648241e+00 9.999823e-01 1.771518e-05 7.954868e-11 9.550000e-17 2.982438e-23 
-4.472362e+00 9.999789e-01 2.112164e-05 1.130833e-10 1.618647e-16 6.027036e-23 
-4.296482e+00 9.999748e-01 2.518310e-05 1.607547e-10 2.743474e-16 1.217968e-22 
-4.120603e+00 9.999700e-01 3.002553e-05 2.285222e-10 4.649959e-16 2.461317e-22 
-3.944724e+00 9.999642e-01 3.579905e-05 3.248574e-10 7.881283e-16 4.973920e-22 
-3.768844e+00 9.999573e-01 4.268271e-05 4.618029e-10 1.335809e-15 1.005147e-21 
-3.592965e+00 9.999491e-01 5.088994e-05 6.564777e-10 2.264076e-15 2.031234e-21 
-3.417085e+00 9.999393e-01 6.067519e-05 9.332170e-10 3.837401e-15 4.104776e-21 
-3.241206e+00 9.999277e-01 7.234183e-05 1.326614e-09 6.504029e-15 8.295034e-21 
-3.065327e+00 9.999137e-01 8.625155e-05 1.885842e-09 1.102369e-14 1.676278e-20 
-2.889447e+00 9.998972e-01 1.028355e-04 2.680804e-09 1.868400e-14 3.387447e-20 
-2.713568e+00 9.998774e-01 1.226078e-04 3.810863e-09 3.166735e-14 6.845383e-20 
-2.537688e+00 9.998538e-01 1.461811e-04 5.417264e-09 5.367250e-14 1.383316e-19 
-2.361809e+00 9.998257e-01 1.742860e-04 7.700780e-09 9.096828e-14 2.795393e-19 
-2.185930e+00 9.997922e-01 2.077932e-04 1.094680e-08 1.541792e-13 5.648878e-19 
-2.010050e+00 9.997522e-01 2.477408e-04 1.556097e-08 2.613117e-13 1.141507e-18 
-1.834171e+00 9.997046e-01 2.953658e-04 2.211988e-08 4.428824e-13 2.306703e-18 
-1.658291e+00 9.996478e-01 3.521430e-04 3.144308e-08 7.506096e-13 4.661234e-18 
-1.482412e+00 9.995801e-01 4.198296e-04 4.469537e-08 1.272140e-12 9.419010e-18 
-1.306533e+00 9.994994e-01 5.005200e-04 6.353227e-08 2.156008e-12 1.903286e-17 
-1.130653e+00 9.994032e-01 5.967097e-04 9.030660e-08 3.653919e-12 3.845882e-17 
-9.547739e-01 9.992885e-01 7.113718e-04 1.283620e-07 6.192406e-12 7.771055e-17 
-7.788945e-01 9.991518e-01 8.480485e-04 1.824501e-07 1.049422e-11 1.570198e-16 
-6.030151e-01 9.989888e-01 1.010958e-03 2.593224e-07 1.778402e-11 3.172614e-16 
-4.271357e-01 9.987945e-01 1.205126e-03 3.685721e-07 3.013670e-11 6.410127e-16 
-2.512563e-01 9.985629e-01 1.436531e-03 5.238280e-07 5.106759e-11 1.295089e-15 
-7.537688e-02 9.982870e-01 1.712294e-03 7.444501e-07 8.653179e-11 2.616456e-15 
1.005025e-01 9.979581e-01 2.040886e-03 1.057936e-06 1.466165e-10 5.285721e-15 
2.763819e-01 9.975661e-01 2.432381e-03 1.503335e-06 2.484063e-10 1.067745e-14 
4.522613e-01 9.970991e-01 2.898756e-03 2.136088e-06 4.208329e-10 2.156740e-14 
6.281407e-01 9.965427e-01 3.454242e-03 3.034895e-06 7.128820e-10 4.356014e-14 
8.040201e-01 9.958800e-01 4.115734e-03 4.311433e-06 1.207478e-09 8.796991e-14 
9.798995e-01 9.950906e-01 4.903276e-03 6.124127e-06 2.044961e-09 1.776330e-13 
1.155779e+00 9.941507e-01 5.840626e-03 8.697625e-06 3.462781e-09 3.586303e-13 
1.331658e+00 9.930317e-01 6.955907e-03 1.235033e-05 5.862546e-09 7.239218e-13 
1.507538e+00 9.917001e-01 8.282367e-03 1.753326e-05 9.923248e-09 1.460975e-12 
1.683417e+00 9.901159e-01 9.859243e-03 2.488486e-05 1.679229e-08 2.947693e-12 
1.859296e+00 9.882319e-01 1.173275e-02 3.530815e-05 2.840750e-08 5.945506e-12 
2.035176e+00 9.859927e-01 1.395720e-02 5.007912e-05 4.803947e-08 1.198774e-11 
2.211055e+00 9.833327e-01 1.659619e-02 7.099870e-05 8.120362e-08 2.416006e-11 
2.386935e+00 9.801753e-01 1.972400e-02 1.006052e-04 1.371921e-07 4.866706e-11 
2.562814e+00 9.764303e-01 2.342697e-02 1.424705e-04 2.316418e-07 9.797301e-11 
2.738693e+00 9.719931e-01 2.780491e-02 2.016108e-04 3.908311e-07 1.970889e-10 
2.914573e+00 9.667418e-01 3.297252e-02 2.850546e-04 6.588504e-07 3.961351e-10 
3.090452e+00 9.605357e-01 3.906058e-02 4.026224e-04 1.109533e-06 7.953900e-10 
3.266332e+00 9.532135e-01 4.621668e-02 5.679910e-04 1.866239e-06 1.595110e-09 
3.442211e+00 9.445913e-01 5.460545e-02 8.001330e-04 3.134522e-06 3.194318e-09 
3.618090e+00 9.344619e-01 6.440760e-02 1.125244e-03 5.255806e-06 6.386011e-09 
3.793970e+00 9.225943e-01 7.581755e-02 1.579293e-03 8.795062e-06 1.274127e-08 
3.969849e+00 9.087351e-01 8.903889e-02 2.211344e-03 1.468303e-05 2.536138e-08 
4.145729e+00 8.926108e-01 1.042769e-01 3.087792e-03 2.444505e-05 5.034213e-08 
4.321608e+00 8.739343e-01 1.217273e-01 4.297655e-03 4.056561e-05 9.960521e-08 
4.497487e+00 8.524130e-01 1.415608e-01 5.958950e-03 6.706248e-05 1.963302e-07 
4.673367e+00 8.277621e-01 1.639011e-01 8.226064e-03 1.103787e-04 3.852800e-07 
4.849246e+00 7.997221e-01 1.887986e-01 1.129777e-02 1.807463e-04 7.522181e-07 
5.025126e+00 7.680818e-01 2.161975e-01 1.542509e-02 2.942307e-04 1.459977e-06 
5.201005e+00 7.327052e-01 2.458985e-01 2.091782e-02 4.757296e-04 2.814502e-06 
5.376884e+00 6.935628e-01 2.775210e-01 2.814751e-02 7.632505e-04 5.383837e-06 
5.552764e+00 6.507637e-01 3.104680e-01 3.754433e-02 1.213822e-03 1.020853e-05 
5.728643e+00 6.045840e-01 3.439011e-01 4.958435e-02 1.911343e-03 1.916595e-05 
5.904523e+00 5.554893e-01 3.767351e-01 6.476354e-02 2.976515e-03 3.558633e-05 
6.080402e+00 5.041420e-01 4.076587e-01 8.355542e-02 4.578630e-03 6.526708e-05 
6.256281e+00 4.513911e-01 4.351914e-01 1.063510e-01 6.948420e-03 1.180941e-04 
6.432161e+00 3.982390e-01 4.577776e-01 1.333826e-01 1.039028e-02 2.105488e-04 
6.608040e+00 3.457857e-01 4.739159e-01 1.646378e-01 1.529117e-02 3.694450e-04 
6.783920e+00 2.951548e-01 4.823113e-01 1.997741e-01 2.212249e-02 6.372743e-04 
6.959799e+00 2.474081e-01 4.820310e-01 2.380511e-01 3.143029e-02 1.079504e-03 
7.135678e+00 2.034623e-01 4.726379e-01 2.782962e-01 4.380956e-02 1.794024e-03 
7.311558e+00 1.640188e-01 4.542781e-01 3.189215e-01 5.985893e-02 2.922616e-03 
7.487437e+00 1.295176e-01 4.277011e-01 3.580024e-01 8.011511e-02 4.663808e-03 
7.663317e+00 1.001218e-01 3.942062e-01 3.934164e-01 1.049698e-01 7.285748e-03 
7.839196e+00 7.573290e-02 3.555191e-01 4.230341e-01 1.345770e-01 1.113689e-02 
8.015075e+00 5.603241e-02 3.136181e-01 4.449355e-01 1.687625e-01 1.665147e-02 
8.190955e+00 4.053997e-02 2.705383e-01 4.576232e-01 2.069524e-01 2.434616e-02 
8.366834e+00 2.867830e-02 2.281824e-01 4.601983e-01 2.481366e-01 3.480441e-02 
8.542714e+00 1.983494e-02 1.881668e-01 4.524694e-01 2.908831e-01 4.864581e-02 
8.718593e+00 1.341349e-02 1.517181e-01 4.349777e-01 3.334108e-01 6.647986e-02 
8.894472e+00 8.870724e-03 1.196295e-01 4.089322e-01 3.737209e-01 8.884670e-02 
9.070352e+00 5.738587e-03 9.227149e-02 3.760661e-01 4.097734e-01 1.161505e-01 
9.246231e+00 3.632906e-03 6.964664e-02 3.384389e-01 4.396867e-01 1.485949e-01 
9.422111e+00 2.251836e-03 5.147142e-02 2.982151e-01 4.619300e-01 1.861317e-01 
9.597990e+00 1.367539e-03 3.726942e-02 2.574539e-01 4.754770e-01 2.284321e-01 
9.773869e+00 8.143430e-04 2.646084e-02 2.179386e-01 4.798964e-01 2.748898e-01 
9.949749e+00 4.759244e-04 1.843817e-02 1.810638e-01 4.753664e-01 3.246557e-01 
1.012563e+01 2.732616e-04 1.262240e-02 1.477880e-01 4.626147e-01 3.767016e-01 
1.030151e+01 1.543182e-04 8.498921e-03 1.186437e-01 4.428008e-01 4.299023e-01 
1.047739e+01 8.581678e-05 5.635109e-03 9.379216e-02 4.173628e-01 4.831241e-01 
1.065327e+01 4.705240e-05 3.683794e-03 7.310432e-02 3.878589e-01 5.353060e-01 
1.082915e+01 2.546779e-05 2.377324e-03 5.624960e-02 3.558227e-01 5.855249e-01 
1.100503e+01 1.362517e-05 1.516430e-03 4.277963e-02 3.226522e-01 6.330381e-01 
1.118090e+01 7.213738e-06 9.572476e-04 3.219751e-02 2.895365e-01 6.773015e-01 
1.135678e+01 3.783986e-06 5.986830e-04 2.400924e-02 2.574204e-01 7.179679e-01 
1.153266e+01 1.968713e-06 3.713755e-04 1.775735e-02 2.270001e-01 7.548692e-01 
1.170854e+01 1.016943e-06 2.287236e-04 1.303945e-02 1.987425e-01 7.879883e-01 
1.188442e+01 5.220263e-07 1.399878e-04 9.515288e-03 1.729166e-01 8.174276e-01 
1.206030e+01 2.665205e-07 8.521417e-05 6.906008e-03 1.496323e-01 8.433762e-01 
1.223618e+01 1.354360e-07 5.162960e-05 4.988816e-03 1.288781e-01 8.660813e-01 
1.241206e+01 6.854702e-08 3.115564e-05 3.589375e-03 1.105564e-01 8.858230e-01 
1.258794e+01 3.457363e-08 1.873599e-05 2.573607e-03 9.451284e-02 9.028948e-01 
1.276382e+01 1.738690e-08 1.123407e-05 1.839867e-03 8.055981e-02 9.175891e-01 
1.293970e+01 8.721884e-09 6.719064e-06 1.312023e-03 6.849468e-02 9.301866e-01 
1.311558e+01 4.365891e-09 4.010096e-06 9.336214e-04 5.811253e-02 9.409498e-01 
1.329146e+01 2.181478e-09 2.389000e-06 6.631558e-04 4.921506e-02 9.501194e-01 
1.346734e+01 1.088340e-09 1.421063e-06 4.703229e-04 4.161617e-02 9.579121e-01 
1.364322e+01 5.422713e-10 8.442070e-07 3.331312e-04 3.514509e-02 9.645209e-01 
1.381910e+01 2.698950e-10 5.009687e-07 2.357004e-04 2.964785e-02 9.701160e-01 
1.399497e+01 1.342064e-10 2.970109e-07 1.666118e-04 2.498745e-02 9.748456e-01 
1.417085e+01 6.668295e-11 1.759533e-07 1.176831e-04 2.104330e-02 9.788388e-01 
1.434673e+01 3.311103e-11 1.041691e-07 8.306898e-05 1.771014e-02 9.822067e-01 
1.452261e+01 1.643205e-11 6.163698e-08 5.860369e-05 1.489675e-02 9.850446e-01 
1.469849e+01 8.150989e-12 3.645384e-08 4.132476e-05 1.252450e-02 9.874341e-01 
1.487437e+01 4.041662e-12 2.155145e-08 2.912909e-05 1.052593e-02 9.894449e-01 
1.505025e+01 2.003401e-12 1.273702e-08 2.052587e-05 8.843387e-03 9.911361e-01 
1.522613e+01 9.927880e-13 7.525578e-09 1.445963e-05 7.427757e-03 9.925578e-01 
1.540201e+01 4.918642e-13 4.445411e-09 1.018387e-05 6.237301e-03 9.937525e-01 
1.557789e+01 2.436407e-13 2.625427e-09 7.171076e-06 5.236627e-03 9.947562e-01 
1.575377e+01 1.206657e-13 1.550306e-09 5.048767e-06 4.395781e-03 9.955992e-01 
1.592965e+01 5.975286e-14 9.153261e-10 3.554079e-06 3.689447e-03 9.963070e-01 
1.610553e+01 2.958584e-14 5.403615e-10 2.501607e-06 3.096255e-03 9.969012e-01 
1.628141e+01 1.464763e-14 3.189711e-10 1.760635e-06 2.598188e-03 9.974001e-01 
1.645729e+01 7.251298e-15 1.882709e-10 1.239038e-06 2.180065e-03 9.978187e-01 
1.663317e+01 3.589507e-15 1.111183e-10 8.719082e-07 1.829106e-03 9.981700e-01 
1.680905e+01 1.776762e-15 6.557883e-11 6.135248e-07 1.534559e-03 9.984648e-01 
1.698492e+01 8.794335e-16 3.870088e-11 4.316908e-07 1.287383e-03 9.987122e-01 
1.716080e+01 4.352707e-16 2.283814e-11 3.037359e-07 1.079977e-03 9.989197e-01 
1.733668e+01 2.154276e-16 1.347678e-11 2.137002e-07 9.059553e-04 9.990938e-01 
1.751256e+01 1.066181e-16 7.952419e-12 1.503493e-07 7.599531e-04 9.992399e-01 
1.768844e+01 5.276555e-17 4.692477e-12 1.057762e-07 6.374654e-04 9.993624e-01 
1.786432e+01 2.611327e-17 2.768831e-12 7.441588e-08 5.347094e-04 9.994652e-01 
1.804020e+01 1.292305e-17 1.633742e-12 5.235235e-08 4.485097e-04 9.995514e-01 
1.821608e+01 6.395325e-18 9.639724e-13 3.682991e-08 3.762009e-04 9.996238e-01 
1.839196e+01 3.164865e-18 5.687752e-13 2.590957e-08 3.155460e-04 9.996844e-01 
1.856784e+01 1.566186e-18 3.355926e-13 1.822701e-08 2.646679e-04 9.997353e-01 
1.874372e+01 7.750473e-19 1.980070e-13 1.282233e-08 2.219915e-04 9.997780e-01 
1.891960e+01 3.835394e-19 1.168277e-13 9.020189e-09 1.861952e-04 9.998138e-01 
1.909548e+01 1.897969e-19 6.893003e-14 6.345441e-09 1.561702e-04 9.998438e-01 
1.927136e+01 9.392178e-20 4.066952e-14 4.463811e-09 1.309862e-04 9.998690e-01 
1.944724e+01 4.647738e-20 2.399539e-14 3.140133e-09 1.098630e-04 9.998901e-01 
1.962312e+01 2.299935e-20 1.415745e-14 2.208965e-09 9.214581e-05 9.999079e-01 
1.979899e+01 1.138120e-20 8.352977e-15 1.553919e-09 7.728560e-05 9.999227e-01 
1.997487e+01 5.631963e-21 4.928291e-15 1.093118e-09 6.482172e-05 9.999352e-01 
2.015075e+01 2.786959e-21 2.907706e-15 7.689615e-10 5.436779e-05 9.999456e-01 
2.032663e+01 1.379115e-21 1.715552e-15 5.409305e-10 4.559970e-05 9.999544e-01 
2.050251e+01 6.824486e-22 1.012178e-15 3.805203e-10 3.824562e-05 9.999618e-01 
2.067839e+01 3.377060e-22 5.971853e-16 2.676785e-10 3.207753e-05 9.999679e-01 
2.085427e+01 1.671119e-22 3.523393e-16 1.882994e-10 2.690418e-05 9.999731e-01 
2.103015e+01 8.269425e-23 2.078799e-16 1.324597e-10 2.256515e-05 9.999774e-01 
2.120603e+01 4.092070e-23 1.226489e-16 9.317911e-11 1.892589e-05 9.999811e-01 
2.138191e+01 2.024933e-23 7.236270e-17 6.554702e-11 1.587355e-05 9.999841e-01 
2.155779e+01 1.002024e-23 4.269387e-17 4.610916e-11 1.331349e-05 9.999867e-01 
2.173367e+01 4.958440e-24 2.518930e-17 3.243555e-11 1.116630e-05 9.999888e-01 
2.190955e+01 2.453647e-24 1.486163e-17 2.281682e-11 9.365407e-06 9.999906e-01 
2.208543e+01 1.214168e-24 8.768329e-18 1.605051e-11 7.854958e-06 9.999921e-01 
2.226131e+01 6.008217e-25 5.173292e-18 1.129074e-11 6.588112e-06 9.999934e-01 
2.243719e+01 2.973119e-25 3.052229e-18 7.942479e-12 5.525581e-06 9.999945e-01 
2.261307e+01 1.471224e-25 1.800807e-18 5.587140e-12 4.634415e-06 9.999954e-01 
2.278894e+01 7.280235e-26 1.062471e-18 3.930275e-12 3.886975e-06 9.999961e-01 
2.296482e+01 3.602565e-26 6.268549e-19 2.764753e-12 3.260083e-06 9.999967e-01 
2.314070e+01 1.782700e-26 3.698426e-19 1.944866e-12 2.734295e-06 9.999973e-01 
2.331658e+01 8.821545e-27 2.182060e-19 1.368116e-12 2.293307e-06 9.999977e-01 
2.349246e+01 4.365269e-27 1.287409e-19 9.624013e-13 1.923441e-06 9.999981e-01 
2.366834e+01 2.160117e-27 7.595674e-20 6.770012e-13 1.613227e-06 9.999984e-01 
2.384422e+01 1.068916e-27 4.481425e-20 4.762365e-13 1.353045e-06 9.999986e-01 
2.402010e+01 5.289443e-28 2.644027e-20 3.350085e-13 1.134825e-06 9.999989e-01 
2.419598e+01 2.617437e-28 1.559968e-20 2.356617e-13 9.517995e-07 9.999990e-01 
2.437186e+01 1.295217e-28 9.203760e-21 1.657762e-13 7.982925e-07 9.999992e-01 
2.454774e+01 6.409272e-29 5.430189e-21 1.166152e-13 6.695433e-07 9.999993e-01 
2.472362e+01 3.171575e-29 3.203795e-21 8.203298e-14 5.615588e-07 9.999994e-01 
2.489950e+01 1.569427e-29 1.890229e-21 5.770608e-14 4.709902e-07 9.999995e-01 
2.507538e+01 7.766179e-30 1.115229e-21 4.059334e-14 3.950285e-07 9.999996e-01 
2.525126e+01 3.843029e-30 6.579815e-22 2.855537e-14 3.313180e-07 9.999997e-01 
2.542714e+01 1.901691e-30 3.882070e-22 2.008727e-14 2.778827e-07 9.999997e-01 
2.560302e+01 9.410356e-31 2.290409e-22 1.413039e-14 2.330656e-07 9.999998e-01 
2.577889e+01 4.656636e-31 1.351334e-22 9.940019e-15 1.954766e-07 9.999998e-01 
2.595477e+01 2.304297e-31 7.972827e-23 6.992304e-15 1.639499e-07 9.999998e-01 
2.613065e+01 1.140262e-31 4.703943e-23 4.918735e-15 1.375080e-07 9.999999e-01 
2.630653e+01 5.642491e-32 2.775311e-23 3.460083e-15 1.153306e-07 9.999999e-01 
2.648241e+01 2.792139e-32 1.637425e-23 2.433995e-15 9.672995e-08 9.999999e-01 
2.665829e+01 1.381667e-32 9.660753e-24 1.712193e-15 8.112926e-08 9.999999e-01 
2.683417e+01 6.837062e-33 5.699813e-24 1.204442e-15 6.804466e-08 9.999999e-01 
2.701005e+01 3.383262e-33 3.362872e-24 8.472644e-16 5.707036e-08 9.999999e-01 
2.718593e+01 1.674179e-33 1.984083e-24 5.960079e-16 4.786600e-08 1.000000e+00 
2.736181e+01 8.284534e-34 1.170603e-24 4.192617e-16 4.014613e-08 1.000000e+00 
2.753769e+01 4.099532e-34 6.906519e-25 2.949295e-16 3.367133e-08 1.000000e+00 
2.771357e+01 2.028619e-34 4.074824e-25 2.074681e-16 2.824079e-08 1.000000e+00 
2.788945e+01 1.003845e-34 2.404133e-25 1.459434e-16 2.368609e-08 1.000000e+00 
2.806533e+01 4.967443e-35 1.418431e-25 1.026638e-16 1.986598e-08 1.000000e+00 
2.824121e+01 2.458097e-35 8.368696e-26 7.221886e-17 1.666197e-08 1.000000e+00 
2.841709e+01 1.216369e-35 4.937504e-26 5.080234e-17 1.397472e-08 1.000000e+00 
2.859296e+01 6.019099e-36 2.913111e-26 3.573690e-17 1.172086e-08 1.000000e+00 
2.876884e+01 2.978500e-36 1.718726e-26 2.513911e-17 9.830512e-09 1.000000e+00 
2.894472e+01 1.473886e-36 1.014043e-26 1.768410e-17 8.245038e-09 1.000000e+00 
2.912060e+01 7.293400e-37 5.982821e-27 1.243988e-17 6.915271e-09 1.000000e+00 
2.929648e+01 3.609078e-37 3.529845e-27 8.750830e-18 5.799970e-09 1.000000e+00 
2.947236e+01 1.785922e-37 2.082597e-27 6.155769e-18 4.864546e-09 1.000000e+00 
2.964824e+01 8.837484e-38 1.228726e-27 4.330274e-18 4.079988e-09 1.000000e+00 
2.982412e+01 4.373154e-38 7.249443e-28 3.046131e-18 3.421964e-09 1.000000e+00 
3.000000e+01 2.164019e-38 4.277148e-28 2.142800e-18 2.870067e-09 1.000000e+00 
