#E                   2            3            4            5            6 
-5.000000e+00 9.999997e-01 3.157238e-07 2.510650e-14 2.527142e-23 5.596914e-33 
-4.824121e+00 9.999996e-01 3.764356e-07 3.569053e-14 4.283315e-23 1.131052e-32 
-4.648241e+00 9.999996e-01 4.488220e-07 5.073642e-14 7.259894e-23 2.285684e-32 
-4.472362e+00 9.999995e-01 5.351279e-07 7.212515e-14 1.230497e-22 4.619022e-32 
-4.296482e+00 9.999994e-01 6.380298e-07 1.025306e-13 2.085600e-22 9.334343e-32 
-4.120603e+00 9.999992e-01 7.607192e-07 1.457540e-13 3.534933e-22 1.886329e-31 
-3.944724e+00 9.999991e-01 9.070010e-07 2.071988e-13 5.991444e-22 3.811986e-31 
-3.768844e+00 9.999989e-01 1.081412e-06 2.945466e-13 1.015504e-21 7.703445e-31 
-3.592965e+00 9.999987e-01 1.289361e-06 4.187173e-13 1.721203e-21 1.556749e-30 
-3.417085e+00 9.999985e-01 1.537297e-06 5.952340e-13 2.917308e-21 3.145954e-30 
-3.241206e+00 9.999982e-01 1.832910e-06 8.461639e-13 4.944616e-21 6.357496e-30 
-3.065327e+00 9.999978e-01 2.185367e-06 1.202877e-12 8.380747e-21 1.284753e-29 
-2.889447e+00 9.999974e-01 2.605600e-06 1.709968e-12 1.420473e-20 2.596291e-29 
-2.713568e+00 9.999969e-01 3.106640e-06 2.430830e-12 2.407593e-20 5.246709e-29 
-2.537688e+00 9.999963e-01 3.704027e-06 3.455583e-12 4.080686e-20 1.060280e-28 
-2.361809e+00 9.999956e-01 4.416287e-06 4.912334e-12 6.916449e-20 2.142664e-28 
-2.185930e+00 9.999947e-01 5.265509e-06 6.983199e-12 1.172285e-19 4.329995e-28 
-2.010050e+00 9.999937e-01 6.278030e-06 9.927065e-12 1.986932e-19 8.750257e-28 
-1.834171e+00 9.999925e-01 7.485250e-06 1.411196e-11 3.367696e-19 1.768292e-27 
-1.658291e+00 9.999911e-01 8.924608e-06 2.006104e-11 5.707983e-19 3.573446e-27 
-1.482412e+00 9.999894e-01 1.064074e-05 2.851804e-11 9.674583e-19 7.221382e-27 
-1.306533e+00 9.999873e-01 1.268687e-05 4.054018e-11 1.639765e-18 1.459329e-26 
-1.130653e+00 9.999849e-01 1.512644e-05 5.763039e-11 2.779272e-18 2.949076e-26 
-9.547739e-01 9.999820e-01 1.803512e-05 8.192514e-11 4.710642e-18 5.959619e-26 
-7.788945e-01 9.999785e-01 2.150309e-05 1.164616e-10 7.984155e-18 1.204345e-25 
-6.030151e-01 9.999744e-01 2.563791e-05 1.655570e-10 1.353248e-17 2.433788e-25 
-4.271357e-01 9.999694e-01 3.056778e-05 2.353490e-10 2.293643e-17 4.918294e-25 
-2.512563e-01 9.999636e-01 3.644557e-05 3.345621e-10 3.887528e-17 9.939070e-25 
-7.537688e-02 9.999565e-01 4.345354e-05 4.755987e-10 6.589020e-17 2.008522e-24 
1.005025e-01 9.999482e-01 5.180898e-05 6.760891e-10 1.116780e-16 4.058884e-24 
2.763819e-01 9.999382e-01 6.177093e-05 9.610954e-10 1.892839e-16 8.202310e-24 
4.522613e-01 9.999264e-01 7.364825e-05 1.366244e-09 3.208181e-16 1.657543e-23 
6.281407e-01 9.999122e-01 8.780915e-05 1.942178e-09 5.437547e-16 3.349596e-23 
8.040201e-01 9.998953e-01 1.046926e-04 2.760887e-09 9.216076e-16 6.768913e-23 
9.798995e-01 9.998752e-01 1.248218e-04 3.924702e-09 1.562024e-15 1.367867e-22 
1.155779e+00 9.998512e-01 1.488208e-04 5.579088e-09 2.647449e-15 2.764187e-22 
1.331658e+00 9.998226e-01 1.774331e-04 7.930812e-09 4.487097e-15 5.585844e-22 
1.507538e+00 9.997884e-01 2.115452e-04 1.127379e-08 7.605032e-15 1.128776e-21 
1.683417e+00 9.997478e-01 2.522139e-04 1.602577e-08 1.288943e-14 2.280993e-21 
1.859296e+00 9.996993e-01 3.006986e-04 2.278058e-08 2.184555e-14 4.609318e-21 
2.035176e+00 9.996415e-01 3.585005e-04 3.238222e-08 3.702442e-14 9.314195e-21 
2.211055e+00 9.995725e-01 4.274086e-04 4.603028e-08 6.274927e-14 1.882128e-20 
2.386935e+00 9.994904e-01 5.095550e-04 6.542968e-08 1.063465e-13 3.803184e-20 
2.562814e+00 9.993924e-01 6.074799e-04 9.300346e-08 1.802317e-13 7.684906e-20 
2.738693e+00 9.992757e-01 7.242102e-04 1.321951e-07 3.054434e-13 1.552822e-19 
2.914573e+00 9.991365e-01 8.633513e-04 1.878978e-07 5.176313e-13 3.137581e-19 
3.090452e+00 9.989705e-01 1.029198e-03 2.670647e-07 8.772003e-13 6.339523e-19 
3.266332e+00 9.987728e-01 1.226864e-03 3.795748e-07 1.486494e-12 1.280868e-18 
3.442211e+00 9.985370e-01 1.462437e-03 5.394631e-07 2.518900e-12 2.587830e-18 
3.618090e+00 9.982561e-01 1.743165e-03 7.666664e-07 4.268145e-12 5.228141e-18 
3.793970e+00 9.979212e-01 2.077669e-03 1.089501e-06 7.231756e-12 1.056174e-17 
3.969849e+00 9.975222e-01 2.476202e-03 1.548178e-06 1.225238e-11 2.133514e-17 
4.145729e+00 9.970468e-01 2.950954e-03 2.199788e-06 2.075696e-11 4.309455e-17 
4.321608e+00 9.964805e-01 3.516407e-03 3.125366e-06 3.516150e-11 8.703809e-17 
4.497487e+00 9.958058e-01 4.189754e-03 4.439905e-06 5.955574e-11 1.757717e-16 
4.673367e+00 9.950023e-01 4.991388e-03 6.306523e-06 1.008610e-10 3.549214e-16 
4.849246e+00 9.940456e-01 5.945481e-03 8.956516e-06 1.707874e-10 7.165529e-16 
5.025126e+00 9.929066e-01 7.080641e-03 1.271769e-05 2.891402e-10 1.446386e-15 
5.201005e+00 9.915513e-01 8.430684e-03 1.805435e-05 4.894018e-10 2.918937e-15 
5.376884e+00 9.899389e-01 1.003551e-02 2.562370e-05 8.281502e-10 5.889138e-15 
5.552764e+00 9.880215e-01 1.194211e-02 3.635522e-05 1.400933e-09 1.187801e-14 
5.728643e+00 9.857428e-01 1.420567e-02 5.156214e-05 2.369000e-09 2.394829e-14 
5.904523e+00 9.830361e-01 1.689083e-02 7.309770e-05 4.004250e-09 4.826299e-14 
6.080402e+00 9.798234e-01 2.007302e-02 1.035736e-04 6.764722e-09 9.721346e-14 
6.256281e+00 9.760134e-01 2.383988e-02 1.466641e-04 1.142111e-08 1.956898e-13 
6.432161e+00 9.714997e-01 2.829271e-02 2.075284e-04 1.926839e-08 3.936307e-13 
6.608040e+00 9.661588e-01 3.354778e-02 2.933934e-04 3.247893e-08 7.910948e-13 
6.783920e+00 9.598480e-01 3.973756e-02 4.143537e-04 5.468976e-08 1.588241e-12 
6.959799e+00 9.524040e-01 4.701142e-02 5.844628e-04 9.197613e-08 3.184702e-12 
7.135678e+00 9.436409e-01 5.553571e-02 8.232075e-04 1.544582e-07 6.376586e-12 
7.311558e+00 9.333495e-01 6.549277e-02 1.157481e-03 2.589399e-07 1.274558e-11 
7.487437e+00 9.212971e-01 7.707831e-02 1.624187e-03 4.332162e-07 2.542429e-11 
7.663317e+00 9.072289e-01 9.049672e-02 2.273632e-03 7.230565e-07 5.059409e-11 
7.839196e+00 8.908716e-01 1.059533e-01 3.173842e-03 1.203430e-06 1.003996e-10 
8.015075e+00 8.719392e-01 1.236429e-01 4.415941e-03 1.996376e-06 1.985805e-10 
8.190955e+00 8.501426e-01 1.437335e-01 6.120624e-03 3.299120e-06 3.912695e-10 
8.366834e+00 8.252035e-01 1.663454e-01 8.445628e-03 5.427725e-06 7.675014e-10 
8.542714e+00 7.968735e-01 1.915237e-01 1.159384e-02 8.883754e-06 1.497757e-09 
8.718593e+00 7.649575e-01 2.192068e-01 1.582129e-02 1.445422e-05 2.905514e-09 
8.894472e+00 7.293423e-01 2.491905e-01 2.144386e-02 2.335819e-05 5.598232e-09 
9.070352e+00 6.900285e-01 2.810934e-01 2.884068e-02 3.745633e-05 1.070337e-08 
9.246231e+00 6.471624e-01 3.143260e-01 3.845198e-02 5.954178e-05 2.028619e-08 
9.422111e+00 6.010641e-01 3.480738e-01 5.076836e-02 9.373023e-05 3.807516e-08 
9.597990e+00 5.522456e-01 3.812995e-01 6.630885e-02 1.459626e-04 7.069473e-08 
9.773869e+00 5.014139e-01 4.127754e-01 8.558595e-02 2.246239e-04 1.297134e-07 
9.949749e+00 4.494524e-01 4.411483e-01 1.090578e-01 3.412665e-04 2.349666e-07 
1.012563e+01 3.973788e-01 4.650386e-01 1.370707e-01 5.114051e-04 4.198179e-07 
1.030151e+01 3.462802e-01 4.831649e-01 1.697988e-01 7.553328e-04 7.392948e-07 
1.047739e+01 2.972320e-01 4.944777e-01 2.071902e-01 1.098896e-03 1.282387e-06 
1.065327e+01 2.512114e-01 4.982806e-01 2.489316e-01 1.574167e-03 2.190266e-06 
1.082915e+01 2.090200e-01 4.943174e-01 2.944390e-01 2.219982e-03 3.682809e-06 
1.100503e+01 1.712259e-01 4.828042e-01 3.428814e-01 3.082347e-03 6.096698e-06 
1.118090e+01 1.381371e-01 4.644035e-01 3.932347e-01 4.214761e-03 9.939613e-06 
1.135678e+01 1.098056e-01 4.401421e-01 4.443577e-01 5.678548e-03 1.596678e-05 
1.153266e+01 8.605960e-02 4.112929e-01 4.950789e-01 7.543318e-03 2.528867e-05 
1.170854e+01 6.655471e-02 3.792400e-01 5.442781e-01 9.887633e-03 3.952203e-05 
1.188442e+01 5.083283e-02 3.453529e-01 5.909534e-01 1.279995e-02 6.100122e-05 
1.206030e+01 3.837911e-02 3.108831e-01 6.342649e-01 1.637982e-02 9.307282e-05 
1.223618e+01 2.867016e-02 2.768954e-01 6.735546e-01 2.073933e-02 1.405050e-04 
1.241206e+01 2.120968e-02 2.442324e-01 7.083433e-01 2.600453e-02 2.100534e-04 
1.258794e+01 1.555118e-02 2.135089e-01 7.383119e-01 3.231682e-02 3.112381e-04 
1.276382e+01 1.130930e-02 1.851278e-01 7.632717e-01 3.983376e-02 4.574029e-04 
1.293970e+01 8.162515e-03 1.593102e-01 7.831309e-01 4.872928e-02 6.671463e-04 
1.311558e+01 5.849925e-03 1.361298e-01 7.978615e-01 5.919249e-02 9.662314e-04 
1.329146e+01 4.164689e-03 1.155497e-01 8.074706e-01 7.142484e-02 1.390104e-03 
1.346734e+01 2.946001e-03 9.745469e-02 8.119774e-01 8.563473e-02 1.987153e-03 
1.364322e+01 2.070886e-03 8.167883e-02 8.113984e-01 1.020290e-01 2.822854e-03 
1.381910e+01 1.446606e-03 6.802789e-02 8.057403e-01 1.208003e-01 3.984890e-03 
1.399497e+01 1.004051e-03 5.629582e-02 7.950011e-01 1.421098e-01 5.589279e-03 
1.417085e+01 6.922430e-04 4.627669e-02 7.791791e-01 1.660646e-01 7.787397e-03 
1.434673e+01 4.739034e-04 3.777261e-02 7.582902e-01 1.926898e-01 1.077351e-02 
1.452261e+01 3.219813e-04 3.059857e-02 7.323911e-01 2.218961e-01 1.479217e-02 
1.469849e+01 2.169778e-04 2.458495e-02 7.016082e-01 2.534456e-01 2.014422e-02 
1.487437e+01 1.449232e-04 1.957832e-02 6.661688e-01 2.869181e-01 2.718986e-02 
1.505025e+01 9.586507e-05 1.544121e-02 6.264315e-01 3.216849e-01 3.634655e-02 
1.522613e+01 6.275115e-05 1.205108e-02 5.829104e-01 3.568965e-01 4.807931e-02 
1.540201e+01 4.061168e-05 9.299055e-03 5.362879e-01 3.914911e-01 6.288128e-02 
1.557789e+01 2.596460e-05 7.088475e-03 4.874112e-01 4.242314e-01 8.124296e-02 
1.575377e+01 1.638574e-05 5.333606e-03 4.372673e-01 4.537721e-01 1.036106e-01 
1.592965e+01 1.019984e-05 3.958508e-03 3.869378e-01 4.787573e-01 1.303362e-01 
1.610553e+01 6.258974e-06 2.896175e-03 3.375342e-01 4.979383e-01 1.616251e-01 
1.628141e+01 3.784432e-06 2.087881e-03 2.901231e-01 5.102975e-01 1.974877e-01 
1.645729e+01 2.254073e-06 1.482711e-03 2.456498e-01 5.151587e-01 2.377066e-01 
1.663317e+01 1.322424e-06 1.037152e-03 2.048736e-01 5.122642e-01 2.818237e-01 
1.680905e+01 7.642956e-07 7.146885e-04 1.683231e-01 5.018052e-01 3.291563e-01 
1.698492e+01 4.352897e-07 4.853078e-04 1.362786e-01 4.843982e-01 3.788375e-01 
1.716080e+01 2.444212e-07 3.249086e-04 1.087815e-01 4.610133e-01 4.298801e-01 
1.733668e+01 1.354035e-07 2.146029e-04 8.566682e-02 4.328671e-01 4.812513e-01 
1.751256e+01 7.406177e-08 1.399534e-04 6.661069e-02 4.013001e-01 5.319492e-01 
1.768844e+01 4.003294e-08 9.019661e-05 5.118401e-02 3.676572e-01 5.810685e-01 
1.786432e+01 2.140488e-08 5.750015e-05 3.890420e-02 3.331875e-01 6.278508e-01 
1.804020e+01 1.133197e-08 3.629486e-05 2.927899e-02 2.989729e-01 6.717118e-01 
1.821608e+01 5.945953e-09 2.270620e-05 2.183931e-02 2.658876e-01 7.122504e-01 
1.839196e+01 3.095105e-09 1.409230e-05 1.616068e-02 2.345861e-01 7.492391e-01 
1.856784e+01 1.599790e-09 8.684660e-06 1.187447e-02 2.055134e-01 7.826034e-01 
1.874372e+01 8.217773e-10 5.318970e-06 8.671062e-03 1.789294e-01 8.123942e-01 
1.891960e+01 4.198460e-10 3.240014e-06 6.297600e-03 1.549416e-01 8.387576e-01 
1.909548e+01 2.134912e-10 1.964356e-06 4.552311e-03 1.335391e-01 8.619067e-01 
1.927136e+01 1.081190e-10 1.186112e-06 3.277334e-03 1.146253e-01 8.820962e-01 
1.944724e+01 5.456352e-11 7.136900e-07 2.351192e-03 9.804636e-02 8.996017e-01 
1.962312e+01 2.745357e-11 4.281437e-07 1.681712e-03 8.361387e-02 9.147040e-01 
1.979899e+01 1.377784e-11 2.561860e-07 1.199778e-03 7.112315e-02 9.276768e-01 
1.997487e+01 6.899447e-12 1.529579e-07 8.540843e-04 6.036628e-02 9.387795e-01 
2.015075e+01 3.448582e-12 9.115523e-08 6.068676e-04 5.114122e-02 9.482518e-01 
2.032663e+01 1.721007e-12 5.423842e-08 4.305294e-04 4.325770e-02 9.563117e-01 
2.050251e+01 8.577192e-13 3.222946e-08 3.050228e-04 3.654066e-02 9.631543e-01 
2.067839e+01 4.269901e-13 1.912975e-08 2.158599e-04 3.083184e-02 9.689523e-01 
2.085427e+01 2.123621e-13 1.134362e-08 1.526153e-04 2.599016e-02 9.738572e-01 
2.103015e+01 1.055327e-13 6.721178e-09 1.078140e-04 2.189119e-02 9.780010e-01 
2.120603e+01 5.240869e-14 3.979652e-09 7.611287e-05 1.842621e-02 9.814977e-01 
2.138191e+01 2.601189e-14 2.355033e-09 5.370239e-05 1.550083e-02 9.844455e-01 
2.155779e+01 1.290423e-14 1.392967e-09 3.787222e-05 1.303363e-02 9.869285e-01 
2.173367e+01 6.399073e-15 8.235864e-10 2.669762e-05 1.095471e-02 9.890186e-01 
2.190955e+01 3.172157e-15 4.867772e-10 1.881383e-05 9.204258e-03 9.907769e-01 
2.208543e+01 1.572058e-15 2.876256e-10 1.325433e-05 7.731307e-03 9.922554e-01 
2.226131e+01 7.788938e-16 1.699107e-10 9.335434e-06 6.492516e-03 9.934981e-01 
2.243719e+01 3.858341e-16 1.003521e-10 6.573911e-06 5.451121e-03 9.945423e-01 
2.261307e+01 1.910952e-16 5.925964e-11 4.628494e-06 4.575991e-03 9.954194e-01 
2.278894e+01 9.463180e-17 3.498887e-11 3.258322e-06 3.840811e-03 9.961559e-01 
2.296482e+01 4.685682e-17 2.065614e-11 2.293489e-06 3.223362e-03 9.967743e-01 
2.314070e+01 2.319878e-17 1.219340e-11 1.614195e-06 2.704903e-03 9.972935e-01 
2.331658e+01 1.148474e-17 7.197210e-12 1.136001e-06 2.269645e-03 9.977292e-01 
2.349246e+01 5.685209e-18 4.247887e-12 7.994125e-07 1.904293e-03 9.980949e-01 
2.366834e+01 2.814143e-18 2.507010e-12 5.625195e-07 1.597658e-03 9.984018e-01 
2.384422e+01 1.392914e-18 1.479510e-12 3.958062e-07 1.340332e-03 9.986593e-01 
2.402010e+01 6.894209e-19 8.730947e-13 2.784900e-07 1.124405e-03 9.988753e-01 
2.419598e+01 3.412160e-19 5.152166e-13 1.959393e-07 9.432311e-04 9.990566e-01 
2.437186e+01 1.688736e-19 3.040224e-13 1.378544e-07 7.912264e-04 9.992086e-01 
2.454774e+01 8.357634e-20 1.793951e-13 9.698606e-08 6.637014e-04 9.993362e-01 
2.472362e+01 4.136148e-20 1.058539e-13 6.823213e-08 5.567187e-04 9.994432e-01 
2.489950e+01 2.046922e-20 6.245906e-14 4.800219e-08 4.669725e-04 9.995330e-01 
2.507538e+01 1.012978e-20 3.685342e-14 3.376967e-08 3.916883e-04 9.996083e-01 
2.525126e+01 5.012955e-21 2.174477e-14 2.375677e-08 3.285372e-04 9.996714e-01 
2.542714e+01 2.480750e-21 1.283003e-14 1.671258e-08 2.755651e-04 9.997244e-01 
2.560302e+01 1.227633e-21 7.570011e-15 1.175698e-08 2.311320e-04 9.997689e-01 
2.577889e+01 6.075064e-22 4.466449e-15 8.270755e-09 1.938620e-04 9.998061e-01 
2.595477e+01 3.006288e-22 2.635273e-15 5.818243e-09 1.626009e-04 9.998374e-01 
2.613065e+01 1.487676e-22 1.554843e-15 4.092949e-09 1.363800e-04 9.998636e-01 
2.630653e+01 7.361799e-23 9.173727e-16 2.879247e-09 1.143871e-04 9.998856e-01 
2.648241e+01 3.642992e-23 5.412569e-16 2.025443e-09 9.594039e-05 9.999041e-01 
2.665829e+01 1.802732e-23 3.193448e-16 1.424820e-09 8.046828e-05 9.999195e-01 
2.683417e+01 8.920782e-24 1.884148e-16 1.002302e-09 6.749117e-05 9.999325e-01 
2.701005e+01 4.414422e-24 1.111654e-16 7.050769e-10 5.660675e-05 9.999434e-01 
2.718593e+01 2.184460e-24 6.558780e-17 4.959907e-10 4.747760e-05 9.999525e-01 
2.736181e+01 1.080970e-24 3.869689e-17 3.489072e-10 3.982067e-05 9.999602e-01 
2.753769e+01 5.349122e-25 2.283119e-17 2.454403e-10 3.339857e-05 9.999666e-01 
2.771357e+01 2.646982e-25 1.347040e-17 1.726558e-10 2.801217e-05 9.999720e-01 
2.788945e+01 1.309843e-25 7.947528e-18 1.214553e-10 2.349445e-05 9.999765e-01 
2.806533e+01 6.481672e-26 4.689034e-18 8.543800e-11 1.970532e-05 9.999803e-01 
2.824121e+01 3.207411e-26 2.766524e-18 6.010153e-11 1.652728e-05 9.999835e-01 
2.841709e+01 1.587165e-26 1.632244e-18 4.227852e-11 1.386178e-05 9.999861e-01 
2.859296e+01 7.853968e-27 9.630211e-19 2.974088e-11 1.162617e-05 9.999884e-01 
2.876884e+01 3.886477e-27 5.681804e-19 2.092126e-11 9.751110e-06 9.999902e-01 
2.894472e+01 1.923194e-27 3.352252e-19 1.471708e-11 8.178455e-06 9.999918e-01 
2.912060e+01 9.516774e-28 1.977820e-19 1.035274e-11 6.859436e-06 9.999931e-01 
2.929648e+01 4.709301e-28 1.166909e-19 7.282639e-12 5.753146e-06 9.999942e-01 
2.947236e+01 2.330360e-28 6.884731e-20 5.122976e-12 4.825278e-06 9.999952e-01 
2.964824e+01 1.153160e-28 4.061973e-20 3.603759e-12 4.047056e-06 9.999960e-01 
2.982412e+01 5.706319e-29 2.396552e-20 2.535065e-12 3.394346e-06 9.999966e-01 
3.000000e+01 2.823726e-29 1.413959e-20 1.783292e-12 2.846904e-06 9.999972e-01 
