#E                   2            3            4            5            6 
-5.000000e+00 9.999999e-01 1.278167e-07 3.970885e-15 4.729442e-25 1.345425e-35 
-4.824121e+00 9.999998e-01 1.523951e-07 5.644873e-15 8.016047e-25 2.718901e-35 
-4.648241e+00 9.999998e-01 1.816998e-07 8.024557e-15 1.358659e-24 5.494487e-35 
-4.472362e+00 9.999998e-01 2.166396e-07 1.140743e-14 2.302825e-24 1.110353e-34 
-4.296482e+00 9.999997e-01 2.582981e-07 1.621641e-14 3.903115e-24 2.243855e-34 
-4.120603e+00 9.999997e-01 3.079674e-07 2.305269e-14 6.615484e-24 4.534491e-34 
-3.944724e+00 9.999996e-01 3.671877e-07 3.277092e-14 1.121275e-23 9.163519e-34 
-3.768844e+00 9.999996e-01 4.377957e-07 4.658600e-14 1.900476e-23 1.851808e-33 
-3.592965e+00 9.999995e-01 5.219813e-07 6.622505e-14 3.221162e-23 3.742225e-33 
-3.417085e+00 9.999994e-01 6.223552e-07 9.414325e-14 5.459626e-23 7.562469e-33 
-3.241206e+00 9.999993e-01 7.420305e-07 1.338308e-13 9.253653e-23 1.528260e-32 
-3.065327e+00 9.999991e-01 8.847186e-07 1.902492e-13 1.568424e-22 3.088383e-32 
-2.889447e+00 9.999989e-01 1.054845e-06 2.704517e-13 2.658360e-22 6.241153e-32 
-2.713568e+00 9.999987e-01 1.257685e-06 3.844647e-13 4.505718e-22 1.261242e-31 
-2.537688e+00 9.999985e-01 1.499530e-06 5.465417e-13 7.636851e-22 2.548779e-31 
-2.361809e+00 9.999982e-01 1.787881e-06 7.769447e-13 1.294388e-21 5.150696e-31 
-2.185930e+00 9.999979e-01 2.131679e-06 1.104477e-12 2.193889e-21 1.040877e-30 
-2.010050e+00 9.999975e-01 2.541588e-06 1.570086e-12 3.718475e-21 2.103455e-30 
-1.834171e+00 9.999970e-01 3.030319e-06 2.231980e-12 6.302532e-21 4.250762e-30 
-1.658291e+00 9.999964e-01 3.613030e-06 3.172904e-12 1.068231e-20 8.590143e-30 
-1.482412e+00 9.999957e-01 4.307792e-06 4.510488e-12 1.810570e-20 1.735937e-29 
-1.306533e+00 9.999949e-01 5.136151e-06 6.411949e-12 3.068776e-20 3.508062e-29 
-1.130653e+00 9.999939e-01 6.123798e-06 9.114997e-12 5.201339e-20 7.089257e-29 
-9.547739e-01 9.999927e-01 7.301360e-06 1.295755e-11 8.815866e-20 1.432630e-28 
-7.788945e-01 9.999913e-01 8.705358e-06 1.841998e-11 1.494221e-19 2.895124e-28 
-6.030151e-01 9.999896e-01 1.037933e-05 2.618517e-11 2.532587e-19 5.850598e-28 
-4.271357e-01 9.999876e-01 1.237519e-05 3.722386e-11 4.292535e-19 1.182315e-27 
-2.512563e-01 9.999852e-01 1.475483e-05 5.291603e-11 7.275505e-19 2.389274e-27 
-7.537688e-02 9.999824e-01 1.759205e-05 7.522340e-11 1.233140e-18 4.828348e-27 
1.005025e-01 9.999790e-01 2.097483e-05 1.069346e-10 2.090072e-18 9.757328e-27 
2.763819e-01 9.999750e-01 2.500807e-05 1.520140e-10 3.542499e-18 1.971800e-26 
4.522613e-01 9.999702e-01 2.981684e-05 2.160968e-10 6.004240e-18 3.984691e-26 
6.281407e-01 9.999644e-01 3.555024e-05 3.071940e-10 1.017667e-17 8.052412e-26 
8.040201e-01 9.999576e-01 4.238606e-05 4.366935e-10 1.724858e-17 1.627260e-25 
9.798995e-01 9.999495e-01 5.053624e-05 6.207834e-10 2.923480e-17 3.288419e-25 
1.155779e+00 9.999397e-01 6.025349e-05 8.824757e-10 4.955029e-17 6.645332e-25 
1.331658e+00 9.999282e-01 7.183906e-05 1.254483e-09 8.398303e-17 1.342905e-24 
1.507538e+00 9.999143e-01 8.565211e-05 1.783305e-09 1.423429e-16 2.713771e-24 
1.683417e+00 9.998979e-01 1.021208e-04 2.535043e-09 2.412565e-16 5.484031e-24 
1.859296e+00 9.998782e-01 1.217557e-04 3.603659e-09 4.089036e-16 1.108218e-23 
2.035176e+00 9.998548e-01 1.451652e-04 5.122717e-09 6.930445e-16 2.239488e-23 
2.211055e+00 9.998269e-01 1.730748e-04 7.282075e-09 1.174625e-15 4.525541e-23 
2.386935e+00 9.997936e-01 2.063493e-04 1.035160e-08 1.990835e-15 9.145129e-23 
2.562814e+00 9.997540e-01 2.460193e-04 1.471490e-08 3.374181e-15 1.848019e-22 
2.738693e+00 9.997067e-01 2.933135e-04 2.091720e-08 5.718711e-15 3.734390e-22 
2.914573e+00 9.996503e-01 3.496962e-04 2.973350e-08 9.692237e-15 7.546212e-22 
3.090452e+00 9.995830e-01 4.169128e-04 4.226528e-08 1.642651e-14 1.524873e-21 
3.266332e+00 9.995029e-01 4.970429e-04 6.007805e-08 2.783945e-14 3.081290e-21 
3.442211e+00 9.994073e-01 5.925647e-04 8.539672e-08 4.718126e-14 6.226226e-21 
3.618090e+00 9.992934e-01 7.064310e-04 1.213832e-07 7.995956e-14 1.258083e-20 
3.793970e+00 9.991577e-01 8.421591e-04 1.725307e-07 1.355070e-13 2.542049e-20 
3.969849e+00 9.989958e-01 1.003939e-03 2.452240e-07 2.296369e-13 5.136265e-20 
4.145729e+00 9.988029e-01 1.196759e-03 3.485347e-07 3.891421e-13 1.037761e-19 
4.321608e+00 9.985729e-01 1.426561e-03 4.953509e-07 6.594146e-13 2.096675e-19 
4.497487e+00 9.982989e-01 1.700413e-03 7.039806e-07 1.117351e-12 4.235900e-19 
4.673367e+00 9.979723e-01 2.026730e-03 1.000427e-06 1.893206e-12 8.557313e-19 
4.849246e+00 9.975831e-01 2.415516e-03 1.421618e-06 3.207591e-12 1.728629e-18 
5.025126e+00 9.971193e-01 2.878667e-03 2.019984e-06 5.434096e-12 3.491674e-18 
5.201005e+00 9.965668e-01 3.430316e-03 2.869949e-06 9.205280e-12 7.052236e-18 
5.376884e+00 9.959087e-01 4.087245e-03 4.077126e-06 1.559195e-11 1.424209e-17 
5.552764e+00 9.951248e-01 4.869364e-03 5.791340e-06 2.640638e-11 2.875846e-17 
5.728643e+00 9.941915e-01 5.800269e-03 8.225048e-06 4.471484e-11 5.806198e-17 
5.904523e+00 9.930804e-01 6.907899e-03 1.167938e-05 7.570358e-11 1.172034e-16 
6.080402e+00 9.917581e-01 8.225282e-03 1.658090e-05 1.281410e-10 2.365349e-16 
6.256281e+00 9.901851e-01 9.791401e-03 2.353344e-05 2.168448e-10 4.772430e-16 
6.432161e+00 9.883144e-01 1.165218e-02 3.339113e-05 3.668413e-10 9.626140e-16 
6.608040e+00 9.860911e-01 1.386157e-02 4.736090e-05 6.203695e-10 1.940921e-15 
6.783920e+00 9.834500e-01 1.648281e-02 6.714631e-05 1.048663e-09 3.911803e-15 
6.959799e+00 9.803151e-01 1.958971e-02 9.514861e-05 1.771739e-09 7.879963e-15 
7.135678e+00 9.765971e-01 2.326811e-02 1.347470e-04 2.991575e-09 1.586382e-14 
7.311558e+00 9.721920e-01 2.761730e-02 1.906877e-04 5.047622e-09 3.191377e-14 
7.487437e+00 9.669790e-01 3.275138e-02 2.696215e-04 8.509464e-09 6.414708e-14 
7.663317e+00 9.608186e-01 3.880052e-02 3.808428e-04 1.433101e-08 1.288057e-13 
7.839196e+00 9.535510e-01 4.591171e-02 5.372979e-04 2.410626e-08 2.583279e-13 
8.015075e+00 9.449940e-01 5.424904e-02 7.569500e-04 4.049163e-08 5.173570e-13 
8.190955e+00 9.349425e-01 6.399283e-02 1.064609e-03 6.790027e-08 1.034380e-12 
8.366834e+00 9.231681e-01 7.533741e-02 1.494351e-03 1.136365e-07 2.064000e-12 
8.542714e+00 9.094204e-01 8.848671e-02 2.092684e-03 1.897370e-07 4.108917e-12 
8.718593e+00 8.934300e-01 1.036471e-01 2.922579e-03 3.159353e-07 8.157499e-12 
8.894472e+00 8.749141e-01 1.210168e-01 4.068535e-03 5.243888e-07 1.614343e-11 
9.070352e+00 8.535861e-01 1.407703e-01 5.642699e-03 8.671330e-07 3.182816e-11 
9.246231e+00 8.291682e-01 1.630384e-01 7.792003e-03 1.427682e-06 6.247994e-11 
9.422111e+00 8.014096e-01 1.878820e-01 1.070602e-02 2.338803e-06 1.220355e-10 
9.597990e+00 7.701097e-01 2.152616e-01 1.462490e-02 3.809272e-06 2.369835e-10 
9.773869e+00 7.351450e-01 2.450025e-01 1.984633e-02 6.163293e-06 4.571644e-10 
9.949749e+00 6.965008e-01 2.767595e-01 2.672980e-02 9.897186e-06 8.752957e-10 
1.012563e+01 6.543019e-01 3.099864e-01 3.569597e-02 1.575864e-05 1.661671e-09 
1.030151e+01 6.088411e-01 3.439156e-01 4.721847e-02 2.485392e-05 3.124674e-09 
1.047739e+01 5.605983e-01 3.775575e-01 6.180542e-02 3.878761e-05 5.814152e-09 
1.065327e+01 5.102452e-01 4.097261e-01 7.996881e-02 5.983709e-05 1.069418e-08 
1.082915e+01 4.586302e-01 4.390974e-01 1.021813e-01 9.116005e-05 1.942517e-08 
1.100503e+01 4.067402e-01 4.643000e-01 1.288227e-01 1.370280e-04 3.481393e-08 
1.118090e+01 3.556401e-01 4.840340e-01 1.601228e-01 2.030735e-04 6.151493e-08 
1.135678e+01 3.063960e-01 4.972006e-01 1.961067e-01 2.965351e-04 1.070993e-07 
1.153266e+01 2.599910e-01 5.030260e-01 2.365563e-01 4.264830e-04 1.836521e-07 
1.170854e+01 2.172477e-01 5.011533e-01 2.809948e-01 6.040165e-04 3.101175e-07 
1.188442e+01 1.787684e-01 4.916880e-01 3.287007e-01 8.424317e-04 5.156983e-07 
1.206030e+01 1.449038e-01 4.751844e-01 3.787536e-01 1.157375e-03 8.447314e-07 
1.223618e+01 1.157518e-01 4.525779e-01 4.301019e-01 1.567012e-03 1.363641e-06 
1.241206e+01 9.118370e-02 4.250759e-01 4.816460e-01 2.092244e-03 2.170819e-06 
1.258794e+01 7.089160e-02 3.940284e-01 5.323196e-01 2.757022e-03 3.410634e-06 
1.276382e+01 5.444420e-02 3.608011e-01 5.811606e-01 3.588785e-03 5.293290e-06 
1.293970e+01 4.134344e-02 3.266677e-01 6.273617e-01 4.619051e-03 8.122962e-06 
1.311558e+01 3.107341e-02 2.927332e-01 6.702969e-01 5.884173e-03 1.233760e-05 
1.329146e+01 2.313788e-02 2.598904e-01 7.095269e-01 7.426266e-03 1.856518e-05 
1.346734e+01 1.708517e-02 2.288070e-01 7.447859e-01 9.294296e-03 2.770311e-05 
1.364322e+01 1.252155e-02 1.999362e-01 7.759559e-01 1.154531e-02 4.102996e-05 
1.381910e+01 9.115676e-03 1.735425e-01 8.030357e-01 1.424580e-02 6.036230e-05 
1.399497e+01 6.596648e-03 1.497351e-01 8.261068e-01 1.747317e-02 8.827425e-05 
1.417085e+01 4.748236e-03 1.285038e-01 8.453023e-01 2.131724e-02 1.284035e-04 
1.434673e+01 3.401301e-03 1.097520e-01 8.607791e-01 2.588177e-02 1.858760e-04 
1.452261e+01 2.425766e-03 9.332536e-02 8.726951e-01 3.128588e-02 2.678928e-04 
1.469849e+01 1.723018e-03 7.903582e-02 8.811915e-01 3.766514e-02 3.845349e-04 
1.487437e+01 1.219193e-03 6.667913e-02 8.863795e-01 4.517232e-02 5.498599e-04 
1.505025e+01 8.595295e-04 5.604822e-02 8.883316e-01 5.397731e-02 7.833834e-04 
1.522613e+01 6.037813e-04 4.694228e-02 8.870760e-01 6.426588e-02 1.112057e-03 
1.540201e+01 4.225844e-04 3.917251e-02 8.825952e-01 7.623680e-02 1.572877e-03 
1.557789e+01 2.946505e-04 3.256556e-02 8.748269e-01 9.009665e-02 2.216267e-03 
1.575377e+01 2.046281e-04 2.696498e-02 8.636685e-01 1.060516e-01 3.110384e-03 
1.592965e+01 1.414984e-04 2.223155e-02 8.489855e-01 1.242950e-01 4.346444e-03 
1.610553e+01 9.738423e-05 1.824275e-02 8.306237e-01 1.449910e-01 6.045121e-03 
1.628141e+01 6.667416e-05 1.489165e-02 8.084257e-01 1.682521e-01 8.363878e-03 
1.645729e+01 4.538347e-05 1.208555e-02 7.822529e-01 1.941113e-01 1.150487e-02 
1.663317e+01 3.069079e-05 9.744514e-03 7.520115e-01 2.224906e-01 1.572266e-02 
1.680905e+01 2.060392e-05 7.799836e-03 7.176839e-01 2.531651e-01 2.133052e-02 
1.698492e+01 1.371988e-05 6.192548e-03 6.793609e-01 2.857292e-01 2.870356e-02 
1.716080e+01 9.053349e-06 4.872050e-03 6.372742e-01 3.195685e-01 3.827617e-02 
1.733668e+01 5.914361e-06 3.794843e-03 5.918230e-01 3.538449e-01 5.053135e-02 
1.751256e+01 3.821382e-06 2.923410e-03 5.435899e-01 3.875037e-01 6.597923e-02 
1.768844e+01 2.439655e-06 2.225262e-03 4.933399e-01 4.193090e-01 8.512342e-02 
1.786432e+01 1.537576e-06 1.672141e-03 4.419990e-01 4.479119e-01 1.084154e-01 
1.804020e+01 9.558509e-07 1.239395e-03 3.906086e-01 4.719507e-01 1.362004e-01 
1.821608e+01 5.857232e-07 9.055150e-04 3.402601e-01 4.901729e-01 1.686609e-01 
1.839196e+01 3.536065e-07 6.517888e-04 2.920154e-01 5.015653e-01 2.057672e-01 
1.856784e+01 2.102503e-07 4.620688e-04 2.468249e-01 5.054685e-01 2.472443e-01 
1.874372e+01 1.231115e-07 3.225910e-04 2.054556e-01 5.016567e-01 2.925649e-01 
1.891960e+01 7.100050e-08 2.218188e-04 1.684409e-01 4.903652e-01 3.409720e-01 
1.909548e+01 4.034351e-08 1.502775e-04 1.360588e-01 4.722612e-01 3.915297e-01 
1.927136e+01 2.259805e-08 1.003633e-04 1.083405e-01 4.483631e-01 4.431960e-01 
1.944724e+01 1.248713e-08 6.612263e-05 8.510393e-02 4.199253e-01 4.949046e-01 
1.962312e+01 6.812668e-09 4.301184e-05 6.600411e-02 3.883085e-01 5.456444e-01 
1.979899e+01 3.673194e-09 2.765019e-05 5.058998e-02 3.548574e-01 5.945250e-01 
1.997487e+01 1.959192e-09 1.758388e-05 3.835876e-02 3.208022e-01 6.408215e-01 
2.015075e+01 1.034808e-09 1.107340e-05 2.880146e-02 2.871909e-01 6.839966e-01 
2.032663e+01 5.417911e-10 6.912521e-06 2.143647e-02 2.548549e-01 7.237017e-01 
2.050251e+01 2.814597e-10 4.281582e-06 1.583086e-02 2.244025e-01 7.597624e-01 
2.067839e+01 1.452156e-10 2.633812e-06 1.161097e-02 1.962343e-01 7.921521e-01 
2.085427e+01 7.447217e-11 1.610456e-06 8.464788e-03 1.705714e-01 8.209622e-01 
2.103015e+01 3.799249e-11 9.795716e-07 6.138847e-03 1.474892e-01 8.463710e-01 
2.120603e+01 1.929436e-11 5.931331e-07 4.431862e-03 1.269531e-01 8.686145e-01 
2.138191e+01 9.760324e-12 3.577417e-07 3.187036e-03 1.088497e-01 8.879629e-01 
2.155779e+01 4.920853e-12 2.150449e-07 2.284179e-03 9.301521e-02 9.047004e-01 
2.173367e+01 2.473830e-12 1.288968e-07 1.632400e-03 7.925630e-02 9.191112e-01 
2.190955e+01 1.240613e-12 7.707116e-08 1.163750e-03 6.736751e-02 9.314687e-01 
2.208543e+01 6.208669e-13 4.598727e-08 8.279210e-04 5.714301e-02 9.420290e-01 
2.226131e+01 3.101654e-13 2.739151e-08 5.879639e-04 4.838473e-02 9.510273e-01 
2.243719e+01 1.547171e-13 1.629087e-08 4.169293e-04 4.090756e-02 9.586755e-01 
2.261307e+01 7.707850e-14 9.676599e-09 2.952734e-04 3.454212e-02 9.651626e-01 
2.278894e+01 3.835870e-14 5.741652e-09 2.088921e-04 2.913600e-02 9.706551e-01 
2.296482e+01 1.907229e-14 3.403761e-09 1.476480e-04 2.455382e-02 9.752985e-01 
2.314070e+01 9.475699e-15 2.016281e-09 1.042805e-04 2.067655e-02 9.792192e-01 
2.331658e+01 4.704805e-15 1.193617e-09 7.360382e-05 1.740038e-02 9.825260e-01 
2.349246e+01 2.334736e-15 7.062273e-10 5.192344e-05 1.463542e-02 9.853127e-01 
2.366834e+01 1.158076e-15 4.176642e-10 3.661252e-05 1.230424e-02 9.876591e-01 
2.384422e+01 5.742099e-16 2.469132e-10 2.580656e-05 1.034043e-02 9.896338e-01 
2.402010e+01 2.846198e-16 1.459225e-10 1.818408e-05 8.687275e-03 9.912945e-01 
2.419598e+01 1.410401e-16 8.621504e-11 1.280961e-05 7.296446e-03 9.926907e-01 
2.437186e+01 6.987498e-17 5.092672e-11 9.021564e-06 6.126902e-03 9.938641e-01 
2.454774e+01 3.461134e-17 3.007640e-11 6.352512e-06 5.143847e-03 9.948498e-01 
2.472362e+01 1.714138e-17 1.775975e-11 4.472392e-06 4.317833e-03 9.956777e-01 
2.489950e+01 8.488192e-18 1.048551e-11 3.148300e-06 3.623977e-03 9.963729e-01 
2.507538e+01 4.202771e-18 6.190040e-12 2.215968e-06 3.041280e-03 9.969565e-01 
2.525126e+01 2.080728e-18 3.653899e-12 1.559588e-06 2.552033e-03 9.974464e-01 
2.542714e+01 1.030055e-18 2.156677e-12 1.097544e-06 2.141321e-03 9.978576e-01 
2.560302e+01 5.098903e-19 1.272873e-12 7.723342e-07 1.796588e-03 9.982026e-01 
2.577889e+01 2.523881e-19 7.512086e-13 5.434559e-07 1.507270e-03 9.984922e-01 
2.595477e+01 1.249225e-19 4.433185e-13 3.823870e-07 1.264484e-03 9.987351e-01 
2.613065e+01 6.182948e-20 2.616099e-13 2.690449e-07 1.060763e-03 9.989390e-01 
2.630653e+01 3.060104e-20 1.543754e-13 1.892920e-07 8.898346e-04 9.991100e-01 
2.648241e+01 1.514484e-20 9.109407e-14 1.331765e-07 7.464284e-04 9.992534e-01 
2.665829e+01 7.495199e-21 5.375168e-14 9.369428e-08 6.261192e-04 9.993738e-01 
2.683417e+01 3.709311e-21 3.171652e-14 6.591588e-08 5.251912e-04 9.994747e-01 
2.701005e+01 1.835677e-21 1.871423e-14 4.637244e-08 4.405252e-04 9.995594e-01 
2.718593e+01 9.084338e-22 1.104212e-14 3.262300e-08 3.695032e-04 9.996305e-01 
2.736181e+01 4.495576e-22 6.515204e-15 2.295001e-08 3.099279e-04 9.996900e-01 
2.753769e+01 2.224709e-22 3.844142e-15 1.614499e-08 2.599554e-04 9.997400e-01 
2.771357e+01 1.100925e-22 2.268126e-15 1.135766e-08 2.180387e-04 9.997819e-01 
2.788945e+01 5.448026e-23 1.338234e-15 7.989827e-09 1.828797e-04 9.998171e-01 
2.806533e+01 2.695989e-23 7.895772e-16 5.620608e-09 1.533892e-04 9.998466e-01 
2.824121e+01 1.334121e-23 4.658596e-16 3.953913e-09 1.286537e-04 9.998713e-01 
2.841709e+01 6.601921e-24 2.748613e-16 2.781437e-09 1.079065e-04 9.998921e-01 
2.859296e+01 3.266962e-24 1.621701e-16 1.956635e-09 9.050484e-05 9.999095e-01 
2.876884e+01 1.616652e-24 9.568125e-17 1.376415e-09 7.590925e-05 9.999241e-01 
2.894472e+01 7.999965e-25 5.645232e-17 9.682505e-10 6.366732e-05 9.999363e-01 
2.912060e+01 3.958756e-25 3.330703e-17 6.811226e-10 5.339955e-05 9.999466e-01 
2.929648e+01 1.958974e-25 1.965121e-17 4.791397e-10 4.478761e-05 9.999552e-01 
2.947236e+01 9.693888e-26 1.159423e-17 3.370531e-10 3.756449e-05 9.999624e-01 
2.964824e+01 4.796968e-26 6.840603e-18 2.371014e-10 3.150625e-05 9.999685e-01 
2.982412e+01 2.373751e-26 4.035954e-18 1.667898e-10 2.642503e-05 9.999736e-01 
3.000000e+01 1.174636e-26 2.381210e-18 1.173287e-10 2.216327e-05 9.999778e-01 
