#E                   3            4            5            6 
-5.000000e+00 9.999998e-01 1.971535e-07 1.152845e-14 1.710221e-22 
-4.824121e+00 9.999998e-01 2.350650e-07 1.638845e-14 2.898695e-22 
-4.648241e+00 9.999997e-01 2.802666e-07 2.329725e-14 4.913070e-22 
-4.472362e+00 9.999997e-01 3.341602e-07 3.311857e-14 8.327281e-22 
-4.296482e+00 9.999996e-01 3.984173e-07 4.708021e-14 1.411411e-21 
-4.120603e+00 9.999995e-01 4.750306e-07 6.692760e-14 2.392235e-21 
-3.944724e+00 9.999994e-01 5.663762e-07 9.514197e-14 4.054658e-21 
-3.768844e+00 9.999993e-01 6.752871e-07 1.352505e-13 6.872338e-21 
-3.592965e+00 9.999992e-01 8.051408e-07 1.922675e-13 1.164809e-20 
-3.417085e+00 9.999990e-01 9.599646e-07 2.733208e-13 1.974263e-20 
-3.241206e+00 9.999989e-01 1.144560e-06 3.885434e-13 3.346227e-20 
-3.065327e+00 9.999986e-01 1.364652e-06 5.523397e-13 5.671601e-20 
-2.889447e+00 9.999984e-01 1.627066e-06 7.851870e-13 9.612932e-20 
-2.713568e+00 9.999981e-01 1.939941e-06 1.116194e-12 1.629319e-19 
-2.537688e+00 9.999977e-01 2.312980e-06 1.586743e-12 2.761571e-19 
-2.361809e+00 9.999972e-01 2.757752e-06 2.255658e-12 4.680653e-19 
-2.185930e+00 9.999967e-01 3.288050e-06 3.206564e-12 7.933349e-19 
-2.010050e+00 9.999961e-01 3.920320e-06 4.558339e-12 1.344642e-18 
-1.834171e+00 9.999953e-01 4.674172e-06 6.479973e-12 2.279065e-18 
-1.658291e+00 9.999944e-01 5.572983e-06 9.211698e-12 3.862839e-18 
-1.482412e+00 9.999934e-01 6.644629e-06 1.309502e-11 6.547214e-18 
-1.306533e+00 9.999921e-01 7.922342e-06 1.861540e-11 1.109702e-17 
-1.130653e+00 9.999906e-01 9.445749e-06 2.646298e-11 1.880858e-17 
-9.547739e-01 9.999887e-01 1.126209e-05 3.761879e-11 3.187907e-17 
-7.788945e-01 9.999866e-01 1.342770e-05 5.347746e-11 5.403249e-17 
-6.030151e-01 9.999840e-01 1.600973e-05 7.602152e-11 9.158076e-17 
-4.271357e-01 9.999809e-01 1.908825e-05 1.080693e-10 1.552220e-16 
-2.512563e-01 9.999772e-01 2.275872e-05 1.536270e-10 2.630886e-16 
-7.537688e-02 9.999729e-01 2.713497e-05 2.183899e-10 4.459133e-16 
1.005025e-01 9.999676e-01 3.235271e-05 3.104539e-10 7.557855e-16 
2.763819e-01 9.999614e-01 3.857371e-05 4.413278e-10 1.280991e-15 
4.522613e-01 9.999540e-01 4.599087e-05 6.273718e-10 2.171168e-15 
6.281407e-01 9.999452e-01 5.483416e-05 8.918422e-10 3.679933e-15 
8.040201e-01 9.999346e-01 6.537777e-05 1.267799e-09 6.237142e-15 
9.798995e-01 9.999220e-01 7.794855e-05 1.802237e-09 1.057135e-14 
1.155779e+00 9.999071e-01 9.293622e-05 2.561959e-09 1.791737e-14 
1.331658e+00 9.998892e-01 1.108053e-04 3.641928e-09 3.036805e-14 
1.507538e+00 9.998679e-01 1.321098e-04 5.177129e-09 5.147046e-14 
1.683417e+00 9.998425e-01 1.575097e-04 7.359441e-09 8.723633e-14 
1.859296e+00 9.998122e-01 1.877922e-04 1.046161e-08 1.478545e-13 
2.035176e+00 9.997761e-01 2.238955e-04 1.487133e-08 2.505932e-13 
2.211055e+00 9.997330e-01 2.669378e-04 2.113966e-08 4.247182e-13 
2.386935e+00 9.996817e-01 3.182521e-04 3.004987e-08 7.198284e-13 
2.562814e+00 9.996205e-01 3.794269e-04 4.271525e-08 1.219980e-12 
2.738693e+00 9.995476e-01 4.523555e-04 6.071810e-08 2.067623e-12 
2.914573e+00 9.994606e-01 5.392940e-04 8.630725e-08 3.504160e-12 
3.090452e+00 9.993569e-01 6.429304e-04 1.226787e-07 5.938671e-12 
3.266332e+00 9.992334e-01 7.664674e-04 1.743742e-07 1.006435e-11 
3.442211e+00 9.990860e-01 9.137200e-04 2.478479e-07 1.705581e-11 
3.618090e+00 9.989104e-01 1.089232e-03 3.522701e-07 2.890322e-11 
3.793970e+00 9.987011e-01 1.298412e-03 5.006701e-07 4.897851e-11 
3.969849e+00 9.984516e-01 1.547703e-03 7.115575e-07 8.299414e-11 
4.145729e+00 9.981542e-01 1.844768e-03 1.011224e-06 1.406269e-10 
4.321608e+00 9.977998e-01 2.198725e-03 1.437012e-06 2.382674e-10 
4.497487e+00 9.973775e-01 2.620418e-03 2.041942e-06 4.036743e-10 
4.673367e+00 9.968744e-01 3.122733e-03 2.901289e-06 6.838522e-10 
4.849246e+00 9.962749e-01 3.720977e-03 4.121893e-06 1.158381e-09 
5.025126e+00 9.955608e-01 4.433320e-03 5.855341e-06 1.961961e-09 
5.201005e+00 9.947104e-01 5.281307e-03 8.316642e-06 3.322535e-09 
5.376884e+00 9.936977e-01 6.290461e-03 1.181062e-05 5.625713e-09 
5.552764e+00 9.924922e-01 7.490982e-03 1.676920e-05 9.523591e-09 
5.728643e+00 9.910576e-01 8.918545e-03 2.380406e-05 1.611844e-08 
5.904523e+00 9.893510e-01 1.061522e-02 3.378075e-05 2.727248e-08 
6.080402e+00 9.873215e-01 1.263050e-02 4.792305e-05 4.612998e-08 
6.256281e+00 9.849095e-01 1.502249e-02 6.795933e-05 7.799582e-08 
6.432161e+00 9.820444e-01 1.785912e-02 9.632761e-05 1.318125e-07 
6.608040e+00 9.786437e-01 2.121959e-02 1.364618e-04 2.226385e-07 
6.783920e+00 9.746107e-01 2.519573e-02 1.931900e-04 3.758004e-07 
6.959799e+00 9.698326e-01 2.989345e-02 2.732859e-04 6.338307e-07 
7.135678e+00 9.641787e-01 3.543401e-02 3.862289e-04 1.068032e-06 
7.311558e+00 9.574979e-01 4.195503e-02 5.452454e-04 1.797691e-06 
7.487437e+00 9.496172e-01 4.961103e-02 7.687226e-04 3.021872e-06 
7.663317e+00 9.403398e-01 5.857306e-02 1.082113e-03 5.071806e-06 
7.839196e+00 9.294439e-01 6.902711e-02 1.520471e-03 8.496722e-06 
8.015075e+00 9.166833e-01 8.117070e-02 2.131774e-03 1.420358e-05 
8.190955e+00 9.017883e-01 9.520681e-02 2.981215e-03 2.368283e-05 
8.366834e+00 8.844695e-01 1.113345e-01 4.156602e-03 3.936971e-05 
8.542714e+00 8.644247e-01 1.297351e-01 5.774969e-03 6.521640e-05 
8.718593e+00 8.413489e-01 1.505532e-01 7.990345e-03 1.075861e-04 
8.894472e+00 8.149496e-01 1.738713e-01 1.100239e-02 1.766286e-04 
9.070352e+00 7.849675e-01 1.996790e-01 1.506520e-02 2.883582e-04 
9.246231e+00 7.512021e-01 2.278353e-01 2.049495e-02 4.677220e-04 
9.422111e+00 7.135438e-01 2.580288e-01 2.767436e-02 7.530123e-04 
9.597990e+00 6.720087e-01 2.897383e-01 3.705091e-02 1.202006e-03 
9.773869e+00 6.267746e-01 3.222003e-01 4.912496e-02 1.900175e-03 
9.949749e+00 5.782122e-01 3.543931e-01 6.442360e-02 2.971117e-03 
1.012563e+01 5.269067e-01 3.850482e-01 8.345615e-02 4.588984e-03 
1.030151e+01 4.736607e-01 4.126978e-01 1.066495e-01 6.991986e-03 
1.047739e+01 4.194738e-01 4.357659e-01 1.342652e-01 1.049514e-02 
1.065327e+01 3.654940e-01 4.527016e-01 1.663051e-01 1.549937e-02 
1.082915e+01 3.129413e-01 4.621449e-01 2.024208e-01 2.249299e-02 
1.100503e+01 2.630130e-01 4.631011e-01 2.418445e-01 3.204142e-02 
1.118090e+01 2.167800e-01 4.550942e-01 2.833644e-01 4.476145e-02 
1.135678e+01 1.750945e-01 4.382662e-01 3.253609e-01 6.127844e-02 
1.153266e+01 1.385218e-01 4.133968e-01 3.659131e-01 8.216821e-02 
1.170854e+01 1.073105e-01 3.818339e-01 4.029664e-01 1.078892e-01 
1.188442e+01 8.140211e-02 3.453437e-01 4.345396e-01 1.387146e-01 
1.206030e+01 6.047747e-02 3.059095e-01 4.589382e-01 1.746748e-01 
1.223618e+01 4.402578e-02 2.655155e-01 4.749354e-01 2.155233e-01 
1.241206e+01 3.142351e-02 2.259545e-01 4.818913e-01 2.607307e-01 
1.258794e+01 2.200855e-02 1.886866e-01 4.797916e-01 3.095132e-01 
1.276382e+01 1.514035e-02 1.547637e-01 4.692066e-01 3.608894e-01 
1.293970e+01 1.024137e-02 1.248172e-01 4.511833e-01 4.137581e-01 
1.311558e+01 6.819688e-03 9.909792e-02 4.270969e-01 4.669854e-01 
1.329146e+01 4.475962e-03 7.754788e-02 3.984880e-01 5.194881e-01 
1.346734e+01 2.899116e-03 5.988700e-02 3.669115e-01 5.703023e-01 
1.364322e+01 1.855422e-03 4.569757e-02 3.338146e-01 6.186324e-01 
1.381910e+01 1.174753e-03 3.449692e-02 3.004527e-01 6.638757e-01 
1.399497e+01 7.366895e-04 2.579300e-02 2.678434e-01 7.056269e-01 
1.417085e+01 4.580745e-04 1.912216e-02 2.367552e-01 7.436646e-01 
1.434673e+01 2.827139e-04 1.407121e-02 2.077196e-01 7.779265e-01 
1.452261e+01 1.733512e-04 1.028714e-02 1.810607e-01 8.084788e-01 
1.469849e+01 1.056930e-04 7.478207e-03 1.569316e-01 8.354845e-01 
1.487437e+01 6.412658e-05 5.409694e-03 1.353534e-01 8.591728e-01 
1.505025e+01 3.874342e-05 3.896870e-03 1.162508e-01 8.798136e-01 
1.522613e+01 2.332310e-05 2.796970e-03 9.948351e-02 8.976962e-01 
1.540201e+01 1.399687e-05 2.001318e-03 8.487167e-02 9.131130e-01 
1.557789e+01 8.377808e-06 1.428232e-03 7.221527e-02 9.263481e-01 
1.575377e+01 5.003289e-06 1.016968e-03 6.130856e-02 9.376695e-01 
1.592965e+01 2.982319e-06 7.227521e-04 5.195011e-02 9.473242e-01 
1.610553e+01 1.774811e-06 5.128271e-04 4.394926e-02 9.555361e-01 
1.628141e+01 1.054771e-06 3.633793e-04 3.712994e-02 9.625056e-01 
1.645729e+01 6.261285e-07 2.571871e-04 3.133261e-02 9.684096e-01 
1.663317e+01 3.713186e-07 1.818511e-04 2.641477e-02 9.734030e-01 
1.680905e+01 2.200260e-07 1.284774e-04 2.225056e-02 9.776207e-01 
1.698492e+01 1.302872e-07 9.070635e-05 1.872990e-02 9.811793e-01 
1.716080e+01 7.710401e-08 6.400243e-05 1.575715e-02 9.841788e-01 
1.733668e+01 4.560789e-08 4.513806e-05 1.324975e-02 9.867051e-01 
1.751256e+01 2.696650e-08 3.182078e-05 1.113677e-02 9.888314e-01 
1.768844e+01 1.593892e-08 2.242481e-05 9.357514e-03 9.906200e-01 
1.786432e+01 9.418191e-09 1.579868e-05 7.860241e-03 9.921240e-01 
1.804020e+01 5.563782e-09 1.112774e-05 6.600933e-03 9.933879e-01 
1.821608e+01 3.286123e-09 7.836172e-06 5.542248e-03 9.944499e-01 
1.839196e+01 1.940541e-09 5.517298e-06 4.652559e-03 9.953419e-01 
1.856784e+01 1.145774e-09 3.884063e-06 3.905127e-03 9.960910e-01 
1.874372e+01 6.764301e-10 2.733968e-06 3.277372e-03 9.967199e-01 
1.891960e+01 3.993030e-10 1.924228e-06 2.750251e-03 9.972478e-01 
1.909548e+01 2.356921e-10 1.354199e-06 2.307713e-03 9.976909e-01 
1.927136e+01 1.391094e-10 9.529661e-07 1.936244e-03 9.980628e-01 
1.944724e+01 8.209978e-11 6.705734e-07 1.624473e-03 9.983749e-01 
1.962312e+01 4.845131e-11 4.718384e-07 1.362834e-03 9.986367e-01 
1.979899e+01 2.859241e-11 3.319877e-07 1.143286e-03 9.988564e-01 
1.997487e+01 1.687254e-11 2.335797e-07 9.590730e-04 9.990407e-01 
2.015075e+01 9.956285e-12 1.643370e-07 8.045174e-04 9.991953e-01 
2.032663e+01 5.874939e-12 1.156179e-07 6.748517e-04 9.993250e-01 
2.050251e+01 3.466572e-12 8.134022e-08 5.660727e-04 9.994338e-01 
2.067839e+01 2.045453e-12 5.722398e-08 4.748193e-04 9.995251e-01 
2.085427e+01 1.206903e-12 4.025728e-08 3.982706e-04 9.996017e-01 
2.103015e+01 7.121149e-13 2.832080e-08 3.340586e-04 9.996659e-01 
2.120603e+01 4.201681e-13 1.992333e-08 2.801964e-04 9.997198e-01 
2.138191e+01 2.479090e-13 1.401570e-08 2.350167e-04 9.997650e-01 
2.155779e+01 1.462711e-13 9.859712e-09 1.971205e-04 9.998029e-01 
2.173367e+01 8.630221e-14 6.936033e-09 1.653340e-04 9.998347e-01 
2.190955e+01 5.091939e-14 4.879281e-09 1.386725e-04 9.998613e-01 
2.208543e+01 3.004295e-14 3.432406e-09 1.163099e-04 9.998837e-01 
2.226131e+01 1.772557e-14 2.414570e-09 9.755314e-05 9.999024e-01 
2.243719e+01 1.045820e-14 1.698556e-09 8.182097e-05 9.999182e-01 
2.261307e+01 6.170384e-15 1.194864e-09 6.862572e-05 9.999314e-01 
2.278894e+01 3.640547e-15 8.405364e-10 5.755834e-05 9.999424e-01 
2.296482e+01 2.147931e-15 5.912806e-10 4.827573e-05 9.999517e-01 
2.314070e+01 1.267282e-15 4.159395e-10 4.049009e-05 9.999595e-01 
2.331658e+01 7.476973e-16 2.925944e-10 3.396004e-05 9.999660e-01 
2.349246e+01 4.411414e-16 2.058266e-10 2.848309e-05 9.999715e-01 
2.366834e+01 2.602732e-16 1.447894e-10 2.388942e-05 9.999761e-01 
2.384422e+01 1.535610e-16 1.018524e-10 2.003659e-05 9.999800e-01 
2.402010e+01 9.060076e-17 7.164830e-11 1.680513e-05 9.999832e-01 
2.419598e+01 5.345430e-17 5.040112e-11 1.409482e-05 9.999859e-01 
2.437186e+01 3.153794e-17 3.545474e-11 1.182162e-05 9.999882e-01 
2.454774e+01 1.860732e-17 2.494067e-11 9.915040e-06 9.999901e-01 
2.472362e+01 1.097828e-17 1.754454e-11 8.315947e-06 9.999917e-01 
2.489950e+01 6.477156e-18 1.234172e-11 6.974753e-06 9.999930e-01 
2.507538e+01 3.821505e-18 8.681790e-12 5.849865e-06 9.999942e-01 
2.525126e+01 2.254678e-18 6.107209e-12 4.906399e-06 9.999951e-01 
2.542714e+01 1.330254e-18 4.296118e-12 4.115094e-06 9.999959e-01 
2.560302e+01 7.848460e-19 3.022105e-12 3.451410e-06 9.999965e-01 
2.577889e+01 4.630569e-19 2.125900e-12 2.894765e-06 9.999971e-01 
2.595477e+01 2.732022e-19 1.495465e-12 2.427896e-06 9.999976e-01 
2.613065e+01 1.611885e-19 1.051985e-12 2.036324e-06 9.999980e-01 
2.630653e+01 9.510072e-20 7.400188e-13 1.707904e-06 9.999983e-01 
2.648241e+01 5.610913e-20 5.205662e-13 1.432452e-06 9.999986e-01 
2.665829e+01 3.310422e-20 3.661922e-13 1.201425e-06 9.999988e-01 
2.683417e+01 1.953138e-20 2.575979e-13 1.007659e-06 9.999990e-01 
2.701005e+01 1.152346e-20 1.812072e-13 8.451427e-07 9.999992e-01 
2.718593e+01 6.798803e-21 1.274702e-13 7.088375e-07 9.999993e-01 
2.736181e+01 4.011272e-21 8.966889e-14 5.945156e-07 9.999994e-01 
2.753769e+01 2.366638e-21 6.307757e-14 4.986317e-07 9.999995e-01 
2.771357e+01 1.396309e-21 4.437190e-14 4.182120e-07 9.999996e-01 
2.788945e+01 8.238178e-22 3.121341e-14 3.507624e-07 9.999996e-01 
2.806533e+01 4.860499e-22 2.195707e-14 2.941911e-07 9.999997e-01 
2.824121e+01 2.867679e-22 1.544569e-14 2.467438e-07 9.999998e-01 
2.841709e+01 1.691921e-22 1.086527e-14 2.069487e-07 9.999998e-01 
2.859296e+01 9.982282e-23 7.643172e-15 1.735719e-07 9.999998e-01 
2.876884e+01 5.889515e-23 5.376588e-15 1.455780e-07 9.999999e-01 
2.894472e+01 3.474795e-23 3.782160e-15 1.220991e-07 9.999999e-01 
2.912060e+01 2.050118e-23 2.660560e-15 1.024068e-07 9.999999e-01 
2.929648e+01 1.209563e-23 1.871570e-15 8.589058e-08 9.999999e-01 
2.947236e+01 7.136382e-24 1.316556e-15 7.203807e-08 9.999999e-01 
2.964824e+01 4.210443e-24 9.261307e-16 6.041971e-08 9.999999e-01 
2.982412e+01 2.484148e-24 6.514864e-16 5.067517e-08 9.999999e-01 
3.000000e+01 1.465639e-24 4.582880e-16 4.250223e-08 1.000000e+00 
