#E                   2            3            4            5            6            7            8 
-5.000000e+00 9.999925e-01 7.512983e-06 1.543634e-11 7.545920e-18 1.481690e-24 8.944675e-32 1.670290e-39 
-4.824121e+00 9.999910e-01 8.957673e-06 2.194374e-11 1.278975e-17 2.994267e-24 2.155168e-31 4.798350e-39 
-4.648241e+00 9.999893e-01 1.068016e-05 3.119441e-11 2.167762e-17 6.050951e-24 5.192754e-31 1.378453e-38 
-4.472362e+00 9.999873e-01 1.273387e-05 4.434481e-11 3.674185e-17 1.222803e-23 1.251164e-30 3.959968e-38 
-4.296482e+00 9.999848e-01 1.518248e-05 6.303890e-11 6.227450e-17 2.471094e-23 3.014604e-30 1.137605e-37 
-4.120603e+00 9.999819e-01 1.810194e-05 8.961367e-11 1.055503e-16 4.993693e-23 7.263506e-30 3.268066e-37 
-3.944724e+00 9.999784e-01 2.158276e-05 1.273913e-10 1.788991e-16 1.009146e-22 1.750097e-29 9.388365e-37 
-3.768844e+00 9.999743e-01 2.573289e-05 1.810943e-10 3.032192e-16 2.039323e-22 4.216746e-29 2.697049e-36 
-3.592965e+00 9.999693e-01 3.068103e-05 2.574361e-10 5.139312e-16 4.121144e-22 1.015997e-28 7.747961e-36 
-3.417085e+00 9.999634e-01 3.658060e-05 3.659602e-10 8.710694e-16 8.328159e-22 2.447977e-28 2.225797e-35 
-3.241206e+00 9.999564e-01 4.361453e-05 5.202328e-10 1.476386e-15 1.682983e-21 5.898227e-28 6.394156e-35 
-3.065327e+00 9.999480e-01 5.200092e-05 7.395388e-10 2.502343e-15 3.401026e-21 1.421134e-27 1.836878e-34 
-2.889447e+00 9.999380e-01 6.199978e-05 1.051292e-09 4.241239e-15 6.872890e-21 3.424112e-27 5.276873e-34 
-2.713568e+00 9.999261e-01 7.392110e-05 1.494463e-09 7.188495e-15 1.388891e-20 8.250117e-27 1.515906e-33 
-2.537688e+00 9.999119e-01 8.813445e-05 2.124447e-09 1.218378e-14 2.806698e-20 1.987793e-26 4.354785e-33 
-2.361809e+00 9.998949e-01 1.050804e-04 3.019990e-09 2.065024e-14 5.671815e-20 4.789400e-26 1.251008e-32 
-2.185930e+00 9.998747e-01 1.252842e-04 4.293027e-09 3.499989e-14 1.146165e-19 1.153957e-25 3.593784e-32 
-2.010050e+00 9.998506e-01 1.493721e-04 6.102673e-09 5.932075e-14 2.316170e-19 2.780330e-25 1.032386e-31 
-1.834171e+00 9.998219e-01 1.780904e-04 8.675100e-09 1.005413e-13 4.680495e-19 6.698864e-25 2.965722e-31 
-1.658291e+00 9.997877e-01 2.123288e-04 1.233180e-08 1.704041e-13 9.458249e-19 1.614000e-24 8.519544e-31 
-1.482412e+00 9.997468e-01 2.531481e-04 1.752975e-08 2.888102e-13 1.911291e-18 3.888687e-24 2.447368e-30 
-1.306533e+00 9.996982e-01 3.018124e-04 2.491848e-08 4.894877e-13 3.862242e-18 9.369128e-24 7.030381e-30 
-1.130653e+00 9.996401e-01 3.598283e-04 3.542119e-08 8.295966e-13 7.804553e-18 2.257310e-23 2.019549e-29 
-9.547739e-01 9.995710e-01 4.289915e-04 5.035006e-08 1.406006e-12 1.577073e-17 5.438491e-23 5.801296e-29 
-7.788945e-01 9.994885e-01 5.114419e-04 7.157001e-08 2.382878e-12 3.186763e-17 1.310267e-22 1.666441e-28 
-6.030151e-01 9.993902e-01 6.097292e-04 1.017315e-07 4.038401e-12 6.439333e-17 3.156708e-22 4.786829e-28 
-4.271357e-01 9.992730e-01 7.268914e-04 1.446010e-07 6.843981e-12 1.301139e-16 7.605026e-22 1.374984e-27 
-2.512563e-01 9.991332e-01 8.665473e-04 2.055310e-07 1.159841e-11 2.629038e-16 1.832134e-21 3.949459e-27 
-7.537688e-02 9.989667e-01 1.033007e-03 2.921271e-07 1.965515e-11 5.312002e-16 4.413693e-21 1.134399e-26 
1.005025e-01 9.987682e-01 1.231404e-03 4.151954e-07 3.330738e-11 1.073262e-15 1.063244e-20 3.258220e-26 
2.763819e-01 9.985316e-01 1.467848e-03 5.900876e-07 5.644012e-11 2.168386e-15 2.561223e-20 9.357895e-26 
4.522613e-01 9.982495e-01 1.749612e-03 8.386113e-07 9.563472e-11 4.380743e-15 6.169386e-20 2.687548e-25 
6.281407e-01 9.979135e-01 2.085350e-03 1.191740e-06 1.620390e-10 8.849838e-15 1.485980e-19 7.718105e-25 
8.040201e-01 9.975130e-01 2.485353e-03 1.693456e-06 2.745337e-10 1.787701e-14 3.578952e-19 2.216343e-24 
9.798995e-01 9.970357e-01 2.961855e-03 2.406207e-06 4.650913e-10 3.610944e-14 8.619168e-19 6.363996e-24 
1.155779e+00 9.964672e-01 3.529388e-03 3.418631e-06 7.878452e-10 7.293011e-14 2.075558e-18 1.827187e-23 
1.331658e+00 9.957899e-01 4.205209e-03 4.856505e-06 1.334430e-09 1.472805e-13 4.997547e-18 5.245518e-23 
1.507538e+00 9.949833e-01 5.009786e-03 6.898248e-06 2.259927e-09 2.973906e-13 1.203157e-17 1.505695e-22 
1.683417e+00 9.940228e-01 5.967373e-03 9.796846e-06 3.826708e-09 6.004013e-13 2.896143e-17 4.321340e-22 
1.859296e+00 9.928794e-01 7.106680e-03 1.391084e-05 6.478520e-09 1.211925e-12 6.970074e-17 1.239993e-21 
2.035176e+00 9.915186e-01 8.461641e-03 1.974807e-05 1.096555e-08 2.445760e-12 1.677100e-16 3.557331e-21 
2.211055e+00 9.898997e-01 1.007229e-02 2.802734e-05 1.855544e-08 4.934440e-12 4.034285e-16 1.020271e-20 
2.386935e+00 9.879744e-01 1.198578e-02 3.976521e-05 3.138890e-08 9.952363e-12 9.701489e-16 2.925301e-20 
2.562814e+00 9.856861e-01 1.425748e-02 5.639792e-05 5.307858e-08 2.006564e-11 2.332107e-15 8.384250e-20 
2.738693e+00 9.829677e-01 1.695223e-02 7.995223e-05 8.971609e-08 4.043779e-11 5.603591e-15 2.401959e-19 
2.914573e+00 9.797409e-01 2.014569e-02 1.132842e-04 1.515628e-07 8.145039e-11 1.345723e-14 6.877621e-19 
3.090452e+00 9.759136e-01 2.392576e-02 1.604119e-04 2.558840e-07 1.639559e-10 3.229781e-14 1.968063e-18 
3.266332e+00 9.713786e-01 2.839399e-02 2.269763e-04 4.316887e-07 3.297904e-10 7.745822e-14 5.627519e-18 
3.442211e+00 9.660115e-01 3.366694e-02 3.208790e-04 7.276370e-07 6.627742e-10 1.856002e-13 1.607724e-17 
3.618090e+00 9.596683e-01 3.987732e-02 4.531552e-04 1.225192e-06 1.330572e-09 4.442574e-13 4.588291e-17 
3.793970e+00 9.521841e-01 4.717470e-02 6.391660e-04 2.060412e-06 2.667914e-09 1.062066e-12 1.307831e-16 
3.969849e+00 9.433708e-01 5.572552e-02 9.002064e-04 3.459919e-06 5.341549e-09 2.535306e-12 3.722320e-16 
4.145729e+00 9.330166e-01 6.571197e-02 1.265657e-03 5.799937e-06 1.067598e-08 6.041637e-12 1.057600e-15 
4.321608e+00 9.208852e-01 7.732930e-02 1.775820e-03 9.702636e-06 2.129403e-08 1.436772e-11 2.998735e-15 
4.497487e+00 9.067174e-01 9.078079e-02 2.485606e-03 1.619223e-05 4.236997e-08 3.408566e-11 8.482138e-15 
4.673367e+00 8.902340e-01 1.062698e-01 3.469217e-03 2.694568e-05 8.406673e-08 8.063456e-11 2.392425e-14 
4.849246e+00 8.711417e-01 1.239875e-01 4.825952e-03 4.469142e-05 1.662427e-07 1.901179e-10 6.725485e-14 
5.025126e+00 8.491424e-01 1.440963e-01 6.687158e-03 7.383566e-05 3.274674e-07 4.465109e-10 1.883285e-13 
5.201005e+00 8.239464e-01 1.667074e-01 9.224162e-03 1.214325e-04 6.421262e-07 1.043921e-09 5.249708e-13 
5.376884e+00 7.952916e-01 1.918517e-01 1.265672e-02 1.986611e-04 1.252511e-06 2.427798e-09 1.455671e-12 
5.552764e+00 7.629670e-01 2.194464e-01 1.726106e-02 3.230297e-04 2.428258e-06 5.611889e-09 4.011838e-12 
5.728643e+00 7.268416e-01 2.492562e-01 2.337591e-02 5.215871e-04 4.674795e-06 1.288132e-08 1.097939e-11 
5.904523e+00 6.868970e-01 2.808544e-01 3.140416e-02 8.354665e-04 8.927878e-06 2.933117e-08 2.980785e-11 
6.080402e+00 6.432612e-01 3.135887e-01 4.180708e-02 1.326096e-03 1.689576e-05 6.618239e-08 8.019127e-11 
6.256281e+00 5.962390e-01 3.465588e-01 5.508708e-02 2.083332e-03 3.164788e-05 1.478062e-07 2.135310e-10 
6.432161e+00 5.463344e-01 3.786157e-01 7.175545e-02 3.235542e-03 5.860256e-05 3.263234e-07 5.620821e-10 
6.608040e+00 4.942575e-01 4.083915e-01 9.228189e-02 4.961262e-03 1.071384e-04 7.113120e-07 1.460815e-09 
6.783920e+00 4.409107e-01 4.343677e-01 1.170256e-01 7.501357e-03 1.931418e-04 1.528885e-06 3.743633e-09 
6.959799e+00 3.873507e-01 4.549825e-01 1.461509e-01 1.116976e-02 3.428971e-04 3.236277e-06 9.448170e-09 
7.135678e+00 3.347254e-01 4.687728e-01 1.795364e-01 1.635982e-02 5.988002e-04 6.738252e-06 2.345485e-08 
7.311558e+00 2.841910e-01 4.745343e-01 2.166911e-01 2.354239e-02 1.027395e-03 1.378435e-05 5.720777e-08 
7.487437e+00 2.368202e-01 4.714759e-01 2.566945e-01 3.325136e-02 1.730134e-03 2.767655e-05 1.369507e-07 
7.663317e+00 1.935141e-01 4.593426e-01 2.981791e-01 4.605253e-02 2.856980e-03 5.449077e-05 3.214835e-07 
7.839196e+00 1.549317e-01 4.384782e-01 3.393688e-01 6.249305e-02 4.622414e-03 1.051158e-04 7.394133e-07 
8.015075e+00 1.214504e-01 4.098169e-01 3.781789e-01 8.303106e-02 7.322530e-03 1.985381e-04 1.665123e-06 
8.190955e+00 9.315886e-02 3.747992e-01 4.123723e-01 1.079484e-01 1.135064e-02 3.669326e-04 3.669209e-06 
8.366834e+00 6.988446e-02 3.352267e-01 4.397571e-01 1.372534e-01 1.720721e-02 6.632238e-04 7.907326e-06 
8.542714e+00 5.124453e-02 2.930818e-01 4.584021e-01 1.705848e-01 2.549830e-02 1.171775e-03 1.665702e-05 
8.718593e+00 3.671178e-02 2.503400e-01 4.668436e-01 2.071326e-01 3.691501e-02 2.022644e-03 3.428118e-05 
8.894472e+00 2.568181e-02 2.088017e-01 4.642572e-01 2.455948e-01 5.218636e-02 3.409235e-03 6.889327e-05 
9.070352e+00 1.753330e-02 1.699635e-01 4.505714e-01 2.841892e-01 7.199941e-02 5.608055e-03 1.351188e-04 
9.246231e+00 1.167504e-02 1.349378e-01 4.265062e-01 3.207397e-01 9.688521e-02 8.997550e-03 2.584706e-04 
9.422111e+00 7.577710e-03 1.044231e-01 3.935244e-01 3.528438e-01 1.270781e-01 1.407087e-02 4.819381e-04 
9.597990e+00 4.791051e-03 7.871780e-02 3.536970e-01 3.781166e-01 1.623669e-01 2.143537e-02 8.753561e-04 
9.773869e+00 2.949048e-03 5.777068e-02 3.094919e-01 3.944819e-01 2.019679e-01 3.179065e-02 1.547877e-03 
9.949749e+00 1.766320e-03 4.125518e-02 2.635141e-01 4.004655e-01 2.444577e-01 4.587797e-02 2.663329e-03 
1.012563e+01 1.029013e-03 2.865584e-02 2.182338e-01 3.954273e-01 2.877986e-01 6.439805e-02 4.457351e-03 
1.030151e+01 5.829392e-04 1.935527e-02 1.757484e-01 3.796816e-01 3.294770e-01 8.790074e-02 7.254042e-03 
1.047739e+01 3.210930e-04 1.271131e-02 1.376150e-01 3.544684e-01 3.667469e-01 1.166588e-01 1.147858e-02 
1.065327e+01 1.719741e-04 8.117193e-03 1.047768e-01 3.217807e-01 3.969469e-01 1.505452e-01 1.766124e-02 
1.082915e+01 8.957786e-05 5.041119e-03 7.758354e-02 2.840849e-01 4.178341e-01 1.889391e-01 2.642772e-02 
1.100503e+01 4.539193e-05 3.045709e-03 5.588747e-02 2.439925e-01 4.278738e-01 2.306837e-01 3.847143e-02 
1.118090e+01 2.238613e-05 1.790904e-03 3.918156e-02 2.039516e-01 4.264320e-01 2.741161e-01 5.450538e-02 
1.135678e+01 1.075045e-05 1.025424e-03 2.674830e-02 1.660065e-01 4.138389e-01 3.171754e-01 7.519478e-02 
1.153266e+01 5.030235e-06 5.720690e-04 1.779200e-02 1.316549e-01 3.913152e-01 3.575843e-01 1.010765e-01 
1.170854e+01 2.294959e-06 3.111848e-04 1.153927e-02 1.018062e-01 3.607839e-01 3.930812e-01 1.324760e-01 
1.188442e+01 1.021752e-06 1.651857e-04 7.303244e-03 7.682366e-02 3.246023e-01 4.216675e-01 1.694372e-01 
1.206030e+01 4.443363e-07 8.564899e-05 4.514909e-03 5.662545e-02 2.852671e-01 4.418285e-01 2.116780e-01 
1.223618e+01 1.889472e-07 4.342446e-05 2.729259e-03 4.081227e-02 2.451400e-01 4.526887e-01 2.585861e-01 
1.241206e+01 7.865972e-08 2.155409e-05 1.615189e-03 2.879738e-02 2.062338e-01 4.540763e-01 3.092557e-01 
1.258794e+01 3.210088e-08 1.048764e-05 9.370330e-04 1.991902e-02 1.700820e-01 4.464889e-01 3.625626e-01 
1.276382e+01 1.286008e-08 5.009425e-06 5.336401e-04 1.352524e-02 1.376952e-01 4.309774e-01 4.172635e-01 
1.293970e+01 5.064881e-09 2.352323e-06 2.987727e-04 9.028609e-03 1.095918e-01 4.089756e-01 4.721029e-01 
1.311558e+01 1.964010e-09 1.087564e-06 1.646958e-04 5.933976e-03 8.587890e-02 3.821107e-01 5.259106e-01 
1.329146e+01 7.509590e-10 4.958049e-07 8.952035e-05 3.845640e-03 6.635792e-02 3.520294e-01 5.776770e-01 
1.346734e+01 2.835441e-10 2.232023e-07 4.804996e-05 2.461066e-03 5.063267e-02 3.202584e-01 6.265996e-01 
1.364322e+01 1.058679e-10 9.936324e-08 2.550372e-05 1.557461e-03 3.820396e-02 2.881120e-01 6.721009e-01 
1.381910e+01 3.913985e-11 4.379899e-08 1.340372e-05 9.759387e-04 2.854283e-02 2.566455e-01 7.138223e-01 
1.399497e+01 1.434548e-11 1.914007e-08 6.983745e-06 6.062741e-04 2.114107e-02 2.266454e-01 7.516003e-01 
1.417085e+01 5.218391e-12 8.301346e-09 3.611409e-06 3.738013e-04 1.554111e-02 1.986486e-01 7.854328e-01 
1.434673e+01 1.885907e-12 3.576973e-09 1.855356e-06 2.289680e-04 1.135010e-02 1.729763e-01 8.154428e-01 
1.452261e+01 6.777298e-13 1.532623e-09 9.478299e-07 1.394638e-04 8.242704e-03 1.497752e-01 8.418416e-01 
1.469849e+01 2.423764e-13 6.535105e-10 4.818714e-07 8.453675e-05 5.957133e-03 1.290598e-01 8.648980e-01 
1.487437e+01 8.632262e-14 2.775046e-10 2.439677e-07 5.103054e-05 4.287512e-03 1.107497e-01 8.849115e-01 
1.505025e+01 3.063537e-14 1.174228e-10 1.230829e-07 3.069581e-05 3.074948e-03 9.470185e-02 9.021924e-01 
1.522613e+01 1.083964e-14 4.953674e-11 6.190936e-08 1.840861e-05 2.198686e-03 8.073602e-02 9.170468e-01 
1.540201e+01 3.825574e-15 2.084456e-11 3.106025e-08 1.101167e-05 1.568118e-03 6.865409e-02 9.297668e-01 
1.557789e+01 1.347218e-15 8.752200e-12 1.554938e-08 6.572714e-06 1.115973e-03 5.825387e-02 9.406236e-01 
1.575377e+01 4.735686e-16 3.668140e-12 7.770073e-09 3.915978e-06 7.927436e-04 4.933865e-02 9.498647e-01 
1.592965e+01 1.662094e-16 1.534977e-12 3.876722e-09 2.329503e-06 5.622625e-04 4.172315e-02 9.577123e-01 
1.610553e+01 5.825866e-17 6.414906e-13 1.931686e-09 1.383944e-06 3.982702e-04 3.523703e-02 9.643633e-01 
1.628141e+01 2.039796e-17 2.677935e-13 9.614565e-10 8.212873e-07 2.817980e-04 2.972643e-02 9.699909e-01 
1.645729e+01 7.135260e-18 1.116880e-13 4.781009e-10 4.869323e-07 1.992025e-04 2.505435e-02 9.747460e-01 
1.663317e+01 2.493982e-18 4.654506e-14 2.375582e-10 2.884712e-07 1.407059e-04 2.110007e-02 9.787589e-01 
1.680905e+01 8.711468e-19 1.938452e-14 1.179601e-10 1.707854e-07 9.932166e-05 1.775821e-02 9.821423e-01 
1.698492e+01 3.041229e-19 8.068564e-15 5.854093e-11 1.010553e-07 7.007056e-05 1.493737e-02 9.849925e-01 
1.716080e+01 1.061219e-19 3.356878e-15 2.903905e-11 5.976751e-08 4.941118e-05 1.255878e-02 9.873918e-01 
1.733668e+01 3.701615e-20 1.396064e-15 1.439911e-11 3.533473e-08 3.482934e-05 1.055482e-02 9.894103e-01 
1.751256e+01 1.290729e-20 5.804067e-16 7.137501e-12 2.088314e-08 2.454273e-05 8.867717e-03 9.911077e-01 
1.768844e+01 4.499445e-21 2.412348e-16 3.537017e-12 1.233872e-08 1.728943e-05 7.448231e-03 9.925345e-01 
1.786432e+01 1.568132e-21 1.002413e-16 1.752377e-12 7.288600e-09 1.217694e-05 6.254519e-03 9.937333e-01 
1.804020e+01 5.464138e-22 4.164564e-17 8.680278e-13 4.304608e-09 8.574543e-06 5.251101e-03 9.947403e-01 
1.821608e+01 1.903663e-22 1.729901e-17 4.299014e-13 2.541864e-09 6.036888e-06 4.407943e-03 9.955860e-01 
1.839196e+01 6.631305e-23 7.184784e-18 2.128848e-13 1.500761e-09 4.249676e-06 3.699663e-03 9.962961e-01 
1.856784e+01 2.309713e-23 2.983707e-18 1.054073e-13 8.859741e-10 2.991223e-06 3.104834e-03 9.968922e-01 
1.874372e+01 8.044059e-24 1.238959e-18 5.218609e-14 5.229842e-10 2.105231e-06 2.605391e-03 9.973925e-01 
1.891960e+01 2.801285e-24 5.144254e-19 2.583472e-14 3.086889e-10 1.481548e-06 2.186111e-03 9.978124e-01 
1.909548e+01 9.754611e-25 2.135790e-19 1.278861e-14 1.821898e-10 1.042562e-06 1.834181e-03 9.981648e-01 
1.927136e+01 3.396549e-25 8.866860e-20 6.330210e-15 1.075232e-10 7.336075e-07 1.538818e-03 9.984604e-01 
1.944724e+01 1.182620e-25 3.680955e-20 3.133229e-15 6.345412e-11 5.161843e-07 1.290957e-03 9.987085e-01 
1.962312e+01 4.117512e-26 1.528036e-20 1.550775e-15 3.744553e-11 3.631854e-07 1.082976e-03 9.989167e-01 
1.979899e+01 1.433541e-26 6.342966e-21 7.675223e-16 2.209660e-11 2.555273e-07 9.084714e-04 9.990913e-01 
1.997487e+01 4.990833e-27 2.632927e-21 3.798576e-16 1.303884e-11 1.797770e-07 7.620641e-04 9.992378e-01 
2.015075e+01 1.737504e-27 1.092886e-21 1.879925e-16 7.693818e-12 1.264796e-07 6.392363e-04 9.993606e-01 
2.032663e+01 6.048808e-28 4.536307e-22 9.303609e-17 4.539796e-12 8.898126e-08 5.361950e-04 9.994637e-01 
2.050251e+01 2.105749e-28 1.882881e-22 4.604211e-17 2.678697e-12 6.259926e-08 4.497559e-04 9.995502e-01 
2.067839e+01 7.330565e-29 7.815145e-23 2.278520e-17 1.580537e-12 4.403863e-08 3.772463e-04 9.996227e-01 
2.085427e+01 2.551897e-29 3.243741e-23 1.127575e-17 9.325686e-13 3.098085e-08 3.164229e-04 9.996835e-01 
2.103015e+01 8.883511e-30 1.346329e-23 5.579996e-18 5.502405e-13 2.179458e-08 2.654035e-04 9.997346e-01 
2.120603e+01 3.092449e-30 5.587949e-24 2.761332e-18 3.246540e-13 1.533205e-08 2.226085e-04 9.997774e-01 
2.138191e+01 1.076508e-30 2.319267e-24 1.366471e-18 1.915517e-13 1.078572e-08 1.867127e-04 9.998133e-01 
2.155779e+01 3.747398e-31 9.626016e-25 6.762071e-19 1.130183e-13 7.587438e-09 1.566043e-04 9.998434e-01 
2.173367e+01 1.304488e-31 3.995216e-25 3.346239e-19 6.668212e-14 5.337516e-09 1.313503e-04 9.998686e-01 
2.190955e+01 4.540969e-32 1.658182e-25 1.655893e-19 3.934307e-14 3.754754e-09 1.101683e-04 9.998898e-01 
2.208543e+01 1.580722e-32 6.882127e-26 8.194193e-20 2.321270e-14 2.641328e-09 9.240194e-05 9.999076e-01 
2.226131e+01 5.502516e-33 2.856353e-26 4.054888e-20 1.369562e-14 1.858069e-09 7.750043e-05 9.999225e-01 
2.243719e+01 1.915429e-33 1.185496e-26 2.006552e-20 8.080473e-15 1.307075e-09 6.500191e-05 9.999350e-01 
2.261307e+01 6.667605e-34 4.920253e-27 9.929360e-21 4.767503e-15 9.194711e-10 5.451891e-05 9.999455e-01 
2.278894e+01 2.320988e-34 2.042086e-27 4.913503e-21 2.812836e-15 6.468074e-10 4.572646e-05 9.999543e-01 
2.296482e+01 8.079332e-35 8.475394e-28 2.431424e-21 1.659577e-15 4.549999e-10 3.835194e-05 9.999616e-01 
2.314070e+01 2.812402e-35 3.517591e-28 1.203177e-21 9.791509e-16 3.200716e-10 3.216670e-05 9.999678e-01 
2.331658e+01 9.789916e-36 1.459924e-28 5.953851e-22 5.776989e-16 2.251554e-10 2.697897e-05 9.999730e-01 
2.349246e+01 3.407848e-36 6.059195e-29 2.946226e-22 3.408420e-16 1.583862e-10 2.262788e-05 9.999774e-01 
2.366834e+01 1.186263e-36 2.514776e-29 1.457921e-22 2.010964e-16 1.114172e-10 1.897850e-05 9.999810e-01 
2.384422e+01 4.129350e-37 1.043718e-29 7.214419e-23 1.186466e-16 7.837662e-11 1.591768e-05 9.999841e-01 
2.402010e+01 1.437415e-37 4.331788e-30 3.570004e-23 7.000129e-17 5.513416e-11 1.335050e-05 9.999866e-01 
2.419598e+01 5.003596e-38 1.797839e-30 1.766590e-23 4.130063e-17 3.878419e-11 1.119734e-05 9.999888e-01 
2.437186e+01 1.741736e-38 7.461642e-31 8.741839e-24 2.436728e-17 2.728278e-11 9.391442e-06 9.999906e-01 
2.454774e+01 6.062926e-39 3.096833e-31 4.325832e-24 1.437664e-17 1.919210e-11 7.876794e-06 9.999921e-01 
2.472362e+01 2.110484e-39 1.285290e-31 2.140604e-24 8.482181e-18 1.350069e-11 6.606426e-06 9.999934e-01 
2.489950e+01 7.346524e-40 5.334384e-32 1.059261e-24 5.004465e-18 9.497069e-12 5.540942e-06 9.999945e-01 
2.507538e+01 2.557299e-40 2.213948e-32 5.241669e-25 2.952621e-18 6.680717e-12 4.647298e-06 9.999954e-01 
2.525126e+01 8.901869e-41 9.188625e-33 2.593798e-25 1.742038e-18 4.699553e-12 3.897781e-06 9.999961e-01 
2.542714e+01 3.098709e-41 3.813586e-33 1.283520e-25 1.027798e-18 3.305901e-12 3.269145e-06 9.999967e-01 
2.560302e+01 1.078649e-41 1.582765e-33 6.351394e-26 6.063976e-19 2.325537e-12 2.741896e-06 9.999973e-01 
2.577889e+01 3.754739e-42 6.569003e-34 3.142935e-26 3.577728e-19 1.635899e-12 2.299682e-06 9.999977e-01 
2.595477e+01 1.307011e-42 2.726355e-34 1.555256e-26 2.110849e-19 1.150773e-12 1.928788e-06 9.999981e-01 
2.613065e+01 4.549657e-43 1.131528e-34 7.696054e-27 1.245394e-19 8.095114e-13 1.617712e-06 9.999984e-01 
2.630653e+01 1.583719e-43 4.696216e-35 3.808329e-27 7.347788e-20 5.694508e-13 1.356806e-06 9.999986e-01 
2.648241e+01 5.512866e-44 1.949086e-35 1.884520e-27 4.335172e-20 4.005801e-13 1.137980e-06 9.999989e-01 
2.665829e+01 1.919008e-44 8.089352e-36 9.325389e-28 2.557738e-20 2.817881e-13 9.544454e-07 9.999990e-01 
2.683417e+01 6.679995e-45 3.357349e-36 4.614591e-28 1.509058e-20 1.982238e-13 8.005117e-07 9.999992e-01 
2.701005e+01 2.325281e-45 1.393411e-36 2.283492e-28 8.903393e-21 1.394405e-13 6.714046e-07 9.999993e-01 
2.718593e+01 8.094217e-46 5.783119e-37 1.129967e-28 5.252974e-21 9.808939e-14 5.631199e-07 9.999994e-01 
2.736181e+01 2.817566e-46 2.400186e-37 5.591547e-29 3.099238e-21 6.900097e-14 4.722995e-07 9.999995e-01 
2.753769e+01 9.807843e-47 9.961567e-38 2.766930e-29 1.828540e-21 4.853872e-14 3.961266e-07 9.999996e-01 
2.771357e+01 3.414073e-47 4.134381e-38 1.369192e-29 1.078833e-21 3.414455e-14 3.322390e-07 9.999997e-01 
2.788945e+01 1.188426e-47 1.715905e-38 6.775333e-30 6.365081e-22 2.401898e-14 2.786552e-07 9.999997e-01 
2.806533e+01 4.136866e-48 7.121574e-39 3.352716e-30 3.755377e-22 1.689615e-14 2.337135e-07 9.999998e-01 
2.824121e+01 1.440027e-48 2.955689e-39 1.659064e-30 2.215661e-22 1.188559e-14 1.960200e-07 9.999998e-01 
2.841709e+01 5.012681e-49 1.226709e-39 8.209737e-31 1.307233e-22 8.360916e-15 1.644057e-07 9.999998e-01 
2.859296e+01 1.744895e-49 5.091248e-40 4.062519e-31 7.712631e-23 5.881485e-15 1.378902e-07 9.999999e-01 
2.876884e+01 6.073914e-50 2.113036e-40 2.010304e-31 4.550428e-23 4.137329e-15 1.156512e-07 9.999999e-01 
2.894472e+01 2.114306e-50 8.769801e-41 9.947819e-32 2.684738e-23 2.910404e-15 9.699885e-08 9.999999e-01 
2.912060e+01 7.359821e-51 3.639758e-41 4.922594e-32 1.583987e-23 2.047323e-15 8.135479e-08 9.999999e-01 
2.929648e+01 2.561926e-51 1.510620e-41 2.435904e-32 9.345470e-24 1.440189e-15 6.823382e-08 9.999999e-01 
2.947236e+01 8.917966e-52 6.269573e-42 1.205387e-32 5.513798e-24 1.013100e-15 5.722901e-08 9.999999e-01 
2.964824e+01 3.104310e-52 2.602081e-42 5.964756e-33 3.253123e-24 7.126653e-16 4.799907e-08 1.000000e+00 
2.982412e+01 1.080599e-52 1.079950e-42 2.951609e-33 1.919332e-24 5.013243e-16 4.025774e-08 1.000000e+00 
3.000000e+01 3.761523e-53 4.482148e-43 1.460579e-33 1.132400e-24 3.526564e-16 3.376493e-08 1.000000e+00 
