#E                   1            2            3            4            5 
-5.000000e+00 9.999957e-01 4.262825e-06 2.242126e-12 1.414137e-19 1.400189e-27 
-4.824121e+00 9.999949e-01 5.082537e-06 3.187327e-12 2.396853e-19 2.829567e-27 
-4.648241e+00 9.999939e-01 6.059874e-06 4.530990e-12 4.062481e-19 5.718122e-27 
-4.472362e+00 9.999928e-01 7.225145e-06 6.441091e-12 6.885591e-19 1.155545e-26 
-4.296482e+00 9.999914e-01 8.614487e-06 9.156421e-12 1.167054e-18 2.335178e-26 
-4.120603e+00 9.999897e-01 1.027099e-05 1.301643e-11 1.978065e-18 4.719033e-26 
-3.944724e+00 9.999878e-01 1.224601e-05 1.850367e-11 3.352664e-18 9.536433e-26 
-3.768844e+00 9.999854e-01 1.460082e-05 2.630413e-11 5.682500e-18 1.927164e-25 
-3.592965e+00 9.999826e-01 1.740842e-05 3.739294e-11 9.631381e-18 3.894497e-25 
-3.417085e+00 9.999792e-01 2.075589e-05 5.315633e-11 1.632441e-17 7.870162e-25 
-3.241206e+00 9.999753e-01 2.474703e-05 7.556491e-11 2.766853e-17 1.590434e-24 
-3.065327e+00 9.999705e-01 2.950560e-05 1.074200e-10 4.689585e-17 3.214012e-24 
-2.889447e+00 9.999648e-01 3.517916e-05 1.527037e-10 7.948447e-17 6.494995e-24 
-2.713568e+00 9.999581e-01 4.194363e-05 2.170768e-10 1.347193e-16 1.312531e-23 
-2.537688e+00 9.999500e-01 5.000874e-05 3.085864e-10 2.283371e-16 2.652406e-23 
-2.361809e+00 9.999404e-01 5.962456e-05 4.386716e-10 3.870105e-16 5.360060e-23 
-2.185930e+00 9.999289e-01 7.108921e-05 6.235933e-10 6.559460e-16 1.083175e-22 
-2.010050e+00 9.999152e-01 8.475810e-05 8.864667e-10 1.111764e-15 2.188902e-22 
-1.834171e+00 9.998989e-01 1.010549e-04 1.260150e-09 1.884325e-15 4.423368e-22 
-1.658291e+00 9.998795e-01 1.204849e-04 1.791351e-09 3.193726e-15 8.938784e-22 
-1.482412e+00 9.998563e-01 1.436501e-04 2.546464e-09 5.412999e-15 1.806351e-21 
-1.306533e+00 9.998287e-01 1.712685e-04 3.619866e-09 9.174372e-15 3.650262e-21 
-1.130653e+00 9.997958e-01 2.041957e-04 5.145707e-09 1.554936e-14 7.376383e-21 
-9.547739e-01 9.997565e-01 2.434518e-04 7.314673e-09 2.635395e-14 1.490597e-20 
-7.788945e-01 9.997097e-01 2.902526e-04 1.039780e-08 4.466586e-14 3.012130e-20 
-6.030151e-01 9.996539e-01 3.460472e-04 1.478033e-08 7.570104e-14 6.086719e-20 
-4.271357e-01 9.995874e-01 4.125626e-04 2.100981e-08 1.282990e-13 1.229952e-19 
-2.512563e-01 9.995081e-01 4.918570e-04 2.986446e-08 2.174399e-13 2.485350e-19 
-7.537688e-02 9.994136e-01 5.863828e-04 4.245027e-08 3.685093e-13 5.022041e-19 
1.005025e-01 9.993009e-01 6.990620e-04 6.033903e-08 6.245250e-13 1.014764e-18 
2.763819e-01 9.991665e-01 8.333756e-04 8.576436e-08 1.058380e-12 2.050409e-18 
4.522613e-01 9.990064e-01 9.934697e-04 1.219001e-07 1.793587e-12 4.142902e-18 
6.281407e-01 9.988155e-01 1.184282e-03 1.732559e-07 3.039414e-12 8.370580e-18 
8.040201e-01 9.985881e-01 1.411691e-03 2.462386e-07 5.150405e-12 1.691182e-17 
9.798995e-01 9.983170e-01 1.682694e-03 3.499492e-07 8.727177e-12 3.416696e-17 
1.155779e+00 9.979939e-01 2.005617e-03 4.973148e-07 1.478712e-11 6.902391e-17 
1.331658e+00 9.976089e-01 2.390363e-03 7.066929e-07 2.505338e-11 1.394331e-16 
1.507538e+00 9.971503e-01 2.848706e-03 1.004148e-06 4.244407e-11 2.816436e-16 
1.683417e+00 9.966039e-01 3.394635e-03 1.426681e-06 7.190008e-11 5.688473e-16 
1.859296e+00 9.959532e-01 4.044761e-03 2.026796e-06 1.217856e-10 1.148804e-15 
2.035176e+00 9.951783e-01 4.818793e-03 2.878982e-06 2.062568e-10 2.319752e-15 
2.211055e+00 9.942558e-01 5.740094e-03 4.088868e-06 3.492657e-10 4.683523e-15 
2.386935e+00 9.931579e-01 6.836323e-03 5.806175e-06 5.913253e-10 9.454239e-15 
2.562814e+00 9.918516e-01 8.140188e-03 8.243002e-06 1.000933e-09 1.908046e-14 
2.738693e+00 9.902980e-01 9.690298e-03 1.169961e-05 1.693849e-09 3.849832e-14 
2.914573e+00 9.884513e-01 1.153214e-02 1.660075e-05 2.865593e-09 7.765421e-14 
3.090452e+00 9.862573e-01 1.371919e-02 2.354668e-05 4.846183e-09 1.565791e-13 
3.266332e+00 9.836525e-01 1.631411e-02 3.338474e-05 8.192221e-09 3.155870e-13 
3.442211e+00 9.805626e-01 1.939011e-02 4.730952e-05 1.384158e-08 6.357501e-13 
3.618090e+00 9.769006e-01 2.303238e-02 6.700242e-05 2.337282e-08 1.279957e-12 
3.793970e+00 9.725656e-01 2.733952e-02 9.482568e-05 3.943937e-08 2.575121e-12 
3.969849e+00 9.674409e-01 3.242499e-02 1.340906e-04 6.649451e-08 5.176509e-12 
4.145729e+00 9.613921e-01 3.841841e-02 1.894268e-04 1.119985e-07 1.039554e-11 
4.321608e+00 9.542660e-01 4.546652e-02 2.672866e-04 1.884220e-07 2.085209e-11 
4.497487e+00 9.458894e-01 5.373362e-02 3.766301e-04 3.165576e-07 4.176903e-11 
4.673367e+00 9.360685e-01 6.340110e-02 5.298454e-04 5.309705e-07 8.353249e-11 
4.849246e+00 9.245894e-01 7.466577e-02 7.439733e-04 8.889187e-07 1.667364e-10 
5.025126e+00 9.112199e-01 8.773629e-02 1.042314e-03 1.484864e-06 3.320769e-10 
5.201005e+00 8.957137e-01 1.028274e-01 1.456503e-03 2.473905e-06 6.596573e-10 
5.376884e+00 8.778160e-01 1.201507e-01 2.029143e-03 4.109299e-06 1.306431e-09 
5.552764e+00 8.572735e-01 1.399026e-01 2.817056e-03 6.801958e-06 2.578317e-09 
5.728643e+00 8.338468e-01 1.622468e-01 3.895195e-03 1.121376e-05 5.068003e-09 
5.904523e+00 8.073269e-01 1.872935e-01 5.361167e-03 1.840199e-05 9.915939e-09 
6.080402e+00 7.775556e-01 2.150742e-01 7.340206e-03 3.003980e-05 1.929966e-08 
6.256281e+00 7.444479e-01 2.455130e-01 9.990288e-03 4.874727e-05 3.734104e-08 
6.432161e+00 7.080161e-01 2.783984e-01 1.350684e-02 7.857953e-05 7.176769e-08 
6.608040e+00 6.683917e-01 3.133561e-01 1.812627e-02 1.257326e-04 1.369149e-07 
6.783920e+00 6.258434e-01 3.498294e-01 2.412738e-02 1.995413e-04 2.590712e-07 
6.959799e+00 5.807858e-01 3.870705e-01 3.182932e-02 3.138582e-04 4.858512e-07 
7.135678e+00 5.337771e-01 4.241480e-01 4.158514e-02 4.889086e-04 9.023624e-07 
7.311558e+00 4.855022e-01 4.599728e-01 5.376954e-02 7.537188e-04 1.658617e-06 
7.487437e+00 4.367429e-01 4.933445e-01 6.876032e-02 1.149197e-03 3.015189e-06 
7.663317e+00 3.883347e-01 5.230149e-01 8.691308e-02 1.731909e-03 5.417871e-06 
7.839196e+00 3.411168e-01 5.477652e-01 1.085298e-01 2.578531e-03 9.617439e-06 
8.015075e+00 2.958807e-01 5.664890e-01 1.338226e-01 3.790847e-03 1.685803e-05 
8.190955e+00 2.533227e-01 5.782723e-01 1.628748e-01 5.501031e-03 2.916743e-05 
8.366834e+00 2.140068e-01 5.824642e-01 1.956024e-01 7.876764e-03 4.979495e-05 
8.542714e+00 1.783407e-01 5.787296e-01 2.317203e-01 1.112554e-02 8.385754e-05 
8.718593e+00 1.465667e-01 5.670795e-01 2.707171e-01 1.549731e-02 1.392710e-04 
8.894472e+00 1.187657e-01 5.478771e-01 3.118447e-01 2.128445e-02 2.280606e-04 
9.070352e+00 9.487289e-02 5.218162e-01 3.541247e-01 2.881800e-02 3.681587e-04 
9.246231e+00 7.470122e-02 4.898765e-01 3.963773e-01 3.845915e-02 5.858069e-04 
9.422111e+00 5.796977e-02 4.532564e-01 4.372699e-01 5.058526e-02 9.186756e-04 
9.597990e+00 4.433339e-02 4.132917e-01 4.753853e-01 6.556977e-02 1.419794e-03 
9.773869e+00 3.341137e-02 3.713672e-01 5.093028e-01 8.375628e-02 2.162332e-03 
9.949749e+00 2.481298e-02 3.288301e-01 5.376846e-01 1.054271e-01 3.245196e-03 
1.012563e+01 1.815834e-02 2.869144e-01 5.593605e-01 1.307675e-01 4.799235e-03 
1.030151e+01 1.309415e-02 2.466818e-01 5.734029e-01 1.598275e-01 6.993700e-03 
1.047739e+01 9.303988e-03 2.089836e-01 5.791866e-01 1.924835e-01 1.004228e-02 
1.065327e+01 6.513734e-03 1.744442e-01 5.764296e-01 2.284046e-01 1.420781e-02 
1.082915e+01 4.492926e-03 1.434628e-01 5.652134e-01 2.670266e-01 1.980434e-02 
1.100503e+01 3.053002e-03 1.162306e-01 5.459805e-01 3.075407e-01 2.719518e-02 
1.118090e+01 2.043513e-03 9.275862e-02 5.195105e-01 3.489019e-01 3.678544e-02 
1.135678e+01 1.347202e-03 7.291098e-02 4.868739e-01 3.898602e-01 4.900778e-02 
1.153266e+01 8.746798e-04 5.644077e-02 4.493657e-01 4.290182e-01 6.430065e-02 
1.170854e+01 5.592343e-04 4.302502e-02 4.084242e-01 4.649120e-01 8.307949e-02 
1.188442e+01 3.520870e-04 3.229688e-02 3.655397e-01 4.961092e-01 1.057021e-01 
1.206030e+01 2.182844e-04 2.387354e-02 3.221619e-01 5.213151e-01 1.324312e-01 
1.223618e+01 1.332733e-04 1.737884e-02 2.796157e-01 5.394749e-01 1.633972e-01 
1.241206e+01 8.014433e-05 1.246045e-02 2.390331e-01 5.498588e-01 1.985675e-01 
1.258794e+01 4.747938e-05 8.801354e-03 2.013062e-01 5.521204e-01 2.377246e-01 
1.276382e+01 2.771840e-05 6.126270e-03 1.670657e-01 5.463202e-01 2.804601e-01 
1.293970e+01 1.595243e-05 4.203764e-03 1.366825e-01 5.329131e-01 3.261847e-01 
1.311558e+01 9.054886e-06 2.844971e-03 1.102899e-01 5.126994e-01 3.741567e-01 
1.329146e+01 5.071952e-06 1.899999e-03 8.782031e-02 4.867493e-01 4.235254e-01 
1.346734e+01 2.805288e-06 1.252966e-03 6.905009e-02 4.563079e-01 4.733862e-01 
1.364322e+01 1.533191e-06 8.164725e-04 5.364756e-02 4.226951e-01 5.228393e-01 
1.381910e+01 8.286383e-07 5.261307e-04 4.121787e-02 3.872097e-01 5.710455e-01 
1.399497e+01 4.432383e-07 3.355439e-04 3.134185e-02 3.510499e-01 6.172723e-01 
1.417085e+01 2.348442e-07 2.119704e-04 2.360663e-02 3.152548e-01 6.609264e-01 
1.434673e+01 1.233570e-07 1.327525e-04 1.762727e-02 2.806700e-01 7.015698e-01 
1.452261e+01 6.429204e-08 8.249349e-05 1.306007e-02 2.479362e-01 7.389212e-01 
1.469849e+01 3.327495e-08 5.090534e-05 9.608873e-03 2.174956e-01 7.728446e-01 
1.487437e+01 1.711533e-08 3.121868e-05 7.025984e-03 1.896132e-01 8.033296e-01 
1.505025e+01 8.755482e-09 1.904114e-05 5.109388e-03 1.644045e-01 8.304670e-01 
1.522613e+01 4.457559e-09 1.155828e-05 3.697880e-03 1.418669e-01 8.544236e-01 
1.540201e+01 2.259984e-09 6.986909e-06 2.665189e-03 1.219101e-01 8.754177e-01 
1.557789e+01 1.141687e-09 4.208335e-06 1.913977e-03 1.043835e-01 8.936983e-01 
1.575377e+01 5.749612e-10 2.526883e-06 1.370235e-03 8.909917e-02 9.095281e-01 
1.592965e+01 2.887821e-10 1.513214e-06 9.783488e-04 7.585004e-02 9.231701e-01 
1.610553e+01 1.447138e-10 9.041146e-07 6.969477e-04 6.442372e-02 9.348784e-01 
1.628141e+01 7.237741e-11 5.391381e-07 4.955189e-04 5.461215e-02 9.448918e-01 
1.645729e+01 3.613898e-11 3.209640e-07 3.517224e-04 4.621814e-02 9.534298e-01 
1.663317e+01 1.801927e-11 1.908100e-07 2.493034e-04 3.905927e-02 9.606912e-01 
1.680905e+01 8.973880e-12 1.132994e-07 1.764973e-04 3.296989e-02 9.668535e-01 
1.698492e+01 4.464623e-12 6.720717e-08 1.248273e-04 2.780177e-02 9.720733e-01 
1.716080e+01 2.219315e-12 3.983209e-08 8.820852e-05 2.342377e-02 9.764880e-01 
1.733668e+01 1.102403e-12 2.359054e-08 6.228721e-05 1.972098e-02 9.802167e-01 
1.751256e+01 5.472654e-13 1.396301e-08 4.395654e-05 1.659345e-02 9.833626e-01 
1.768844e+01 2.715399e-13 8.260347e-09 3.100460e-05 1.395477e-02 9.860142e-01 
1.786432e+01 1.346736e-13 4.884617e-09 2.185958e-05 1.173064e-02 9.882475e-01 
1.804020e+01 6.676885e-14 2.887390e-09 1.540636e-05 9.857429e-03 9.901272e-01 
1.821608e+01 3.309277e-14 1.706271e-09 1.085491e-05 8.280817e-03 9.917083e-01 
1.839196e+01 1.639763e-14 1.008044e-09 7.646120e-06 6.954590e-03 9.930378e-01 
1.856784e+01 8.123359e-15 5.954119e-10 5.384713e-06 5.839511e-03 9.941551e-01 
1.874372e+01 4.023572e-15 3.516228e-10 3.791452e-06 4.902334e-03 9.950939e-01 
1.891960e+01 1.992608e-15 2.076207e-10 2.669210e-06 4.114940e-03 9.958824e-01 
1.909548e+01 9.866811e-16 1.225770e-10 1.878903e-06 3.453573e-03 9.965445e-01 
1.927136e+01 4.885232e-16 7.236039e-11 1.322451e-06 2.898194e-03 9.971005e-01 
1.944724e+01 2.418547e-16 4.271238e-11 9.307136e-07 2.431908e-03 9.975672e-01 
1.962312e+01 1.197268e-16 2.521006e-11 6.549673e-07 2.040489e-03 9.979589e-01 
1.979899e+01 5.926531e-17 1.487875e-11 4.608884e-07 1.711961e-03 9.982876e-01 
1.997487e+01 2.933504e-17 8.780842e-12 3.243014e-07 1.436251e-03 9.985634e-01 
2.015075e+01 1.451956e-17 5.181870e-12 2.281826e-07 1.204890e-03 9.987949e-01 
2.032663e+01 7.186281e-18 3.057881e-12 1.605462e-07 1.010761e-03 9.989891e-01 
2.050251e+01 3.556651e-18 1.804434e-12 1.129546e-07 8.478830e-04 9.991520e-01 
2.067839e+01 1.760219e-18 1.064756e-12 7.946878e-08 7.112330e-04 9.992887e-01 
2.085427e+01 8.711297e-19 6.282747e-13 5.590871e-08 5.965931e-04 9.994034e-01 
2.103015e+01 4.311127e-19 3.707157e-13 3.933276e-08 5.004222e-04 9.994995e-01 
2.120603e+01 2.133497e-19 2.187387e-13 2.767085e-08 4.197476e-04 9.995802e-01 
2.138191e+01 1.055815e-19 1.290639e-13 1.946637e-08 3.520742e-04 9.996479e-01 
2.155779e+01 5.224907e-20 7.615160e-14 1.369439e-08 2.953081e-04 9.997047e-01 
2.173367e+01 2.585624e-20 4.493134e-14 9.633777e-09 2.476924e-04 9.997523e-01 
2.190955e+01 1.279526e-20 2.651041e-14 6.777149e-09 2.077526e-04 9.997922e-01 
2.208543e+01 6.331837e-21 1.564158e-14 4.767544e-09 1.742519e-04 9.998257e-01 
2.226131e+01 3.133344e-21 9.228740e-15 3.353822e-09 1.461525e-04 9.998538e-01 
2.243719e+01 1.550546e-21 5.445056e-15 2.359301e-09 1.225838e-04 9.998774e-01 
2.261307e+01 7.672896e-22 3.212629e-15 1.659682e-09 1.028154e-04 9.998972e-01 
2.278894e+01 3.796931e-22 1.895472e-15 1.167523e-09 8.623470e-05 9.999138e-01 
2.296482e+01 1.878905e-22 1.118338e-15 8.213049e-10 7.232769e-05 9.999277e-01 
2.314070e+01 9.297714e-23 6.598235e-16 5.777535e-10 6.066333e-05 9.999393e-01 
2.331658e+01 4.600941e-23 3.892976e-16 4.064246e-10 5.087999e-05 9.999491e-01 
2.349246e+01 2.276756e-23 2.296862e-16 2.859016e-10 4.267437e-05 9.999573e-01 
2.366834e+01 1.126641e-23 1.355150e-16 2.011188e-10 3.579206e-05 9.999642e-01 
2.384422e+01 5.575121e-24 7.995391e-17 1.414778e-10 3.001966e-05 9.999700e-01 
2.402010e+01 2.758815e-24 4.717278e-17 9.952301e-11 2.517818e-05 9.999748e-01 
2.419598e+01 1.365182e-24 2.783190e-17 7.000972e-11 2.111751e-05 9.999789e-01 
2.437186e+01 6.755511e-25 1.642079e-17 4.924849e-11 1.771172e-05 9.999823e-01 
2.454774e+01 3.342917e-25 9.688239e-18 3.464394e-11 1.485520e-05 9.999851e-01 
2.472362e+01 1.654219e-25 5.716044e-18 2.437033e-11 1.245937e-05 9.999875e-01 
2.489950e+01 8.185778e-26 3.372454e-18 1.714334e-11 1.044993e-05 9.999896e-01 
2.507538e+01 4.050670e-26 1.989740e-18 1.205950e-11 8.764574e-06 9.999912e-01 
2.525126e+01 2.004443e-26 1.173942e-18 8.483263e-12 7.351026e-06 9.999926e-01 
2.542714e+01 9.918829e-27 6.926229e-19 5.967556e-12 6.165454e-06 9.999938e-01 
2.560302e+01 4.908254e-27 4.086457e-19 4.197880e-12 5.171089e-06 9.999948e-01 
2.577889e+01 2.428810e-27 2.410998e-19 2.953000e-12 4.337095e-06 9.999957e-01 
2.595477e+01 1.201877e-27 1.422482e-19 2.077289e-12 3.637607e-06 9.999964e-01 
2.613065e+01 5.947391e-28 8.392605e-20 1.461269e-12 3.050932e-06 9.999969e-01 
2.630653e+01 2.943018e-28 4.951612e-20 1.027930e-12 2.558877e-06 9.999974e-01 
2.648241e+01 1.456328e-28 2.921437e-20 7.230975e-13 2.146180e-06 9.999979e-01 
2.665829e+01 7.206521e-29 1.723639e-20 5.086629e-13 1.800043e-06 9.999982e-01 
2.683417e+01 3.566087e-29 1.016942e-20 3.578189e-13 1.509731e-06 9.999985e-01 
2.701005e+01 1.764649e-29 5.999924e-21 2.517077e-13 1.266240e-06 9.999987e-01 
2.718593e+01 8.732217e-30 3.539937e-21 1.770638e-13 1.062020e-06 9.999989e-01 
2.736181e+01 4.321065e-30 2.088552e-21 1.245555e-13 8.907367e-07 9.999991e-01 
2.753769e+01 2.138243e-30 1.232239e-21 8.761855e-14 7.470780e-07 9.999993e-01 
2.771357e+01 1.058092e-30 7.270171e-22 6.163525e-14 6.265887e-07 9.999994e-01 
2.788945e+01 5.235878e-31 4.289378e-22 4.335731e-14 5.255320e-07 9.999995e-01 
2.806533e+01 2.590931e-31 2.530720e-22 3.049969e-14 4.407738e-07 9.999996e-01 
2.824121e+01 1.282100e-31 1.493116e-22 2.145500e-14 3.696854e-07 9.999996e-01 
2.841709e+01 6.344366e-32 8.809340e-23 1.509252e-14 3.100623e-07 9.999997e-01 
2.859296e+01 3.139456e-32 5.197482e-23 1.061683e-14 2.600552e-07 9.999997e-01 
2.876884e+01 1.553534e-32 3.066498e-23 7.468406e-15 2.181132e-07 9.999998e-01 
2.894472e+01 7.687531e-33 1.809224e-23 5.253649e-15 1.829358e-07 9.999998e-01 
2.912060e+01 3.804110e-33 1.067436e-23 3.695678e-15 1.534317e-07 9.999998e-01 
2.929648e+01 1.882432e-33 6.297841e-24 2.599724e-15 1.286861e-07 9.999999e-01 
2.947236e+01 9.315056e-34 3.715706e-24 1.828775e-15 1.079315e-07 9.999999e-01 
2.964824e+01 4.609477e-34 2.192255e-24 1.286452e-15 9.052423e-08 9.999999e-01 
2.982412e+01 2.280961e-34 1.293423e-24 9.049542e-16 7.592440e-08 9.999999e-01 
3.000000e+01 1.128714e-34 7.631155e-25 6.365898e-16 6.367925e-08 9.999999e-01 
