#E                   5            6            7            8 
-5.000000e+00 9.999975e-01 2.507952e-06 1.780428e-12 3.295372e-19 
-4.824121e+00 9.999970e-01 2.990215e-06 2.530994e-12 5.585404e-19 
-4.648241e+00 9.999964e-01 3.565214e-06 3.597971e-12 9.466833e-19 
-4.472362e+00 9.999957e-01 4.250782e-06 5.114749e-12 1.604556e-18 
-4.296482e+00 9.999949e-01 5.068178e-06 7.270945e-12 2.719598e-18 
-4.120603e+00 9.999940e-01 6.042754e-06 1.033612e-11 4.609509e-18 
-3.944724e+00 9.999928e-01 7.204733e-06 1.469345e-11 7.812761e-18 
-3.768844e+00 9.999914e-01 8.590149e-06 2.088767e-11 1.324202e-17 
-3.592965e+00 9.999898e-01 1.024197e-05 2.969315e-11 2.244419e-17 
-3.417085e+00 9.999878e-01 1.221142e-05 4.221067e-11 3.804113e-17 
-3.241206e+00 9.999854e-01 1.455957e-05 6.000510e-11 6.447670e-17 
-3.065327e+00 9.999826e-01 1.735924e-05 8.530095e-11 1.092828e-16 
-2.889447e+00 9.999793e-01 2.069725e-05 1.212605e-10 1.852255e-16 
-2.713568e+00 9.999753e-01 2.467712e-05 1.723790e-10 3.139420e-16 
-2.537688e+00 9.999706e-01 2.942225e-05 2.450470e-10 5.321055e-16 
-2.361809e+00 9.999649e-01 3.507978e-05 3.483484e-10 9.018735e-16 
-2.185930e+00 9.999582e-01 4.182513e-05 4.951967e-10 1.528597e-15 
-2.010050e+00 9.999501e-01 4.986747e-05 7.039489e-10 2.590836e-15 
-1.834171e+00 9.999405e-01 5.945612e-05 1.000700e-09 4.391229e-15 
-1.658291e+00 9.999291e-01 7.088838e-05 1.422544e-09 7.442717e-15 
-1.482412e+00 9.999155e-01 8.451866e-05 2.022213e-09 1.261467e-14 
-1.306533e+00 9.998992e-01 1.007695e-04 2.874661e-09 2.138057e-14 
-1.130653e+00 9.998799e-01 1.201445e-04 4.086440e-09 3.623775e-14 
-9.547739e-01 9.998567e-01 1.432443e-04 5.809008e-09 6.141882e-14 
-7.788945e-01 9.998292e-01 1.707847e-04 8.257659e-09 1.040974e-13 
-6.030151e-01 9.997964e-01 2.036189e-04 1.173842e-08 1.764314e-13 
-4.271357e-01 9.997572e-01 2.427642e-04 1.668628e-08 2.990263e-13 
-2.512563e-01 9.997105e-01 2.894328e-04 2.371953e-08 5.068033e-13 
-7.537688e-02 9.996549e-01 3.450699e-04 3.371699e-08 8.589455e-13 
1.005025e-01 9.995886e-01 4.113975e-04 4.792774e-08 1.455751e-12 
2.763819e-01 9.995095e-01 4.904681e-04 6.812703e-08 2.467193e-12 
4.522613e-01 9.994152e-01 5.847271e-04 9.683791e-08 4.181311e-12 
6.281407e-01 9.993028e-01 6.970884e-04 1.376460e-07 7.086210e-12 
8.040201e-01 9.991688e-01 8.310230e-04 1.956465e-07 1.200898e-11 
9.798995e-01 9.990091e-01 9.906656e-04 2.780799e-07 2.035106e-11 
1.155779e+00 9.988187e-01 1.180940e-03 3.952335e-07 3.448694e-11 
1.331658e+00 9.985917e-01 1.407708e-03 5.617226e-07 5.843947e-11 
1.507538e+00 9.983213e-01 1.677947e-03 7.983093e-07 9.902367e-11 
1.683417e+00 9.979989e-01 1.999961e-03 1.134483e-06 1.677834e-10 
1.859296e+00 9.976148e-01 2.383624e-03 1.612121e-06 2.842708e-10 
2.035176e+00 9.971570e-01 2.840677e-03 2.290684e-06 4.815965e-10 
2.211055e+00 9.966117e-01 3.385071e-03 3.254576e-06 8.158232e-10 
2.386935e+00 9.959620e-01 4.033370e-03 4.623578e-06 1.381857e-09 
2.562814e+00 9.951882e-01 4.805227e-03 6.567612e-06 2.340324e-09 
2.738693e+00 9.942667e-01 5.723940e-03 9.327647e-06 3.963000e-09 
2.914573e+00 9.931697e-01 6.817090e-03 1.324523e-05 6.709574e-09 
3.090452e+00 9.918639e-01 8.117291e-03 1.880421e-05 1.135727e-08 
3.266332e+00 9.903103e-01 9.663040e-03 2.668955e-05 1.921956e-08 
3.442211e+00 9.884624e-01 1.149969e-02 3.787014e-05 3.251492e-08 
3.618090e+00 9.862657e-01 1.368054e-02 5.371525e-05 5.498787e-08 
3.793970e+00 9.836557e-01 1.626807e-02 7.615768e-05 9.295364e-08 
3.969849e+00 9.805567e-01 1.933522e-02 1.079221e-04 1.570530e-07 
4.145729e+00 9.768801e-01 2.296683e-02 1.528430e-04 2.651950e-07 
4.321608e+00 9.725222e-01 2.726106e-02 2.163071e-04 4.474803e-07 
4.497487e+00 9.673626e-01 3.233076e-02 3.058634e-04 7.544214e-07 
4.673367e+00 9.612620e-01 3.830468e-02 4.320628e-04 1.270623e-06 
4.849246e+00 9.540600e-01 4.532828e-02 6.096039e-04 2.137475e-06 
5.025126e+00 9.455736e-01 5.356392e-02 8.588835e-04 3.590634e-06 
5.201005e+00 9.355958e-01 6.319006e-02 1.208076e-03 6.021635e-06 
5.376884e+00 9.238951e-01 7.439892e-02 1.695881e-03 1.007858e-05 
5.552764e+00 9.102160e-01 8.739204e-02 2.375112e-03 1.682950e-05 
5.728643e+00 8.942818e-01 1.023729e-01 3.317271e-03 2.802538e-05 
5.904523e+00 8.757992e-01 1.195360e-01 4.618256e-03 4.651918e-05 
6.080402e+00 8.544672e-01 1.390507e-01 6.405245e-03 7.692602e-05 
6.256281e+00 8.299888e-01 1.610399e-01 8.844627e-03 1.266486e-04 
6.432161e+00 8.020893e-01 1.855527e-01 1.215058e-02 2.074442e-04 
6.608040e+00 7.705379e-01 2.125309e-01 1.659339e-02 3.377715e-04 
6.783920e+00 7.351771e-01 2.417706e-01 2.250608e-02 5.462246e-04 
6.959799e+00 6.959542e-01 2.728825e-01 3.028695e-02 8.764160e-04 
7.135678e+00 6.529565e-01 3.052549e-01 4.039485e-02 1.393684e-03 
7.311558e+00 6.064444e-01 3.380282e-01 5.333345e-02 2.193923e-03 
7.487437e+00 5.568773e-01 3.700879e-01 6.962018e-02 3.414603e-03 
7.663317e+00 5.049264e-01 4.000892e-01 8.973679e-02 5.247581e-03 
7.839196e+00 4.514675e-01 4.265193e-01 1.140606e-01 7.952577e-03 
8.015075e+00 3.975488e-01 4.478022e-01 1.427798e-01 1.186922e-02 
8.190955e+00 3.443326e-01 4.624420e-01 1.758010e-01 1.742450e-02 
8.366834e+00 2.930128e-01 4.691904e-01 2.126653e-01 2.513154e-02 
8.542714e+00 2.447199e-01 4.672134e-01 2.524912e-01 3.557559e-02 
8.718593e+00 2.004247e-01 4.562268e-01 2.939647e-01 4.938380e-02 
8.894472e+00 1.608580e-01 4.365717e-01 3.353925e-01 6.717786e-02 
9.070352e+00 1.264583e-01 4.092077e-01 3.748220e-01 8.951201e-02 
9.246231e+00 9.735767e-02 3.756211e-01 4.102181e-01 1.168031e-01 
9.422111e+00 7.340364e-02 3.376610e-01 4.396723e-01 1.492630e-01 
9.597990e+00 5.421214e-02 2.973331e-01 4.616097e-01 1.868450e-01 
9.773869e+00 3.923817e-02 2.565895e-01 4.749567e-01 2.292156e-01 
9.949749e+00 2.785113e-02 2.171483e-01 4.792422e-01 2.757583e-01 
1.012563e+01 1.940278e-02 1.803687e-01 4.746168e-01 3.256117e-01 
1.030151e+01 1.328010e-02 1.471913e-01 4.617931e-01 3.777355e-01 
1.047739e+01 8.939953e-03 1.181406e-01 4.419246e-01 4.309948e-01 
1.065327e+01 5.926281e-03 9.337480e-02 4.164492e-01 4.842497e-01 
1.082915e+01 3.873302e-03 7.276329e-02 3.869262e-01 5.364372e-01 
1.100503e+01 2.499082e-03 5.597510e-02 3.548903e-01 5.866355e-01 
1.118090e+01 1.593761e-03 4.256190e-02 3.217390e-01 6.341053e-01 
1.135678e+01 1.005861e-03 3.202723e-02 2.886593e-01 6.783076e-01 
1.153266e+01 6.289700e-04 2.387782e-02 2.565927e-01 7.189005e-01 
1.170854e+01 3.900967e-04 1.765714e-02 2.262317e-01 7.557210e-01 
1.188442e+01 2.402168e-04 1.296388e-02 1.980394e-01 7.887565e-01 
1.206030e+01 1.470020e-04 9.458849e-03 1.722814e-01 8.181128e-01 
1.223618e+01 8.947314e-05 6.864221e-03 1.490646e-01 8.439817e-01 
1.241206e+01 5.420433e-05 4.958108e-03 1.283757e-01 8.666120e-01 
1.258794e+01 3.270637e-05 3.566956e-03 1.101154e-01 8.862849e-01 
1.276382e+01 1.966700e-05 2.557331e-03 9.412840e-02 9.032946e-01 
1.293970e+01 1.179151e-05 1.828108e-03 8.022671e-02 9.179334e-01 
1.311558e+01 7.052057e-06 1.303562e-03 6.820753e-02 9.304819e-01 
1.329146e+01 4.208627e-06 9.275551e-04 5.786605e-02 9.412022e-01 
1.346734e+01 2.507169e-06 6.588194e-04 4.900427e-02 9.503344e-01 
1.364322e+01 1.491301e-06 4.672308e-04 4.143645e-02 9.580948e-01 
1.381910e+01 8.859066e-07 3.309311e-04 3.499226e-02 9.646759e-01 
1.399497e+01 5.257006e-07 2.341378e-04 2.951818e-02 9.702472e-01 
1.417085e+01 3.116672e-07 1.655036e-04 2.487763e-02 9.749566e-01 
1.434673e+01 1.846325e-07 1.168983e-04 2.095043e-02 9.789325e-01 
1.452261e+01 1.093057e-07 8.251374e-05 1.763172e-02 9.822857e-01 
1.469849e+01 6.467552e-08 5.821123e-05 1.483059e-02 9.851111e-01 
1.487437e+01 3.825050e-08 4.104757e-05 1.246874e-02 9.874902e-01 
1.505025e+01 2.261342e-08 2.893344e-05 1.047897e-02 9.894921e-01 
1.522613e+01 1.336455e-08 2.038785e-05 8.803870e-03 9.911757e-01 
1.540201e+01 7.896301e-09 1.436231e-05 7.394518e-03 9.925911e-01 
1.557789e+01 4.664375e-09 1.011527e-05 6.209356e-03 9.937805e-01 
1.575377e+01 2.754733e-09 7.122740e-06 5.213142e-03 9.947797e-01 
1.592965e+01 1.626655e-09 5.014717e-06 4.376050e-03 9.956189e-01 
1.610553e+01 9.604003e-10 3.530098e-06 3.672875e-03 9.963236e-01 
1.628141e+01 5.669695e-10 2.484721e-06 3.082339e-03 9.969152e-01 
1.645729e+01 3.346768e-10 1.748747e-06 2.586505e-03 9.974117e-01 
1.663317e+01 1.975408e-10 1.230670e-06 2.170257e-03 9.978285e-01 
1.680905e+01 1.165893e-10 8.660178e-07 1.820874e-03 9.981783e-01 
1.698492e+01 6.880752e-11 6.093792e-07 1.527651e-03 9.984717e-01 
1.716080e+01 4.060622e-11 4.287734e-07 1.281586e-03 9.987180e-01 
1.733668e+01 2.396250e-11 3.016829e-07 1.075113e-03 9.989246e-01 
1.751256e+01 1.414025e-11 2.122556e-07 9.018746e-04 9.990979e-01 
1.768844e+01 8.343916e-12 1.493329e-07 7.565295e-04 9.992433e-01 
1.786432e+01 4.923485e-12 1.050610e-07 6.345933e-04 9.993653e-01 
1.804020e+01 2.905138e-12 7.391271e-08 5.323000e-04 9.994676e-01 
1.821608e+01 1.714169e-12 5.199835e-08 4.464885e-04 9.995535e-01 
1.839196e+01 1.011427e-12 3.658086e-08 3.745055e-04 9.996255e-01 
1.856784e+01 5.967748e-13 2.573435e-08 3.141239e-04 9.996859e-01 
1.874372e+01 3.521130e-13 1.810374e-08 2.634750e-04 9.997365e-01 
1.891960e+01 2.077544e-13 1.273561e-08 2.209909e-04 9.997790e-01 
1.909548e+01 1.225788e-13 8.959185e-09 1.853559e-04 9.998146e-01 
1.927136e+01 7.232325e-14 6.302525e-09 1.554662e-04 9.998445e-01 
1.944724e+01 4.267156e-14 4.433621e-09 1.303958e-04 9.998696e-01 
1.962312e+01 2.517661e-14 3.118895e-09 1.093677e-04 9.998906e-01 
1.979899e+01 1.485438e-14 2.194025e-09 9.173042e-05 9.999083e-01 
1.997487e+01 8.764167e-15 1.543409e-09 7.693720e-05 9.999231e-01 
2.015075e+01 5.170895e-15 1.085724e-09 6.452950e-05 9.999355e-01 
2.032663e+01 3.050843e-15 7.637605e-10 5.412269e-05 9.999459e-01 
2.050251e+01 1.800003e-15 5.372718e-10 4.539413e-05 9.999546e-01 
2.067839e+01 1.062004e-15 3.779465e-10 3.807320e-05 9.999619e-01 
2.085427e+01 6.265827e-16 2.658680e-10 3.193292e-05 9.999681e-01 
2.103015e+01 3.696837e-16 1.870258e-10 2.678289e-05 9.999732e-01 
2.120603e+01 2.181131e-16 1.315638e-10 2.246342e-05 9.999775e-01 
2.138191e+01 1.286865e-16 9.254886e-11 1.884057e-05 9.999812e-01 
2.155779e+01 7.592486e-17 6.510367e-11 1.580199e-05 9.999842e-01 
2.173367e+01 4.479554e-17 4.579728e-11 1.325347e-05 9.999867e-01 
2.190955e+01 2.642928e-17 3.221616e-11 1.111596e-05 9.999889e-01 
2.208543e+01 1.559322e-17 2.266249e-11 9.323185e-06 9.999907e-01 
2.226131e+01 9.199963e-18 1.594195e-11 7.819545e-06 9.999922e-01 
2.243719e+01 5.427955e-18 1.121437e-11 6.558411e-06 9.999934e-01 
2.261307e+01 3.202479e-18 7.888756e-12 5.500670e-06 9.999945e-01 
2.278894e+01 1.889454e-18 5.549349e-12 4.613521e-06 9.999954e-01 
2.296482e+01 1.114773e-18 3.903691e-12 3.869452e-06 9.999961e-01 
2.314070e+01 6.577128e-19 2.746052e-12 3.245385e-06 9.999968e-01 
2.331658e+01 3.880486e-19 1.931711e-12 2.721968e-06 9.999973e-01 
2.349246e+01 2.289475e-19 1.358862e-12 2.282968e-06 9.999977e-01 
2.366834e+01 1.350784e-19 9.558917e-13 1.914769e-06 9.999981e-01 
2.384422e+01 7.969582e-20 6.724220e-13 1.605954e-06 9.999984e-01 
2.402010e+01 4.702029e-20 4.730152e-13 1.346945e-06 9.999987e-01 
2.419598e+01 2.774183e-20 3.327425e-13 1.129709e-06 9.999989e-01 
2.437186e+01 1.636759e-20 2.340677e-13 9.475084e-07 9.999991e-01 
2.454774e+01 9.656828e-21 1.646549e-13 7.946935e-07 9.999992e-01 
2.472362e+01 5.697498e-21 1.158265e-13 6.665248e-07 9.999993e-01 
2.489950e+01 3.361506e-21 8.147811e-14 5.590271e-07 9.999994e-01 
2.507538e+01 1.983278e-21 5.731576e-14 4.688668e-07 9.999995e-01 
2.525126e+01 1.170128e-21 4.031876e-14 3.932476e-07 9.999996e-01 
2.542714e+01 6.903716e-22 2.836223e-14 3.298243e-07 9.999997e-01 
2.560302e+01 4.073171e-22 1.995140e-14 2.766300e-07 9.999997e-01 
2.577889e+01 2.403158e-22 1.403481e-14 2.320148e-07 9.999998e-01 
2.595477e+01 1.417855e-22 9.872785e-15 1.945953e-07 9.999998e-01 
2.613065e+01 8.365301e-23 6.945009e-15 1.632108e-07 9.999998e-01 
2.630653e+01 4.935501e-23 4.885465e-15 1.368880e-07 9.999999e-01 
2.648241e+01 2.911930e-23 3.436679e-15 1.148106e-07 9.999999e-01 
2.665829e+01 1.718029e-23 2.417531e-15 9.629385e-08 9.999999e-01 
2.683417e+01 1.013632e-23 1.700612e-15 8.076350e-08 9.999999e-01 
2.701005e+01 5.980395e-24 1.196295e-15 6.773789e-08 9.999999e-01 
2.718593e+01 3.528414e-24 8.415335e-16 5.681307e-08 9.999999e-01 
2.736181e+01 2.081753e-24 5.919766e-16 4.765021e-08 1.000000e+00 
2.753769e+01 1.228227e-24 4.164258e-16 3.996514e-08 1.000000e+00 
2.771357e+01 7.246502e-25 2.929346e-16 3.351953e-08 1.000000e+00 
2.788945e+01 4.275413e-25 2.060648e-16 2.811347e-08 1.000000e+00 
2.806533e+01 2.522480e-25 1.449562e-16 2.357930e-08 1.000000e+00 
2.824121e+01 1.488255e-25 1.019694e-16 1.977641e-08 1.000000e+00 
2.841709e+01 8.780657e-26 7.173038e-17 1.658686e-08 1.000000e+00 
2.859296e+01 5.180560e-26 5.045872e-17 1.391171e-08 1.000000e+00 
2.876884e+01 3.056514e-26 3.549517e-17 1.166802e-08 1.000000e+00 
2.894472e+01 1.803333e-26 2.496907e-17 9.786192e-09 1.000000e+00 
2.912060e+01 1.063961e-26 1.756449e-17 8.207866e-09 1.000000e+00 
2.929648e+01 6.277334e-27 1.235574e-17 6.884095e-09 1.000000e+00 
2.947236e+01 3.703607e-27 8.691639e-18 5.773822e-09 1.000000e+00 
2.964824e+01 2.185116e-27 6.114132e-18 4.842615e-09 1.000000e+00 
2.982412e+01 1.289212e-27 4.300985e-18 4.061594e-09 1.000000e+00 
3.000000e+01 7.606307e-28 3.025527e-18 3.406536e-09 1.000000e+00 
