#E                   4            5            6            7            8 
-5.000000e+00 9.999998e-01 2.024382e-07 1.298762e-14 2.784492e-22 1.742342e-30 
-4.824121e+00 9.999998e-01 2.413659e-07 1.846275e-14 4.719503e-22 3.521009e-30 
-4.648241e+00 9.999997e-01 2.877792e-07 2.624601e-14 7.999201e-22 7.115425e-30 
-4.472362e+00 9.999997e-01 3.431174e-07 3.731043e-14 1.355804e-21 1.437920e-29 
-4.296482e+00 9.999996e-01 4.090969e-07 5.303922e-14 2.297985e-21 2.905818e-29 
-4.120603e+00 9.999995e-01 4.877639e-07 7.539872e-14 3.894911e-21 5.872219e-29 
-3.944724e+00 9.999994e-01 5.815580e-07 1.071842e-13 6.601580e-21 1.186686e-28 
-3.768844e+00 9.999993e-01 6.933882e-07 1.523694e-13 1.118918e-20 2.398113e-28 
-3.592965e+00 9.999992e-01 8.267226e-07 2.166030e-13 1.896481e-20 4.846224e-28 
-3.417085e+00 9.999990e-01 9.856965e-07 3.079154e-13 3.214392e-20 9.793484e-28 
-3.241206e+00 9.999988e-01 1.175240e-06 4.377218e-13 5.448150e-20 1.979115e-27 
-3.065327e+00 9.999986e-01 1.401232e-06 6.222501e-13 9.234201e-20 3.999490e-27 
-2.889447e+00 9.999983e-01 1.670680e-06 8.845691e-13 1.565127e-19 8.082363e-27 
-2.713568e+00 9.999980e-01 1.991941e-06 1.257473e-12 2.652771e-19 1.633323e-26 
-2.537688e+00 9.999976e-01 2.374979e-06 1.787579e-12 4.496245e-19 3.300697e-26 
-2.361809e+00 9.999972e-01 2.831673e-06 2.541160e-12 7.620792e-19 6.670206e-26 
-2.185930e+00 9.999966e-01 3.376186e-06 3.612423e-12 1.291666e-18 1.347947e-25 
-2.010050e+00 9.999960e-01 4.025404e-06 5.135294e-12 2.189275e-18 2.723995e-25 
-1.834171e+00 9.999952e-01 4.799463e-06 7.300151e-12 3.710653e-18 5.504778e-25 
-1.658291e+00 9.999943e-01 5.722366e-06 1.037763e-11 6.289270e-18 1.112431e-24 
-1.482412e+00 9.999932e-01 6.822737e-06 1.475247e-11 1.065983e-17 2.248053e-24 
-1.306533e+00 9.999919e-01 8.134700e-06 2.097158e-11 1.806758e-17 4.542969e-24 
-1.130653e+00 9.999903e-01 9.698940e-06 2.981243e-11 3.062313e-17 9.180639e-24 
-9.547739e-01 9.999884e-01 1.156397e-05 4.238024e-11 5.190380e-17 1.855265e-23 
-7.788945e-01 9.999862e-01 1.378762e-05 6.024616e-11 8.797283e-17 3.749201e-23 
-6.030151e-01 9.999836e-01 1.643886e-05 8.564364e-11 1.491069e-16 7.576548e-23 
-4.271357e-01 9.999804e-01 1.959990e-05 1.217477e-10 2.527241e-16 1.531101e-22 
-2.512563e-01 9.999766e-01 2.336876e-05 1.730716e-10 4.283467e-16 3.094112e-22 
-7.537688e-02 9.999721e-01 2.786231e-05 2.460316e-10 7.260121e-16 6.252704e-22 
1.005025e-01 9.999668e-01 3.321989e-05 3.497482e-10 1.230529e-15 1.263570e-21 
2.763819e-01 9.999604e-01 3.960764e-05 4.971868e-10 2.085641e-15 2.553468e-21 
4.522613e-01 9.999528e-01 4.722360e-05 7.067782e-10 3.534976e-15 5.160133e-21 
6.281407e-01 9.999437e-01 5.630391e-05 1.004722e-09 5.991463e-15 1.042775e-20 
8.040201e-01 9.999329e-01 6.713010e-05 1.428263e-09 1.015497e-14 2.107268e-20 
9.798995e-01 9.999200e-01 8.003780e-05 2.030344e-09 1.721168e-14 4.258416e-20 
1.155779e+00 9.999046e-01 9.542714e-05 2.886223e-09 2.917205e-14 8.605481e-20 
1.331658e+00 9.998862e-01 1.137751e-04 4.102880e-09 4.944352e-14 1.739006e-19 
1.507538e+00 9.998643e-01 1.356505e-04 5.832385e-09 8.380120e-14 3.514191e-19 
1.683417e+00 9.998383e-01 1.617311e-04 8.290901e-09 1.420330e-13 7.101462e-19 
1.859296e+00 9.998072e-01 1.928250e-04 1.178569e-08 2.407277e-13 1.435053e-18 
2.035176e+00 9.997701e-01 2.298957e-04 1.675351e-08 4.080002e-13 2.899918e-18 
2.211055e+00 9.997259e-01 2.740912e-04 2.381517e-08 6.914989e-13 5.860037e-18 
2.386935e+00 9.996732e-01 3.267801e-04 3.385304e-08 1.171977e-12 1.184162e-17 
2.562814e+00 9.996104e-01 3.895935e-04 4.812129e-08 1.986287e-12 2.392863e-17 
2.738693e+00 9.995355e-01 4.644753e-04 6.840244e-08 3.366354e-12 4.835252e-17 
2.914573e+00 9.994462e-01 5.537418e-04 9.722987e-08 5.705207e-12 9.770439e-17 
3.090452e+00 9.993397e-01 6.601528e-04 1.382039e-07 9.668865e-12 1.974248e-16 
3.266332e+00 9.992128e-01 7.869965e-04 1.964410e-07 1.638591e-11 3.989149e-16 
3.442211e+00 9.990615e-01 9.381893e-04 2.792115e-07 2.776868e-11 8.060247e-16 
3.618090e+00 9.988812e-01 1.118396e-03 3.968458e-07 4.705733e-11 1.628560e-15 
3.793970e+00 9.986663e-01 1.333170e-03 5.640209e-07 7.974145e-11 3.290365e-15 
3.969849e+00 9.984101e-01 1.589123e-03 8.015870e-07 1.351211e-10 6.647624e-15 
4.145729e+00 9.981047e-01 1.894123e-03 1.139160e-06 2.289500e-10 1.342973e-14 
4.321608e+00 9.977409e-01 2.257529e-03 1.618800e-06 3.879114e-10 2.712957e-14 
4.497487e+00 9.973072e-01 2.690469e-03 2.300231e-06 6.571948e-10 5.480093e-14 
4.673367e+00 9.967906e-01 3.206168e-03 3.268235e-06 1.113319e-09 1.106870e-13 
4.849246e+00 9.961750e-01 3.820336e-03 4.643141e-06 1.885826e-09 2.235436e-13 
5.025126e+00 9.954418e-01 4.551611e-03 6.595671e-06 3.193979e-09 4.514152e-13 
5.201005e+00 9.945685e-01 5.422099e-03 9.367954e-06 5.408805e-09 9.114416e-13 
5.376884e+00 9.935287e-01 6.457979e-03 1.330324e-05 9.157931e-09 1.839960e-12 
5.552764e+00 9.922909e-01 7.690218e-03 1.888786e-05 1.550266e-08 3.713648e-12 
5.728643e+00 9.908178e-01 9.155391e-03 2.681048e-05 2.623683e-08 7.493580e-12 
5.904523e+00 9.890653e-01 1.089661e-02 3.804544e-05 4.439080e-08 1.511661e-11 
6.080402e+00 9.869814e-01 1.296460e-02 5.397014e-05 7.508053e-08 3.048401e-11 
6.256281e+00 9.845045e-01 1.541882e-02 7.652955e-05 1.269365e-07 6.144898e-11 
6.432161e+00 9.815625e-01 1.832884e-02 1.084667e-04 2.145048e-07 1.238080e-10 
6.608040e+00 9.780704e-01 2.177562e-02 1.536439e-04 3.622760e-07 2.493071e-10 
6.783920e+00 9.739289e-01 2.585301e-02 2.174901e-04 6.114304e-07 5.016787e-10 
6.959799e+00 9.690222e-01 3.066910e-02 3.076188e-04 1.031107e-06 1.008709e-09 
7.135678e+00 9.632161e-01 3.634749e-02 4.346801e-04 1.737178e-06 2.026235e-09 
7.311558e+00 9.563553e-01 4.302823e-02 6.135249e-04 2.923413e-06 4.065548e-09 
7.487437e+00 9.482621e-01 5.086816e-02 8.647851e-04 4.913032e-06 8.146331e-09 
7.663317e+00 9.387343e-01 6.004043e-02 1.216997e-03 8.243550e-06 1.629709e-08 
7.839196e+00 9.275442e-01 7.073252e-02 1.709418e-03 1.380564e-05 3.254137e-08 
8.015075e+00 9.144387e-01 8.314241e-02 2.395715e-03 2.306890e-05 6.483204e-08 
8.190955e+00 8.991409e-01 9.747185e-02 3.348692e-03 3.844593e-05 1.288240e-07 
8.366834e+00 8.813536e-01 1.139161e-01 4.666212e-03 6.387386e-05 2.551836e-07 
8.542714e+00 8.607665e-01 1.326489e-01 6.478382e-03 1.057325e-04 5.036419e-07 
8.718593e+00 8.370669e-01 1.538020e-01 8.955880e-03 1.742745e-04 9.897612e-07 
8.894472e+00 8.099554e-01 1.774379e-01 1.231902e-02 2.858151e-04 1.935375e-06 
9.070352e+00 7.791672e-01 2.035164e-01 1.684661e-02 4.660206e-04 3.762431e-06 
9.246231e+00 7.444998e-01 2.318552e-01 2.288302e-02 7.547261e-04 7.265011e-06 
9.422111e+00 7.058456e-01 2.620869e-01 3.084079e-02 1.212788e-03 1.391923e-05 
9.597990e+00 6.632290e-01 2.936179e-01 4.119516e-02 1.931474e-03 2.643034e-05 
9.773869e+00 6.168443e-01 3.255953e-01 5.446595e-02 3.044748e-03 4.967624e-05 
9.949749e+00 5.670893e-01 3.568925e-01 7.118162e-02 4.744360e-03 9.229079e-05 
1.012563e+01 5.145873e-01 3.861255e-01 9.182108e-02 7.296853e-03 1.692388e-04 
1.030151e+01 4.601918e-01 4.117103e-01 1.167318e-01 1.106027e-02 3.058535e-04 
1.047739e+01 4.049637e-01 4.319688e-01 1.460270e-01 1.649656e-02 5.439067e-04 
1.065327e+01 3.501195e-01 4.452830e-01 1.794735e-01 2.417374e-02 9.502950e-04 
1.082915e+01 2.969494e-01 4.502832e-01 2.163881e-01 3.475045e-02 1.628765e-03 
1.100503e+01 2.467136e-01 4.460460e-01 2.555706e-01 4.893519e-02 2.734656e-03 
1.118090e+01 2.005296e-01 4.322636e-01 2.952999e-01 6.741510e-02 4.491817e-03 
1.135678e+01 1.592713e-01 4.093466e-01 3.334182e-01 9.075418e-02 7.209664e-03 
1.153266e+01 1.234949e-01 3.784304e-01 3.675086e-01 1.192692e-01 1.129692e-02 
1.170854e+01 9.340710e-02 3.412718e-01 3.951531e-01 1.529007e-01 1.726732e-02 
1.188442e+01 6.887975e-02 3.000513e-01 4.142323e-01 1.911048e-01 2.573181e-02 
1.206030e+01 4.950406e-02 2.571155e-01 4.232141e-01 2.327937e-01 3.737261e-02 
1.223618e+01 3.467205e-02 2.147090e-01 4.213720e-01 2.763505e-01 5.289638e-02 
1.241206e+01 2.366749e-02 1.747457e-01 4.088889e-01 3.197300e-01 7.296800e-02 
1.258794e+01 1.575046e-02 1.386536e-01 3.868239e-01 3.606408e-01 9.813126e-02 
1.276382e+01 1.022406e-02 1.073111e-01 3.569524e-01 3.967850e-01 1.287275e-01 
1.293970e+01 6.478054e-03 8.106795e-02 3.215129e-01 4.261149e-01 1.648262e-01 
1.311558e+01 4.009918e-03 5.983063e-02 2.829151e-01 4.470623e-01 2.061821e-01 
1.329146e+01 2.427417e-03 4.318332e-02 2.434625e-01 4.586985e-01 2.522282e-01 
1.346734e+01 1.438736e-03 3.051660e-02 2.051331e-01 4.608021e-01 3.021094e-01 
1.364322e+01 8.360003e-04 2.114194e-02 1.694446e-01 4.538267e-01 3.547507e-01 
1.381910e+01 4.768916e-04 1.437943e-02 1.374067e-01 4.387869e-01 4.089501e-01 
1.399497e+01 2.674522e-04 9.615049e-03 1.095472e-01 4.170907e-01 4.634796e-01 
1.417085e+01 1.476805e-04 6.330119e-03 8.598945e-02 3.903532e-01 5.171795e-01 
1.434673e+01 8.040553e-05 4.109208e-03 6.655411e-02 3.602226e-01 5.690337e-01 
1.452261e+01 4.322711e-05 2.633976e-03 5.086418e-02 3.282400e-01 6.182186e-01 
1.469849e+01 2.297898e-05 1.669436e-03 3.843736e-02 2.957443e-01 6.641259e-01 
1.487437e+01 1.209409e-05 1.047601e-03 2.875828e-02 2.638210e-01 7.063610e-01 
1.505025e+01 6.309691e-06 6.516497e-04 2.132872e-02 2.332892e-01 7.447241e-01 
1.522613e+01 3.266755e-06 4.022593e-04 1.569785e-02 2.047168e-01 7.791799e-01 
1.540201e+01 1.680099e-06 2.466652e-04 1.147692e-02 1.784523e-01 8.098225e-01 
1.557789e+01 8.591208e-07 1.503871e-04 8.342795e-03 1.546649e-01 8.368411e-01 
1.575377e+01 4.371416e-07 9.123512e-05 6.034571e-03 1.333859e-01 8.604878e-01 
1.592965e+01 2.214853e-07 5.511479e-05 4.346463e-03 1.145468e-01 8.810514e-01 
1.610553e+01 1.118124e-07 3.317393e-05 3.119235e-03 9.801188e-02 8.988356e-01 
1.628141e+01 5.627178e-08 1.990586e-05 2.231596e-03 8.360449e-02 9.141440e-01 
1.645729e+01 2.824539e-08 1.191300e-05 1.592354e-03 7.112740e-02 9.272683e-01 
1.663317e+01 1.414602e-08 7.113632e-06 1.133687e-03 6.037734e-02 9.384818e-01 
1.680905e+01 7.071296e-09 4.239743e-06 8.056097e-04 5.115511e-02 9.480350e-01 
1.698492e+01 3.529137e-09 2.522857e-06 5.715590e-04 4.327219e-02 9.561537e-01 
1.716080e+01 1.758939e-09 1.499196e-06 4.049583e-04 3.655456e-02 9.630390e-01 
1.733668e+01 8.756646e-10 8.898744e-07 2.865921e-04 3.084458e-02 9.688679e-01 
1.751256e+01 4.355190e-10 5.276932e-07 2.026284e-04 2.600151e-02 9.737953e-01 
1.768844e+01 2.164336e-10 3.126673e-07 1.431478e-04 2.190113e-02 9.779554e-01 
1.786432e+01 1.074846e-10 1.851345e-07 1.010586e-04 1.843479e-02 9.814640e-01 
1.804020e+01 5.334805e-11 1.095578e-07 7.130378e-05 1.550819e-02 9.844204e-01 
1.821608e+01 2.646559e-11 6.480221e-08 5.028547e-05 1.303991e-02 9.869097e-01 
1.839196e+01 1.312407e-11 3.831424e-08 3.544838e-05 1.096003e-02 9.890045e-01 
1.856784e+01 6.505906e-12 2.264555e-08 2.498058e-05 9.208763e-03 9.907662e-01 
1.874372e+01 3.224205e-12 1.338077e-08 1.759885e-05 7.735112e-03 9.922473e-01 
1.891960e+01 1.597472e-12 7.904515e-09 1.239543e-05 6.495724e-03 9.934919e-01 
1.909548e+01 7.913275e-13 4.668547e-09 8.728743e-06 5.453821e-03 9.945374e-01 
1.927136e+01 3.919275e-13 2.756860e-09 6.145654e-06 4.578263e-03 9.954156e-01 
1.944724e+01 1.940857e-13 1.627743e-09 4.326361e-06 3.842721e-03 9.961530e-01 
1.962312e+01 9.610136e-14 9.609601e-10 3.045269e-06 3.224967e-03 9.967720e-01 
1.979899e+01 4.757974e-14 5.672589e-10 2.143311e-06 2.706251e-03 9.972916e-01 
1.997487e+01 2.355473e-14 3.348273e-10 1.508371e-06 2.270777e-03 9.977277e-01 
2.015075e+01 1.166014e-14 1.976195e-10 1.061452e-06 1.905243e-03 9.980937e-01 
2.032663e+01 5.771696e-15 1.166307e-10 7.469080e-07 1.598455e-03 9.984008e-01 
2.050251e+01 2.856812e-15 6.882952e-11 5.255479e-07 1.341001e-03 9.986585e-01 
2.067839e+01 1.413975e-15 4.061799e-11 3.697766e-07 1.124967e-03 9.988747e-01 
2.085427e+01 6.998209e-16 2.396883e-11 2.601665e-07 9.437025e-04 9.990560e-01 
2.103015e+01 3.463532e-16 1.414369e-11 1.830419e-07 7.916219e-04 9.992082e-01 
2.120603e+01 1.714119e-16 8.345796e-12 1.287773e-07 6.640332e-04 9.993358e-01 
2.138191e+01 8.483082e-17 4.924521e-12 9.059804e-08 5.569970e-04 9.994429e-01 
2.155779e+01 4.198159e-17 2.905712e-12 6.373690e-08 4.672060e-04 9.995327e-01 
2.173367e+01 2.077580e-17 1.714490e-12 4.483909e-08 3.918842e-04 9.996081e-01 
2.190955e+01 1.028138e-17 1.011608e-12 3.154404e-08 3.287015e-04 9.996713e-01 
2.208543e+01 5.087925e-18 5.968769e-13 2.219082e-08 2.757029e-04 9.997243e-01 
2.226131e+01 2.517829e-18 3.521711e-13 1.561082e-08 2.312476e-04 9.997687e-01 
2.243719e+01 1.245973e-18 2.077876e-13 1.098184e-08 1.939590e-04 9.998060e-01 
2.261307e+01 6.165785e-19 1.225978e-13 7.725415e-09 1.626822e-04 9.998373e-01 
2.278894e+01 3.051167e-19 7.233423e-14 5.434584e-09 1.364483e-04 9.998635e-01 
2.296482e+01 1.509877e-19 4.267790e-14 3.823041e-09 1.144443e-04 9.998856e-01 
2.314070e+01 7.471639e-20 2.518029e-14 2.689367e-09 9.598838e-05 9.999040e-01 
2.331658e+01 3.697335e-20 1.485652e-14 1.891864e-09 8.050854e-05 9.999195e-01 
2.349246e+01 1.829619e-20 8.765413e-15 1.330849e-09 6.752493e-05 9.999325e-01 
2.366834e+01 9.053814e-21 5.171622e-15 9.361953e-10 5.663507e-05 9.999434e-01 
2.384422e+01 4.480245e-21 3.051268e-15 6.585724e-10 4.750135e-05 9.999525e-01 
2.402010e+01 2.217028e-21 1.800252e-15 4.632762e-10 3.984059e-05 9.999602e-01 
2.419598e+01 1.097085e-21 1.062150e-15 3.258936e-10 3.341528e-05 9.999666e-01 
2.437186e+01 5.428862e-22 6.266684e-16 2.292510e-10 2.802619e-05 9.999720e-01 
2.454774e+01 2.686439e-22 3.697340e-16 1.612673e-10 2.350621e-05 9.999765e-01 
2.472362e+01 1.329367e-22 2.181427e-16 1.134439e-10 1.971518e-05 9.999803e-01 
2.489950e+01 6.578280e-23 1.287039e-16 7.980233e-11 1.653555e-05 9.999835e-01 
2.507538e+01 3.255215e-23 7.593509e-17 5.613708e-11 1.386872e-05 9.999861e-01 
2.525126e+01 1.610819e-23 4.480156e-17 3.948970e-11 1.163199e-05 9.999884e-01 
2.542714e+01 7.971020e-24 2.643282e-17 2.777908e-11 9.755988e-06 9.999902e-01 
2.560302e+01 3.944398e-24 1.559531e-17 1.954122e-11 8.182547e-06 9.999918e-01 
2.577889e+01 1.951855e-24 9.201193e-18 1.374628e-11 6.862868e-06 9.999931e-01 
2.595477e+01 9.658600e-25 5.428680e-18 9.669830e-12 5.756025e-06 9.999942e-01 
2.613065e+01 4.779482e-25 3.202907e-18 6.802246e-12 4.827692e-06 9.999952e-01 
2.630653e+01 2.365088e-25 1.889706e-18 4.785042e-12 4.049081e-06 9.999960e-01 
2.648241e+01 1.170345e-25 1.114921e-18 3.366039e-12 3.396044e-06 9.999966e-01 
2.665829e+01 5.791356e-26 6.578003e-19 2.367841e-12 2.848329e-06 9.999972e-01 
2.683417e+01 2.865805e-26 3.881003e-19 1.665658e-12 2.388949e-06 9.999976e-01 
2.701005e+01 1.418120e-26 2.289780e-19 1.171707e-12 2.003658e-06 9.999980e-01 
2.718593e+01 7.017450e-27 1.350963e-19 8.242373e-13 1.680507e-06 9.999983e-01 
2.736181e+01 3.472527e-27 7.970642e-20 5.798097e-13 1.409474e-06 9.999986e-01 
2.753769e+01 1.718351e-27 4.702654e-20 4.078671e-13 1.182153e-06 9.999988e-01 
2.771357e+01 8.503118e-28 2.774551e-20 2.869141e-13 9.914943e-07 9.999990e-01 
2.788945e+01 4.207697e-28 1.636977e-20 2.018297e-13 8.315853e-07 9.999992e-01 
2.806533e+01 2.082144e-28 9.658111e-21 1.419771e-13 6.974666e-07 9.999993e-01 
2.824121e+01 1.030331e-28 5.698255e-21 9.987374e-14 5.849787e-07 9.999994e-01 
2.841709e+01 5.098509e-29 3.361952e-21 7.025617e-14 4.906328e-07 9.999995e-01 
2.859296e+01 2.522955e-29 1.983541e-21 4.942169e-14 4.115032e-07 9.999996e-01 
2.876884e+01 1.248463e-29 1.170283e-21 3.476568e-14 3.451356e-07 9.999997e-01 
2.894472e+01 6.177914e-30 6.904633e-22 2.445591e-14 2.894719e-07 9.999997e-01 
2.912060e+01 3.057089e-30 4.073711e-22 1.720351e-14 2.427856e-07 9.999998e-01 
2.929648e+01 1.512775e-30 2.403477e-22 1.210180e-14 2.036289e-07 9.999998e-01 
2.947236e+01 7.485839e-31 1.418044e-22 8.513011e-15 1.707875e-07 9.999998e-01 
2.964824e+01 3.704305e-31 8.366412e-23 5.988476e-15 1.432427e-07 9.999999e-01 
2.982412e+01 1.833044e-31 4.936156e-23 4.212592e-15 1.201404e-07 9.999999e-01 
3.000000e+01 9.070664e-32 2.912316e-23 2.963347e-15 1.007641e-07 9.999999e-01 
