#E                   3            4            5            6            7            8 
-5.000000e+00 9.999908e-01 9.180997e-06 2.459834e-11 2.926183e-17 1.014715e-23 1.239867e-30 
-4.824121e+00 9.999891e-01 1.094643e-05 3.496810e-11 4.959650e-17 2.050583e-23 2.987389e-30 
-4.648241e+00 9.999869e-01 1.305134e-05 4.970934e-11 8.406215e-17 4.143909e-23 7.197937e-30 
-4.472362e+00 9.999844e-01 1.556100e-05 7.066491e-11 1.424786e-16 8.374192e-23 1.734300e-29 
-4.296482e+00 9.999814e-01 1.855323e-05 1.004545e-10 2.414898e-16 1.692293e-22 4.178690e-29 
-4.120603e+00 9.999779e-01 2.212083e-05 1.428022e-10 4.093055e-16 3.419855e-22 1.006829e-28 
-3.944724e+00 9.999736e-01 2.637443e-05 2.030018e-10 6.937390e-16 6.910980e-22 2.425891e-28 
-3.768844e+00 9.999686e-01 3.144592e-05 2.885789e-10 1.175829e-15 1.396597e-21 5.845025e-28 
-3.592965e+00 9.999625e-01 3.749257e-05 4.102313e-10 1.992930e-15 2.822295e-21 1.408319e-27 
-3.417085e+00 9.999553e-01 4.470185e-05 5.831665e-10 3.377841e-15 5.703390e-21 3.393244e-27 
-3.241206e+00 9.999467e-01 5.329730e-05 8.290023e-10 5.725136e-15 1.152559e-20 8.175770e-27 
-3.065327e+00 9.999365e-01 6.354541e-05 1.178469e-09 9.703574e-15 2.329124e-20 1.969888e-26 
-2.889447e+00 9.999242e-01 7.576390e-05 1.675251e-09 1.644662e-14 4.706749e-20 4.746280e-26 
-2.713568e+00 9.999097e-01 9.033155e-05 2.381444e-09 2.787538e-14 9.511489e-20 1.143574e-25 
-2.537688e+00 9.998923e-01 1.076999e-04 3.385320e-09 4.724584e-14 1.922095e-19 2.755333e-25 
-2.361809e+00 9.998716e-01 1.284073e-04 4.812355e-09 8.007648e-14 3.884182e-19 6.638689e-25 
-2.185930e+00 9.998469e-01 1.530955e-04 6.840909e-09 1.357202e-13 7.849151e-19 1.599517e-24 
-2.010050e+00 9.998175e-01 1.825296e-04 9.724515e-09 2.300288e-13 1.586148e-18 3.853837e-24 
-1.834171e+00 9.997824e-01 2.176213e-04 1.382355e-08 3.898677e-13 3.205253e-18 9.285287e-24 
-1.658291e+00 9.997405e-01 2.594578e-04 1.965026e-08 6.607687e-13 6.477059e-18 2.237146e-23 
-1.482412e+00 9.996906e-01 3.093346e-04 2.793274e-08 1.119897e-12 1.308850e-17 5.390015e-23 
-1.306533e+00 9.996312e-01 3.687959e-04 3.970586e-08 1.898028e-12 2.644831e-17 1.298618e-22 
-1.130653e+00 9.995603e-01 4.396821e-04 5.644048e-08 3.216786e-12 5.344425e-17 3.128728e-22 
-9.547739e-01 9.994757e-01 5.241861e-04 8.022706e-08 5.451749e-12 1.079936e-16 7.537866e-22 
-7.788945e-01 9.993750e-01 6.249210e-04 1.140365e-07 9.239371e-12 2.182167e-16 1.816025e-21 
-6.030151e-01 9.992548e-01 7.450002e-04 1.620909e-07 1.565815e-11 4.409300e-16 4.375089e-21 
-4.271357e-01 9.991116e-01 8.881322e-04 2.303899e-07 2.653559e-11 8.909252e-16 1.054003e-20 
-2.512563e-01 9.989409e-01 1.058734e-03 3.274583e-07 4.496813e-11 1.800117e-15 2.539130e-20 
-7.537688e-02 9.987375e-01 1.262065e-03 4.654087e-07 7.620206e-11 3.637024e-15 6.116652e-20 
1.005025e-01 9.984950e-01 1.504388e-03 6.614483e-07 1.291254e-10 7.348091e-15 1.473417e-19 
2.763819e-01 9.982059e-01 1.793154e-03 9.400200e-07 2.187944e-10 1.484508e-14 3.549091e-19 
4.522613e-01 9.978614e-01 2.137229e-03 1.335839e-06 3.707120e-10 2.998931e-14 8.548392e-19 
6.281407e-01 9.974509e-01 2.547158e-03 1.898202e-06 6.280704e-10 6.057893e-14 2.058842e-18 
8.040201e-01 9.969618e-01 3.035472e-03 2.697095e-06 1.064010e-09 1.223608e-13 4.958237e-18 
9.798995e-01 9.963791e-01 3.617061e-03 3.831856e-06 1.802362e-09 2.471282e-13 1.193962e-17 
1.155779e+00 9.956850e-01 4.309596e-03 5.443440e-06 3.052740e-09 4.990608e-13 2.874784e-17 
1.331658e+00 9.948582e-01 5.134040e-03 7.731782e-06 5.169867e-09 1.007689e-12 6.920886e-17 
1.507538e+00 9.938738e-01 6.115230e-03 1.098036e-05 8.753864e-09 2.034372e-12 1.665900e-16 
1.683417e+00 9.927018e-01 7.282556e-03 1.559089e-05 1.481964e-08 4.106310e-12 4.009164e-16 
1.859296e+00 9.913071e-01 8.670750e-03 2.213234e-05 2.508288e-08 8.286572e-12 9.646294e-16 
2.035176e+00 9.896478e-01 1.032078e-02 3.140991e-05 4.244243e-08 1.671788e-11 2.320332e-15 
2.211055e+00 9.876745e-01 1.228087e-02 4.456221e-05 7.179328e-08 3.371694e-11 5.579569e-15 
2.386935e+00 9.853290e-01 1.460764e-02 6.319767e-05 1.213952e-07 6.797503e-11 1.341175e-14 
2.562814e+00 9.825429e-01 1.736736e-02 8.958560e-05 2.051739e-07 1.369788e-10 3.222351e-14 
2.738693e+00 9.792354e-01 2.063730e-02 1.269231e-04 3.465837e-07 2.758817e-10 7.737946e-14 
2.914573e+00 9.753125e-01 2.450716e-02 1.797067e-04 5.850799e-07 5.552817e-10 1.856948e-13 
3.090452e+00 9.706643e-01 2.908049e-02 2.542474e-04 9.869401e-07 1.116792e-09 4.452892e-13 
3.266332e+00 9.651630e-01 3.447599e-02 3.593809e-04 1.663308e-06 2.244077e-09 1.066820e-12 
3.442211e+00 9.586611e-01 4.082861e-02 5.074419e-04 2.800191e-06 4.504391e-09 2.553129e-12 
3.618090e+00 9.509895e-01 4.829017e-02 7.155893e-04 4.708131e-06 9.029849e-09 6.102399e-12 
3.793970e+00 9.419554e-01 5.702913e-02 1.007593e-03 7.904119e-06 1.807461e-08 1.456372e-11 
3.969849e+00 9.313412e-01 6.722931e-02 1.416220e-03 1.324593e-05 3.611447e-08 3.469510e-11 
4.145729e+00 9.189047e-01 7.908676e-02 1.986366e-03 2.215105e-05 7.200732e-08 8.247970e-11 
4.321608e+00 9.043796e-01 9.280418e-02 2.779115e-03 3.695090e-05 1.432157e-07 1.955891e-10 
4.497487e+00 8.874792e-01 1.085821e-01 3.876866e-03 6.145862e-05 2.840089e-07 4.624549e-10 
4.673367e+00 8.679019e-01 1.266060e-01 5.389645e-03 1.018698e-04 5.612783e-07 1.089680e-09 
4.849246e+00 8.453406e-01 1.470276e-01 7.462566e-03 1.681733e-04 1.104773e-06 2.557275e-09 
5.025126e+00 8.194965e-01 1.699408e-01 1.028420e-02 2.763266e-04 2.164324e-06 5.973241e-09 
5.201005e+00 7.900982e-01 1.953508e-01 1.409520e-02 4.515513e-04 4.216869e-06 1.387590e-08 
5.376884e+00 7.569260e-01 2.231366e-01 1.919599e-02 7.332123e-04 8.163873e-06 3.202955e-08 
5.552764e+00 7.198411e-01 2.530099e-01 2.595139e-02 1.181853e-03 1.568965e-05 7.339244e-08 
5.728643e+00 6.788200e-01 2.844717e-01 3.478929e-02 1.888999e-03 2.989958e-05 1.667580e-07 
5.904523e+00 6.339895e-01 3.167743e-01 4.618915e-02 2.990264e-03 5.643212e-05 3.752591e-07 
6.080402e+00 5.856598e-01 3.488966e-01 6.065550e-02 4.681912e-03 1.053473e-04 8.352412e-07 
6.256281e+00 5.343498e-01 3.795424e-01 7.867147e-02 7.240253e-03 1.942395e-04 1.836155e-06 
6.432161e+00 4.807979e-01 4.071746e-01 1.006285e-01 1.104183e-02 3.531898e-04 3.980737e-06 
6.608040e+00 4.259529e-01 4.300938e-01 1.267322e-01 1.658023e-02 6.323260e-04 8.497278e-06 
6.783920e+00 3.709389e-01 4.465679e-01 1.568898e-01 2.447269e-02 1.112796e-03 1.782945e-05 
6.959799e+00 3.169932e-01 4.550074e-01 1.905940e-01 3.544700e-02 1.921750e-03 3.671154e-05 
7.135678e+00 2.653796e-01 4.541711e-01 2.268264e-01 5.029762e-02 3.251235e-03 7.405212e-05 
7.311558e+00 2.172868e-01 4.433725e-01 2.640137e-01 6.980132e-02 5.379576e-03 1.460900e-04 
7.487437e+00 1.737236e-01 4.226470e-01 3.000674e-01 9.458875e-02 8.691754e-03 2.814255e-04 
7.663317e+00 1.354283e-01 3.928363e-01 3.325341e-01 1.249799e-01 1.369278e-02 5.286048e-04 
7.839196e+00 1.028075e-01 3.555580e-01 3.588545e-01 1.608074e-01 2.100587e-02 9.668601e-04 
8.015075e+00 7.591703e-02 3.130462e-01 3.767037e-01 2.012662e-01 3.134651e-02 1.720266e-03 
8.190955e+00 5.448753e-02 2.678859e-01 3.843481e-01 2.448382e-01 4.546539e-02 2.974888e-03 
8.366834e+00 3.798917e-02 2.226876e-01 3.809380e-01 2.893292e-01 6.405859e-02 4.997475e-03 
8.542714e+00 2.572203e-02 1.797732e-01 3.666627e-01 3.320382e-01 8.765096e-02 8.152924e-03 
8.718593e+00 1.691290e-02 1.409358e-01 3.427255e-01 3.700422e-01 1.164671e-01 1.291646e-02 
8.894472e+00 1.080121e-02 1.073146e-01 3.111484e-01 4.005492e-01 1.503112e-01 1.987536e-02 
9.070352e+00 6.702102e-03 7.939278e-02 2.744563e-01 4.212548e-01 1.884794e-01 2.971467e-02 
9.246231e+00 4.042285e-03 5.709267e-02 2.353184e-01 4.306367e-01 2.297278e-01 4.318212e-02 
9.422111e+00 2.371091e-03 3.992868e-02 1.962204e-01 4.281369e-01 2.723131e-01 6.102988e-02 
9.597990e+00 1.353417e-03 2.717389e-02 1.592188e-01 4.142060e-01 3.141129e-01 8.393501e-02 
9.773869e+00 7.522525e-04 1.800808e-02 1.258037e-01 3.902104e-01 3.528187e-01 1.124068e-01 
9.949749e+00 4.074445e-04 1.162936e-02 9.686460e-02 3.582235e-01 3.861804e-01 1.466947e-01 
1.012563e+01 2.152375e-04 7.324679e-03 7.274137e-02 3.207406e-01 4.122622e-01 1.867159e-01 
1.030151e+01 1.110051e-04 4.503986e-03 5.333022e-02 2.803685e-01 4.296673e-01 2.320190e-01 
1.047739e+01 5.595503e-05 2.706928e-03 3.821523e-02 2.395388e-01 4.376857e-01 2.817974e-01 
1.065327e+01 2.760374e-05 1.592168e-03 2.679984e-02 2.002880e-01 4.363400e-01 3.349524e-01 
1.082915e+01 1.334595e-05 9.178124e-04 1.841962e-02 1.641296e-01 4.263245e-01 3.901952e-01 
1.100503e+01 6.333585e-06 5.193230e-04 1.242647e-02 1.320193e-01 4.088597e-01 4.461689e-01 
1.118090e+01 2.955039e-06 2.888914e-04 8.241916e-03 1.044002e-01 3.854976e-01 5.015684e-01 
1.135678e+01 1.357672e-06 1.582522e-04 5.383029e-03 8.129864e-02 3.579209e-01 5.552378e-01 
1.153266e+01 6.152339e-07 8.550245e-05 3.467680e-03 6.244233e-02 3.277678e-01 6.062360e-01 
1.170854e+01 2.754044e-07 4.563442e-05 2.206665e-03 4.737617e-02 2.965041e-01 6.538672e-01 
1.188442e+01 1.219608e-07 2.409492e-05 1.389162e-03 3.555984e-02 2.653468e-01 6.976799e-01 
1.206030e+01 5.350277e-08 1.260274e-05 8.663148e-04 2.644028e-02 2.352360e-01 7.374448e-01 
1.223618e+01 2.327958e-08 6.538034e-06 5.358478e-04 1.949913e-02 2.068409e-01 7.731176e-01 
1.241206e+01 1.005772e-08 3.367867e-06 3.291036e-04 1.427874e-02 1.805903e-01 8.047985e-01 
1.258794e+01 4.318956e-09 1.724320e-06 2.008996e-04 1.039249e-02 1.567140e-01 8.326909e-01 
1.276382e+01 1.844981e-09 8.782425e-07 1.219998e-04 7.524597e-03 1.352866e-01 8.570660e-01 
1.293970e+01 7.846389e-10 4.453236e-07 7.375710e-05 5.423898e-03 1.162697e-01 8.782322e-01 
1.311558e+01 3.324297e-10 2.249516e-07 4.442227e-05 3.894860e-03 9.954745e-02 8.965130e-01 
1.329146e+01 1.403880e-10 1.132668e-07 2.666845e-05 2.787869e-03 8.495601e-02 9.122293e-01 
1.346734e+01 5.912532e-11 5.687610e-08 1.596645e-05 1.990060e-03 7.230552e-02 9.256884e-01 
1.364322e+01 2.484350e-11 2.849394e-08 9.537059e-06 1.417281e-03 6.139664e-02 9.371765e-01 
1.381910e+01 1.041846e-11 1.424711e-08 5.685545e-06 1.007388e-03 5.203183e-02 9.469551e-01 
1.399497e+01 4.361924e-12 7.111884e-09 3.383868e-06 7.148613e-04 4.402277e-02 9.552590e-01 
1.417085e+01 1.823680e-12 3.545183e-09 2.011180e-06 5.065738e-04 3.719476e-02 9.622966e-01 
1.434673e+01 7.615712e-13 1.765160e-09 1.193932e-06 3.585543e-04 3.138900e-02 9.682513e-01 
1.452261e+01 3.177196e-13 8.780131e-10 7.080765e-07 2.535355e-04 2.646335e-02 9.732824e-01 
1.469849e+01 1.324394e-13 4.363728e-10 4.195853e-07 1.791276e-04 2.229214e-02 9.775283e-01 
1.487437e+01 5.516803e-14 2.167261e-10 2.484605e-07 1.264687e-04 1.876531e-02 9.811080e-01 
1.505025e+01 2.296693e-14 1.075747e-10 1.470415e-07 8.923779e-05 1.578720e-02 9.841234e-01 
1.522613e+01 9.556623e-15 5.336975e-11 8.697775e-08 6.293622e-05 1.327518e-02 9.866618e-01 
1.540201e+01 3.974900e-15 2.646674e-11 5.142766e-08 4.436829e-05 1.115825e-02 9.887973e-01 
1.557789e+01 1.652711e-15 1.312063e-11 3.039726e-08 3.126755e-05 9.375631e-03 9.905931e-01 
1.575377e+01 6.869749e-16 6.502525e-12 1.796161e-08 2.202866e-05 7.875503e-03 9.921025e-01 
1.592965e+01 2.854818e-16 3.221833e-12 1.061084e-08 1.551587e-05 6.613779e-03 9.933707e-01 
1.610553e+01 1.186115e-16 1.596007e-12 6.267076e-09 1.092634e-05 5.553052e-03 9.944360e-01 
1.628141e+01 4.927197e-17 7.904810e-13 3.700881e-09 7.693046e-06 4.661641e-03 9.953307e-01 
1.645729e+01 2.046493e-17 3.914581e-13 2.185156e-09 5.415755e-06 3.912758e-03 9.960818e-01 
1.663317e+01 8.499002e-18 1.938324e-13 1.290051e-09 3.812124e-06 3.283782e-03 9.967124e-01 
1.680905e+01 3.529240e-18 9.596725e-14 7.615301e-10 2.683062e-06 2.755634e-03 9.972417e-01 
1.698492e+01 1.465404e-18 4.750974e-14 4.495005e-10 1.888240e-06 2.312232e-03 9.976859e-01 
1.716080e+01 6.084184e-19 2.351858e-14 2.653029e-10 1.328778e-06 1.940038e-03 9.980586e-01 
1.733668e+01 2.525929e-19 1.164162e-14 1.565769e-10 9.350216e-07 1.627657e-03 9.983714e-01 
1.751256e+01 1.048620e-19 5.762271e-15 9.240416e-11 6.579136e-07 1.365506e-03 9.986338e-01 
1.768844e+01 4.353079e-20 2.852040e-15 5.453018e-11 4.629112e-07 1.145528e-03 9.988540e-01 
1.786432e+01 1.807006e-20 1.411569e-15 3.217858e-11 3.256950e-07 9.609542e-04 9.990387e-01 
1.804020e+01 7.500836e-21 6.986114e-16 1.898820e-11 2.291456e-07 8.060956e-04 9.991937e-01 
1.821608e+01 3.113500e-21 3.457470e-16 1.120444e-11 1.612134e-07 6.761758e-04 9.993237e-01 
1.839196e+01 1.292347e-21 1.711086e-16 6.611303e-12 1.134179e-07 5.671834e-04 9.994327e-01 
1.856784e+01 5.364158e-22 8.467942e-17 3.901004e-12 7.979111e-08 4.757511e-04 9.995242e-01 
1.874372e+01 2.226474e-22 4.190612e-17 2.301757e-12 5.613335e-08 3.990522e-04 9.996009e-01 
1.891960e+01 9.241199e-23 2.073822e-17 1.358116e-12 3.948953e-08 3.347143e-04 9.996652e-01 
1.909548e+01 3.835610e-23 1.026269e-17 8.013276e-13 2.778040e-08 2.807464e-04 9.997192e-01 
1.927136e+01 1.591977e-23 5.078636e-18 4.728021e-13 1.954300e-08 2.354781e-04 9.997645e-01 
1.944724e+01 6.607484e-24 2.513216e-18 2.789623e-13 1.374804e-08 1.975075e-04 9.998025e-01 
1.962312e+01 2.742412e-24 1.243683e-18 1.645921e-13 9.671366e-09 1.656586e-04 9.998343e-01 
1.979899e+01 1.138222e-24 6.154426e-19 9.711142e-14 6.803502e-09 1.389447e-04 9.998610e-01 
1.997487e+01 4.724105e-25 3.045534e-19 5.729671e-14 4.786029e-09 1.165382e-04 9.998835e-01 
2.015075e+01 1.960697e-25 1.507085e-19 3.380551e-14 3.366795e-09 9.774466e-05 9.999023e-01 
2.032663e+01 8.137669e-26 7.457803e-20 1.994546e-14 2.368408e-09 8.198161e-05 9.999180e-01 
2.050251e+01 3.377447e-26 3.690480e-20 1.176791e-14 1.666078e-09 6.876045e-05 9.999312e-01 
2.067839e+01 1.401768e-26 1.826223e-20 6.943106e-15 1.172015e-09 5.767134e-05 9.999423e-01 
2.085427e+01 5.817855e-27 9.036996e-21 4.096449e-15 8.244616e-10 4.837051e-05 9.999516e-01 
2.103015e+01 2.414621e-27 4.471916e-21 2.416910e-15 5.799719e-10 4.056959e-05 9.999594e-01 
2.120603e+01 1.002154e-27 2.212905e-21 1.425979e-15 4.079838e-10 3.402671e-05 9.999660e-01 
2.138191e+01 4.159295e-28 1.095043e-21 8.413274e-16 2.869977e-10 2.853901e-05 9.999715e-01 
2.155779e+01 1.726253e-28 5.418754e-22 4.963828e-16 2.018894e-10 2.393632e-05 9.999761e-01 
2.173367e+01 7.164549e-29 2.681435e-22 2.928654e-16 1.420196e-10 2.007593e-05 9.999799e-01 
2.190955e+01 2.973535e-29 1.326890e-22 1.727902e-16 9.990396e-11 1.683812e-05 9.999832e-01 
2.208543e+01 1.234119e-29 6.566022e-23 1.019459e-16 7.027761e-11 1.412249e-05 9.999859e-01 
2.226131e+01 5.122013e-30 3.249148e-23 6.014791e-17 4.943688e-11 1.184483e-05 9.999882e-01 
2.243719e+01 2.125809e-30 1.607817e-23 3.548714e-17 3.477643e-11 9.934506e-06 9.999901e-01 
2.261307e+01 8.822825e-31 7.956158e-24 2.093733e-17 2.446351e-11 8.332274e-06 9.999917e-01 
2.278894e+01 3.661769e-31 3.937043e-24 1.235298e-17 1.720888e-11 6.988447e-06 9.999930e-01 
2.296482e+01 1.519757e-31 1.948215e-24 7.288224e-18 1.210559e-11 5.861351e-06 9.999941e-01 
2.314070e+01 6.307502e-32 9.640587e-25 4.300033e-18 8.515685e-12 4.916032e-06 9.999951e-01 
2.331658e+01 2.617824e-32 4.770567e-25 2.537008e-18 5.990361e-12 4.123173e-06 9.999959e-01 
2.349246e+01 1.086484e-32 2.360677e-25 1.496827e-18 4.213921e-12 3.458186e-06 9.999965e-01 
2.366834e+01 4.509273e-33 1.168162e-25 8.831238e-19 2.964284e-12 2.900449e-06 9.999971e-01 
2.384422e+01 1.871498e-33 5.780552e-26 5.210404e-19 2.085226e-12 2.432663e-06 9.999976e-01 
2.402010e+01 7.767340e-34 2.860459e-26 3.074123e-19 1.466852e-12 2.040322e-06 9.999980e-01 
2.419598e+01 3.223705e-34 1.415474e-26 1.813723e-19 1.031857e-12 1.711257e-06 9.999983e-01 
2.437186e+01 1.337944e-34 7.004358e-27 1.070091e-19 7.258598e-13 1.435265e-06 9.999986e-01 
2.454774e+01 5.552914e-35 3.466048e-27 6.313505e-20 5.106061e-13 1.203784e-06 9.999988e-01 
2.472362e+01 2.304644e-35 1.715145e-27 3.724948e-20 3.591858e-13 1.009637e-06 9.999990e-01 
2.489950e+01 9.565035e-36 8.487254e-28 2.197708e-20 2.526692e-13 8.468021e-07 9.999992e-01 
2.507538e+01 3.969807e-36 4.199847e-28 1.296641e-20 1.777401e-13 7.102292e-07 9.999993e-01 
2.525126e+01 1.647601e-36 2.078259e-28 7.650140e-21 1.250313e-13 5.956829e-07 9.999994e-01 
2.542714e+01 6.838092e-37 1.028409e-28 4.513558e-21 8.795322e-14 4.996107e-07 9.999995e-01 
2.560302e+01 2.838035e-37 5.088996e-29 2.662985e-21 6.187068e-14 4.190331e-07 9.999996e-01 
2.577889e+01 1.177879e-37 2.518247e-29 1.571153e-21 4.352292e-14 3.514511e-07 9.999996e-01 
2.595477e+01 4.888586e-38 1.246134e-29 9.269752e-22 3.061619e-14 2.947688e-07 9.999997e-01 
2.613065e+01 2.028925e-38 6.166387e-30 5.469124e-22 2.153695e-14 2.472282e-07 9.999998e-01 
2.630653e+01 8.420711e-39 3.051385e-30 3.226766e-22 1.515017e-14 2.073550e-07 9.999998e-01 
2.648241e+01 3.494874e-39 1.509952e-30 1.903781e-22 1.065738e-14 1.739126e-07 9.999998e-01 
2.665829e+01 1.450489e-39 7.471872e-31 1.123225e-22 7.496932e-15 1.458639e-07 9.999999e-01 
2.683417e+01 6.020008e-40 3.697393e-31 6.626991e-23 5.273715e-15 1.223388e-07 9.999999e-01 
2.701005e+01 2.498503e-40 1.829624e-31 3.909904e-23 3.709794e-15 1.026079e-07 9.999999e-01 
2.718593e+01 1.036961e-40 9.053740e-32 2.306831e-23 2.609654e-15 8.605921e-08 9.999999e-01 
2.736181e+01 4.303733e-41 4.480167e-32 1.361023e-23 1.835760e-15 7.217951e-08 9.999999e-01 
2.753769e+01 1.786192e-41 2.216973e-32 8.029990e-24 1.291365e-15 6.053834e-08 9.999999e-01 
2.771357e+01 7.413287e-42 1.097051e-32 4.737668e-24 9.084106e-16 5.077466e-08 9.999999e-01 
2.788945e+01 3.076759e-42 5.428662e-33 2.795209e-24 6.390213e-16 4.258568e-08 1.000000e+00 
2.806533e+01 1.276957e-42 2.686328e-33 1.649164e-24 4.495194e-16 3.571742e-08 1.000000e+00 
2.824121e+01 5.299794e-43 1.329307e-33 9.730017e-25 3.162143e-16 2.995689e-08 1.000000e+00 
2.841709e+01 2.199590e-43 6.577963e-34 5.740679e-25 2.224409e-16 2.512541e-08 1.000000e+00 
2.859296e+01 9.129027e-44 3.255050e-34 3.386982e-25 1.564760e-16 2.107317e-08 1.000000e+00 
2.876884e+01 3.788849e-44 1.610734e-34 1.998309e-25 1.100730e-16 1.767447e-08 1.000000e+00 
2.894472e+01 1.572498e-44 7.970581e-35 1.178996e-25 7.743083e-17 1.482391e-08 1.000000e+00 
2.912060e+01 6.526386e-45 3.944175e-35 6.956036e-26 5.446870e-17 1.243310e-08 1.000000e+00 
2.929648e+01 2.708666e-45 1.951742e-35 4.104039e-26 3.831599e-17 1.042788e-08 1.000000e+00 
2.947236e+01 1.124186e-45 9.658031e-36 2.421370e-26 2.695338e-17 8.746062e-09 1.000000e+00 
2.964824e+01 4.665745e-46 4.779195e-36 1.428600e-26 1.896035e-17 7.335489e-09 1.000000e+00 
2.982412e+01 1.936439e-46 2.364945e-36 8.428696e-27 1.333765e-17 6.152415e-09 1.000000e+00 
3.000000e+01 8.036861e-47 1.170273e-36 4.972904e-27 9.382368e-18 5.160148e-09 1.000000e+00 
