#E                   3            4            5            6            7            8 
-5.000000e+00 9.999946e-01 5.439024e-06 1.005264e-11 6.312090e-18 1.765568e-24 7.823038e-32 
-4.824121e+00 9.999935e-01 6.484910e-06 1.429047e-11 1.069850e-17 3.567942e-24 1.884917e-31 
-4.648241e+00 9.999923e-01 7.731912e-06 2.031481e-11 1.813313e-17 7.210263e-24 4.541601e-31 
-4.472362e+00 9.999908e-01 9.218700e-06 2.887880e-11 3.073425e-17 1.457083e-23 1.094273e-30 
-4.296482e+00 9.999890e-01 1.099138e-05 4.105303e-11 5.209214e-17 2.944539e-23 2.636587e-30 
-4.120603e+00 9.999869e-01 1.310494e-05 5.835945e-11 8.829205e-17 5.950455e-23 6.352701e-30 
-3.944724e+00 9.999844e-01 1.562490e-05 8.296158e-11 1.496480e-16 1.202494e-22 1.530645e-29 
-3.768844e+00 9.999814e-01 1.862942e-05 1.179350e-10 2.536413e-16 2.430051e-22 3.687997e-29 
-3.592965e+00 9.999778e-01 2.221168e-05 1.676517e-10 4.299013e-16 4.910748e-22 8.885998e-29 
-3.417085e+00 9.999735e-01 2.648274e-05 2.383269e-10 7.286470e-16 9.923836e-22 2.141024e-28 
-3.241206e+00 9.999684e-01 3.157506e-05 3.387956e-10 1.234995e-15 2.005447e-21 5.158657e-28 
-3.065327e+00 9.999624e-01 3.764653e-05 4.816172e-10 2.093211e-15 4.052680e-21 1.242943e-27 
-2.889447e+00 9.999551e-01 4.488542e-05 6.846455e-10 3.547809e-15 8.189795e-21 2.994783e-27 
-2.713568e+00 9.999465e-01 5.351616e-05 9.732600e-10 6.013217e-15 1.655019e-20 7.215708e-27 
-2.537688e+00 9.999362e-01 6.380636e-05 1.383539e-09 1.019184e-14 3.344509e-20 1.738568e-26 
-2.361809e+00 9.999239e-01 7.607502e-05 1.966767e-09 1.727419e-14 6.758665e-20 4.188935e-26 
-2.185930e+00 9.999093e-01 9.070248e-05 2.795847e-09 2.927803e-14 1.365804e-19 1.009287e-25 
-2.010050e+00 9.998919e-01 1.081422e-04 3.974411e-09 4.962318e-14 2.760035e-19 2.431780e-25 
-1.834171e+00 9.998711e-01 1.289346e-04 5.649768e-09 8.410579e-14 5.577497e-19 5.859121e-25 
-1.658291e+00 9.998463e-01 1.537242e-04 8.031317e-09 1.425494e-13 1.127100e-18 1.411689e-24 
-1.482412e+00 9.998167e-01 1.832790e-04 1.141671e-08 2.416034e-13 2.277631e-18 3.401288e-24 
-1.306533e+00 9.997815e-01 2.185148e-04 1.622903e-08 4.094851e-13 4.602585e-18 8.194931e-24 
-1.130653e+00 9.997395e-01 2.605230e-04 2.306965e-08 6.940171e-13 9.300738e-18 1.974442e-23 
-9.547739e-01 9.996894e-01 3.106045e-04 3.279338e-08 1.176248e-12 1.879444e-17 4.757073e-23 
-7.788945e-01 9.996296e-01 3.703099e-04 4.661516e-08 1.993532e-12 3.797846e-17 1.146123e-22 
-6.030151e-01 9.995584e-01 4.414869e-04 6.626179e-08 3.378645e-12 7.674325e-17 2.761325e-22 
-4.271357e-01 9.994736e-01 5.263376e-04 9.418748e-08 5.726062e-12 1.550733e-16 6.652698e-22 
-2.512563e-01 9.993724e-01 6.274858e-04 1.338801e-07 9.704260e-12 3.133480e-16 1.602770e-21 
-7.537688e-02 9.992518e-01 7.480574e-04 1.902964e-07 1.644600e-11 6.331525e-16 3.861321e-21 
1.005025e-01 9.991080e-01 8.917762e-04 2.704799e-07 2.787072e-11 1.279321e-15 9.302308e-21 
2.763819e-01 9.989365e-01 1.063077e-03 3.844390e-07 4.723067e-11 2.584871e-15 2.240957e-20 
4.522613e-01 9.987322e-01 1.267242e-03 5.463934e-07 8.003604e-11 5.222565e-15 5.398360e-20 
6.281407e-01 9.984887e-01 1.510556e-03 7.765447e-07 1.356220e-10 1.055144e-14 1.300389e-19 
8.040201e-01 9.981984e-01 1.800504e-03 1.103588e-06 2.298022e-10 2.131667e-14 3.132306e-19 
9.798995e-01 9.978524e-01 2.145987e-03 1.568279e-06 3.893623e-10 4.306283e-14 7.544508e-19 
1.155779e+00 9.974402e-01 2.557591e-03 2.228491e-06 6.596671e-10 8.698751e-14 1.817058e-18 
1.331658e+00 9.969489e-01 3.047899e-03 3.166386e-06 1.117535e-09 1.757020e-13 4.375947e-18 
1.507538e+00 9.963636e-01 3.631859e-03 4.498582e-06 1.893026e-09 3.548588e-13 1.053742e-17 
1.683417e+00 9.956664e-01 4.327214e-03 6.390555e-06 3.206290e-09 7.166141e-13 2.537158e-17 
1.859296e+00 9.948359e-01 5.155009e-03 9.077015e-06 5.429887e-09 1.446961e-12 6.108046e-17 
2.035176e+00 9.938469e-01 6.140177e-03 1.289075e-05 9.194100e-09 2.921182e-12 1.470238e-16 
2.211055e+00 9.926695e-01 7.312225e-03 1.830333e-05 1.556484e-08 5.896273e-12 3.538262e-16 
2.386935e+00 9.912680e-01 8.706015e-03 2.598265e-05 2.634399e-08 1.189865e-11 8.513217e-16 
2.562814e+00 9.896004e-01 1.036267e-02 3.687390e-05 4.457595e-08 2.400493e-11 2.047763e-15 
2.738693e+00 9.876170e-01 1.233059e-02 5.231361e-05 7.540145e-08 4.841310e-11 4.924087e-15 
2.914573e+00 9.852591e-01 1.466659e-02 7.418968e-05 1.274946e-07 9.760197e-11 1.183600e-14 
3.090452e+00 9.824575e-01 1.743716e-02 1.051656e-04 2.154793e-07 1.966780e-10 2.843711e-14 
3.266332e+00 9.791308e-01 2.071983e-02 1.489936e-04 3.639845e-07 3.961106e-10 6.828568e-14 
3.442211e+00 9.751839e-01 2.460456e-02 2.109504e-04 6.144394e-07 7.972528e-10 1.638675e-13 
3.618090e+00 9.705054e-01 2.919513e-02 2.984411e-04 1.036432e-06 1.603398e-09 3.929356e-13 
3.793970e+00 9.649659e-01 3.461050e-02 4.218320e-04 1.746647e-06 3.221730e-09 9.413534e-13 
3.969849e+00 9.584157e-01 4.098579e-02 5.955913e-04 2.940340e-06 6.466434e-09 2.252744e-12 
4.145729e+00 9.506824e-01 4.847282e-02 8.398405e-04 4.943442e-06 1.296224e-08 5.384070e-12 
4.321608e+00 9.415694e-01 5.723987e-02 1.182444e-03 8.298444e-06 2.594364e-08 1.284827e-11 
4.497487e+00 9.308541e-01 6.747010e-02 1.661793e-03 1.390517e-05 5.183153e-08 3.060493e-11 
4.673367e+00 9.182879e-01 7.935825e-02 2.330456e-03 2.325005e-05 1.033297e-07 7.274546e-11 
4.849246e+00 9.035965e-01 9.310461e-02 3.259894e-03 3.877662e-05 2.054729e-07 1.724721e-10 
5.025126e+00 8.864830e-01 1.089057e-01 4.546386e-03 6.447869e-05 4.073655e-07 4.076918e-10 
5.201005e+00 8.666339e-01 1.269402e-01 6.318274e-03 1.068395e-04 8.047913e-07 9.603166e-10 
5.376884e+00 8.437279e-01 1.473498e-01 8.744442e-03 1.762986e-04 1.583375e-06 2.252675e-09 
5.552764e+00 8.174510e-01 1.702128e-01 1.204365e-02 2.895066e-04 3.100109e-06 5.258659e-09 
5.728643e+00 7.875155e-01 1.955118e-01 1.649387e-02 4.727225e-04 6.035429e-06 1.220646e-08 
5.904523e+00 7.536872e-01 2.230943e-01 2.243993e-02 7.668116e-04 1.167277e-05 2.814744e-08 
6.080402e+00 7.158173e-01 2.526289e-01 3.029699e-02 1.234383e-03 2.240365e-05 6.441207e-08 
6.256281e+00 6.738804e-01 2.835614e-01 4.054590e-02 1.969614e-03 4.262194e-05 1.461050e-07 
6.432161e+00 6.280149e-01 3.150777e-01 5.371568e-02 3.111133e-03 8.027017e-05 3.280723e-07 
6.608040e+00 5.785614e-01 3.460833e-01 7.034730e-02 4.857898e-03 1.494402e-04 7.282262e-07 
6.783920e+00 5.260915e-01 3.752113e-01 9.093398e-02 7.487047e-03 2.746080e-04 1.595495e-06 
6.959799e+00 4.714203e-01 4.008726e-01 1.158351e-01 1.137124e-02 4.972720e-04 3.444766e-06 
7.135678e+00 4.155928e-01 4.213564e-01 1.451666e-01 1.699097e-02 8.859058e-04 7.317061e-06 
7.311558e+00 3.598381e-01 4.349829e-01 1.786787e-01 2.493490e-02 1.550103e-03 1.526487e-05 
7.487437e+00 3.054909e-01 4.402980e-01 2.156407e-01 3.587972e-02 2.659411e-03 3.122493e-05 
7.663317e+00 2.538848e-01 4.362832e-01 2.547628e-01 5.054029e-02 4.466399e-03 6.252548e-05 
7.839196e+00 2.062321e-01 4.225436e-01 2.941864e-01 6.958372e-02 7.331806e-03 1.223753e-04 
8.015075e+00 1.635096e-01 3.994313e-01 3.315710e-01 9.350720e-02 1.174713e-02 2.337751e-04 
8.190955e+00 1.263706e-01 3.680683e-01 3.642892e-01 1.224893e-01 1.834715e-02 4.353298e-04 
8.366834e+00 9.510038e-02 3.302539e-01 3.897169e-01 1.562373e-01 2.790219e-02 7.893537e-04 
8.542714e+00 6.962130e-02 2.882645e-01 4.055795e-01 1.938630e-01 4.127927e-02 1.392351e-03 
8.718593e+00 4.954433e-02 2.445831e-01 4.102936e-01 2.338283e-01 5.936325e-02 2.387360e-03 
8.894472e+00 3.425221e-02 2.016065e-01 4.032332e-01 2.739947e-01 8.293658e-02 3.976764e-03 
9.070352e+00 2.299680e-02 1.613864e-01 3.848594e-01 3.117966e-01 1.125275e-01 6.433184e-03 
9.246231e+00 1.499244e-02 1.254456e-01 3.566761e-01 3.445297e-01 1.482510e-01 1.010527e-02 
9.422111e+00 9.491942e-03 9.469378e-02 3.210137e-01 3.697087e-01 1.896767e-01 1.541516e-02 
9.597990e+00 5.838267e-03 6.944384e-02 2.806850e-01 3.854241e-01 2.357636e-01 2.284516e-02 
9.773869e+00 3.490952e-03 4.950821e-02 2.385867e-01 3.906153e-01 2.848856e-01 3.291330e-02 
9.949749e+00 2.031084e-03 3.434351e-02 1.973318e-01 3.851977e-01 3.349564e-01 4.613948e-02 
1.012563e+01 1.151117e-03 2.320703e-02 1.589848e-01 3.700202e-01 3.836309e-01 6.300593e-02 
1.030151e+01 6.363088e-04 1.529507e-02 1.249312e-01 3.466764e-01 4.285445e-01 8.391647e-02 
1.047739e+01 3.435280e-04 9.845305e-03 9.588087e-02 3.172260e-01 4.675455e-01 1.091588e-01 
1.065327e+01 1.813858e-04 6.198031e-03 7.196809e-02 2.838967e-01 4.988831e-01 1.388727e-01 
1.082915e+01 9.379585e-05 3.821357e-03 5.290385e-02 2.488233e-01 5.213304e-01 1.730273e-01 
1.100503e+01 4.756327e-05 2.310410e-03 3.813663e-02 2.138600e-01 5.342381e-01 2.114073e-01 
1.118090e+01 2.368121e-05 1.371528e-03 2.699239e-02 1.804729e-01 5.375277e-01 2.536118e-01 
1.135678e+01 1.159000e-05 8.003277e-04 1.877967e-02 1.497070e-01 5.316359e-01 2.990655e-01 
1.153266e+01 5.581932e-06 4.595707e-04 1.285748e-02 1.222062e-01 5.174271e-01 3.470440e-01 
1.170854e+01 2.648242e-06 2.599615e-04 8.671533e-03 9.826909e-02 4.960851e-01 3.967117e-01 
1.188442e+01 1.238905e-06 1.450016e-04 5.766909e-03 7.791975e-02 4.689972e-01 4.471699e-01 
1.206030e+01 5.720722e-07 7.983052e-05 3.785496e-03 6.098328e-02 4.376399e-01 4.975110e-01 
1.223618e+01 2.609855e-07 4.342282e-05 2.455022e-03 4.715488e-02 4.034747e-01 5.468718e-01 
1.241206e+01 1.177475e-07 2.335805e-05 1.574553e-03 3.605887e-02 3.678622e-01 5.944809e-01 
1.258794e+01 5.258585e-08 1.243762e-05 9.996354e-04 2.729480e-02 3.319987e-01 6.396944e-01 
1.276382e+01 2.326883e-08 6.561853e-06 6.288023e-04 2.047085e-02 2.968765e-01 6.820173e-01 
1.293970e+01 1.021089e-08 3.433199e-06 3.922565e-04 1.522563e-02 2.632684e-01 7.211103e-01 
1.311558e+01 4.447503e-09 1.782933e-06 2.428788e-04 1.124031e-02 2.317315e-01 7.567835e-01 
1.329146e+01 1.924391e-09 9.198047e-07 1.493942e-04 8.243388e-03 2.026264e-01 7.889799e-01 
1.346734e+01 8.278134e-10 4.717569e-07 9.135655e-05 6.010287e-03 1.761445e-01 8.177534e-01 
1.364322e+01 3.542794e-10 2.407216e-07 5.558019e-05 4.359725e-03 1.523408e-01 8.432437e-01 
1.381910e+01 1.509450e-10 1.222845e-07 3.366353e-05 3.148344e-03 1.311664e-01 8.656514e-01 
1.399497e+01 6.406309e-11 6.187910e-08 2.031028e-05 2.264758e-03 1.124983e-01 8.852166e-01 
1.417085e+01 2.709840e-11 3.120780e-08 1.221289e-05 1.623708e-03 9.616463e-02 9.021994e-01 
1.434673e+01 1.142956e-11 1.569396e-08 7.322700e-06 1.160764e-03 8.196625e-02 9.168656e-01 
1.452261e+01 4.808887e-12 7.872833e-09 4.379789e-06 8.277696e-04 6.969216e-02 9.294757e-01 
1.469849e+01 2.019041e-12 3.941078e-09 2.614091e-06 5.890611e-04 5.913141e-02 9.402769e-01 
1.487437e+01 8.461873e-13 1.969336e-09 1.557432e-06 4.184390e-04 5.008106e-02 9.494989e-01 
1.505025e+01 3.541000e-13 9.825684e-10 9.264785e-07 2.967850e-04 4.235130e-02 9.573510e-01 
1.522613e+01 1.479871e-13 4.896032e-10 5.504276e-07 2.102279e-04 3.576832e-02 9.640209e-01 
1.540201e+01 6.177982e-14 2.436971e-10 3.266554e-07 1.487522e-04 3.017554e-02 9.696754e-01 
1.557789e+01 2.576721e-14 1.211866e-10 1.936768e-07 1.051561e-04 2.543370e-02 9.744609e-01 
1.575377e+01 1.073863e-14 6.021706e-11 1.147429e-07 7.427905e-05 2.142027e-02 9.785053e-01 
1.592965e+01 4.472437e-15 2.990187e-11 6.793415e-08 5.243388e-05 1.802827e-02 9.819192e-01 
1.610553e+01 1.861651e-15 1.484007e-11 4.019844e-08 3.699274e-05 1.516498e-02 9.847980e-01 
1.628141e+01 7.745499e-16 7.361569e-12 2.377536e-08 2.608662e-05 1.275049e-02 9.872234e-01 
1.645729e+01 3.221288e-16 3.650346e-12 1.405640e-08 1.838859e-05 1.071620e-02 9.892654e-01 
1.663317e+01 1.339263e-16 1.809480e-12 8.307635e-09 1.295791e-05 9.003491e-03 9.909835e-01 
1.680905e+01 5.566490e-17 8.967115e-13 4.908624e-09 9.128532e-06 7.562410e-03 9.924285e-01 
1.698492e+01 2.313105e-17 4.442732e-13 2.899617e-09 6.429323e-06 6.350501e-03 9.936431e-01 
1.716080e+01 9.610013e-18 2.200707e-13 1.712522e-09 4.527351e-06 5.331758e-03 9.946637e-01 
1.733668e+01 3.991911e-18 1.089940e-13 1.011253e-09 3.187509e-06 4.475702e-03 9.955211e-01 
1.751256e+01 1.657974e-18 5.397378e-14 5.970678e-10 2.243875e-06 3.756572e-03 9.962412e-01 
1.768844e+01 6.885316e-19 2.672468e-14 3.524819e-10 1.579411e-06 3.152621e-03 9.968458e-01 
1.786432e+01 2.859089e-19 1.323122e-14 2.080691e-10 1.111602e-06 2.645510e-03 9.973534e-01 
1.804020e+01 1.187124e-19 6.550153e-15 1.228125e-10 7.822903e-07 2.219788e-03 9.977794e-01 
1.821608e+01 4.928722e-20 3.242450e-15 7.248496e-11 5.504991e-07 1.862445e-03 9.981370e-01 
1.839196e+01 2.046198e-20 1.604981e-15 4.277875e-11 3.873649e-07 1.562538e-03 9.984371e-01 
1.856784e+01 8.494539e-21 7.944118e-16 2.524569e-11 2.725605e-07 1.310861e-03 9.986889e-01 
1.874372e+01 3.526261e-21 3.931912e-16 1.489803e-11 1.917732e-07 1.099677e-03 9.989001e-01 
1.891960e+01 1.463775e-21 1.946019e-16 8.791348e-12 1.349267e-07 9.224838e-04 9.990774e-01 
1.909548e+01 6.076054e-22 9.631143e-17 5.187639e-12 9.492831e-08 7.738199e-04 9.992261e-01 
1.927136e+01 2.522078e-22 4.766485e-17 3.061072e-12 6.678563e-08 6.490986e-04 9.993508e-01 
1.944724e+01 1.046856e-22 2.358902e-17 1.806212e-12 4.698526e-08 5.444684e-04 9.994555e-01 
1.962312e+01 4.345179e-23 1.167385e-17 1.065753e-12 3.305467e-08 4.566962e-04 9.995433e-01 
1.979899e+01 1.803526e-23 5.777134e-18 6.288371e-13 2.325402e-08 3.830681e-04 9.996169e-01 
1.997487e+01 7.485693e-24 2.858943e-18 3.710348e-13 1.635904e-08 3.213064e-04 9.996787e-01 
2.015075e+01 3.106971e-24 1.414797e-18 2.189207e-13 1.150836e-08 2.694998e-04 9.997305e-01 
2.032663e+01 1.289552e-24 7.001309e-19 1.291681e-13 8.095906e-09 2.260444e-04 9.997739e-01 
2.050251e+01 5.352263e-25 3.464665e-19 7.621155e-14 5.695271e-09 1.895947e-04 9.998104e-01 
2.067839e+01 2.221434e-25 1.714513e-19 4.496594e-14 4.006460e-09 1.590216e-04 9.998410e-01 
2.085427e+01 9.219924e-26 8.484340e-20 2.653044e-14 2.818415e-09 1.333778e-04 9.998666e-01 
2.103015e+01 3.826656e-26 4.198495e-20 1.565321e-14 1.982656e-09 1.118690e-04 9.998881e-01 
2.120603e+01 1.588218e-26 2.077627e-20 9.235512e-15 1.394724e-09 9.382833e-05 9.999062e-01 
2.138191e+01 6.591729e-27 1.028112e-20 5.449005e-15 9.811334e-10 7.869681e-05 9.999213e-01 
2.155779e+01 2.735820e-27 5.087590e-21 3.214936e-15 6.901868e-10 6.600535e-05 9.999340e-01 
2.173367e+01 1.135468e-27 2.517578e-21 1.896822e-15 4.855169e-10 5.536054e-05 9.999446e-01 
2.190955e+01 4.712611e-28 1.245813e-21 1.119129e-15 3.415398e-10 4.643236e-05 9.999536e-01 
2.208543e+01 1.955904e-28 6.164849e-22 6.602874e-16 2.402579e-10 3.894400e-05 9.999611e-01 
2.226131e+01 8.117700e-29 3.050643e-22 3.895699e-16 1.690104e-10 3.266328e-05 9.999673e-01 
2.243719e+01 3.369132e-29 1.509593e-22 2.298462e-16 1.188910e-10 2.739547e-05 9.999726e-01 
2.261307e+01 1.398308e-29 7.470126e-23 1.356091e-16 8.363420e-11 2.297720e-05 9.999770e-01 
2.278894e+01 5.803461e-30 3.696543e-23 8.000924e-17 5.883268e-11 1.927149e-05 9.999807e-01 
2.296482e+01 2.408636e-30 1.829209e-23 4.720534e-17 4.138596e-11 1.616342e-05 9.999838e-01 
2.314070e+01 9.996662e-31 9.051710e-24 2.785107e-17 2.911302e-11 1.355660e-05 9.999864e-01 
2.331658e+01 4.148955e-31 4.479172e-24 1.643208e-17 2.047959e-11 1.137021e-05 9.999886e-01 
2.349246e+01 1.721957e-31 2.216485e-24 9.694892e-18 1.440639e-11 9.536428e-06 9.999905e-01 
2.366834e+01 7.146702e-32 1.096811e-24 5.719964e-18 1.013419e-11 7.998397e-06 9.999920e-01 
2.384422e+01 2.966122e-32 5.427482e-25 3.374765e-18 7.128902e-12 6.708417e-06 9.999933e-01 
2.402010e+01 1.231040e-32 2.685747e-25 1.991102e-18 5.014830e-12 5.626484e-06 9.999944e-01 
2.419598e+01 5.109228e-33 1.329020e-25 1.174745e-18 3.527684e-12 4.719044e-06 9.999953e-01 
2.437186e+01 2.120501e-33 6.576550e-26 6.930964e-19 2.481551e-12 3.957955e-06 9.999960e-01 
2.454774e+01 8.800785e-34 3.254353e-26 4.089249e-19 1.745647e-12 3.319615e-06 9.999967e-01 
2.472362e+01 3.652619e-34 1.610390e-26 2.412645e-19 1.227976e-12 2.784226e-06 9.999972e-01 
2.489950e+01 1.515959e-34 7.968883e-27 1.423453e-19 8.638198e-13 2.335185e-06 9.999977e-01 
2.507538e+01 6.291732e-35 3.943336e-27 8.398332e-20 6.076541e-13 1.958565e-06 9.999980e-01 
2.525126e+01 2.611278e-35 1.951327e-27 4.954991e-20 4.274543e-13 1.642686e-06 9.999984e-01 
2.542714e+01 1.083767e-35 9.655982e-28 2.923429e-20 3.006927e-13 1.377753e-06 9.999986e-01 
2.560302e+01 4.497993e-36 4.778182e-28 1.724814e-20 2.115222e-13 1.155548e-06 9.999988e-01 
2.577889e+01 1.866816e-36 2.364444e-28 1.017635e-20 1.487953e-13 9.691803e-07 9.999990e-01 
2.595477e+01 7.747908e-37 1.170025e-28 6.004015e-21 1.046700e-13 8.128702e-07 9.999992e-01 
2.613065e+01 3.215639e-37 5.789773e-29 3.542350e-21 7.363013e-14 6.817699e-07 9.999993e-01 
2.630653e+01 1.334597e-37 2.865021e-29 2.089975e-21 5.179510e-14 5.718135e-07 9.999994e-01 
2.648241e+01 5.539018e-38 1.417731e-29 1.233079e-21 3.643526e-14 4.795910e-07 9.999995e-01 
2.665829e+01 2.298876e-38 7.015526e-30 7.275126e-22 2.563037e-14 4.022421e-07 9.999996e-01 
2.683417e+01 9.541098e-39 3.471574e-30 4.292302e-22 1.802968e-14 3.373682e-07 9.999997e-01 
2.701005e+01 3.959872e-39 1.717879e-30 2.532444e-22 1.268298e-14 2.829572e-07 9.999997e-01 
2.718593e+01 1.643478e-39 8.500782e-31 1.494134e-22 8.921838e-15 2.373216e-07 9.999998e-01 
2.736181e+01 6.820978e-40 4.206541e-31 8.815343e-23 6.276065e-15 1.990462e-07 9.999998e-01 
2.753769e+01 2.830932e-40 2.081571e-31 5.201024e-23 4.414897e-15 1.669438e-07 9.999998e-01 
2.771357e+01 1.174930e-40 1.030048e-31 3.068588e-23 3.105658e-15 1.400190e-07 9.999999e-01 
2.788945e+01 4.876350e-41 5.097106e-32 1.810457e-23 2.184675e-15 1.174366e-07 9.999999e-01 
2.806533e+01 2.023847e-41 2.522260e-32 1.068164e-23 1.536809e-15 9.849634e-08 9.999999e-01 
2.824121e+01 8.399635e-42 1.248119e-32 6.302132e-24 1.081068e-15 8.261076e-08 9.999999e-01 
2.841709e+01 3.486127e-42 6.176213e-33 3.718238e-24 7.604770e-16 6.928723e-08 9.999999e-01 
2.859296e+01 1.446858e-42 3.056247e-33 2.193748e-24 5.349574e-16 5.811252e-08 9.999999e-01 
2.876884e+01 6.004940e-43 1.512358e-33 1.294304e-24 3.763156e-16 4.874009e-08 1.000000e+00 
2.894472e+01 2.492249e-43 7.483778e-34 7.636355e-25 2.647192e-16 4.087924e-08 1.000000e+00 
2.912060e+01 1.034366e-43 3.703285e-34 4.505425e-25 1.862166e-16 3.428620e-08 1.000000e+00 
2.929648e+01 4.292960e-44 1.832539e-34 2.658186e-25 1.309941e-16 2.875650e-08 1.000000e+00 
2.947236e+01 1.781721e-44 9.068166e-35 1.568321e-25 9.214774e-17 2.411862e-08 1.000000e+00 
2.964824e+01 7.394731e-45 4.487306e-35 9.253045e-26 6.482130e-17 2.022875e-08 1.000000e+00 
2.982412e+01 3.069058e-45 2.220506e-35 5.459267e-26 4.559853e-17 1.696624e-08 1.000000e+00 
3.000000e+01 1.273761e-45 1.098799e-35 3.220950e-26 3.207628e-17 1.422991e-08 1.000000e+00 
