#E                   2            3            4            5            6            7            8 
-5.000000e+00 9.999955e-01 4.541806e-06 5.713402e-12 1.976216e-18 9.310651e-26 3.515562e-33 1.182893e-41 
-4.824121e+00 9.999946e-01 5.415165e-06 8.121969e-12 3.349533e-18 1.881540e-25 8.470551e-33 3.398174e-41 
-4.648241e+00 9.999935e-01 6.456463e-06 1.154590e-11 5.677200e-18 3.802304e-25 2.040932e-32 9.762160e-41 
-4.472362e+00 9.999923e-01 7.697994e-06 1.641323e-11 9.622414e-18 7.683871e-25 4.917509e-32 2.804440e-40 
-4.296482e+00 9.999908e-01 9.178261e-06 2.333245e-11 1.630924e-17 1.552792e-24 1.184846e-31 8.056496e-40 
-4.120603e+00 9.999891e-01 1.094317e-05 3.316855e-11 2.764288e-17 3.137952e-24 2.854817e-31 2.314441e-39 
-3.944724e+00 9.999870e-01 1.304745e-05 4.715117e-11 4.685250e-17 6.341313e-24 6.878514e-31 6.648840e-39 
-3.768844e+00 9.999844e-01 1.555636e-05 6.702832e-11 7.941125e-17 1.281480e-23 1.657337e-30 1.910053e-38 
-3.592965e+00 9.999815e-01 1.854770e-05 9.528487e-11 1.345957e-16 2.589670e-23 3.993253e-30 5.487126e-38 
-3.417085e+00 9.999779e-01 2.211424e-05 1.354532e-10 2.281287e-16 5.233313e-23 9.621493e-30 1.576319e-37 
-3.241206e+00 9.999736e-01 2.636657e-05 1.925548e-10 3.866593e-16 1.057569e-22 2.318237e-29 4.528381e-37 
-3.065327e+00 9.999686e-01 3.143655e-05 2.737279e-10 6.553549e-16 2.137176e-22 5.585640e-29 1.300893e-36 
-2.889447e+00 9.999625e-01 3.748139e-05 3.891198e-10 1.110770e-15 4.318883e-22 1.345822e-28 3.737142e-36 
-2.713568e+00 9.999553e-01 4.468853e-05 5.531553e-10 1.882658e-15 8.727746e-22 3.242662e-28 1.073587e-35 
-2.537688e+00 9.999467e-01 5.328141e-05 7.863398e-10 3.190936e-15 1.763730e-21 7.812953e-28 3.084140e-35 
-2.361809e+00 9.999365e-01 6.352647e-05 1.117822e-09 5.408341e-15 3.564196e-21 1.882470e-27 8.859932e-35 
-2.185930e+00 9.999243e-01 7.574132e-05 1.589038e-09 9.166617e-15 7.202612e-21 4.535655e-27 2.545223e-34 
-2.010050e+00 9.999097e-01 9.030463e-05 2.258889e-09 1.553650e-14 1.455518e-20 1.092826e-26 7.311730e-34 
-1.834171e+00 9.998923e-01 1.076678e-04 3.211103e-09 2.633273e-14 2.941330e-20 2.633059e-26 2.100455e-33 
-1.658291e+00 9.998716e-01 1.283691e-04 4.564699e-09 4.463107e-14 5.943860e-20 6.344084e-26 6.033996e-33 
-1.482412e+00 9.998469e-01 1.530499e-04 6.488859e-09 7.564443e-14 1.201135e-19 1.528535e-25 1.733385e-32 
-1.306533e+00 9.998175e-01 1.824752e-04 9.224068e-09 1.282078e-13 2.427240e-19 3.682815e-25 4.979468e-32 
-1.130653e+00 9.997824e-01 2.175565e-04 1.311216e-08 2.172949e-13 4.904912e-19 8.873234e-25 1.430436e-31 
-9.547739e-01 9.997406e-01 2.593805e-04 1.863901e-08 3.682831e-13 9.911671e-19 2.137869e-24 4.109140e-31 
-7.788945e-01 9.996907e-01 3.092424e-04 2.649526e-08 6.241809e-13 2.002899e-18 5.150823e-24 1.180402e-30 
-6.030151e-01 9.996313e-01 3.686860e-04 3.766250e-08 1.057877e-12 4.047315e-18 1.240989e-23 3.390821e-30 
-4.271357e-01 9.995604e-01 4.395511e-04 5.353592e-08 1.792894e-12 8.178432e-18 2.989885e-23 9.740355e-30 
-2.512563e-01 9.994759e-01 5.240299e-04 7.609839e-08 3.038563e-12 1.652598e-17 7.203359e-23 2.797943e-29 
-7.537688e-02 9.993752e-01 6.247349e-04 1.081680e-07 5.149616e-12 3.339313e-17 1.735436e-22 8.037033e-29 
1.005025e-01 9.992551e-01 7.447783e-04 1.537494e-07 8.727161e-12 6.747436e-17 4.180937e-22 2.308576e-28 
2.763819e-01 9.991119e-01 8.878677e-04 2.185335e-07 1.478976e-11 1.363359e-16 1.007230e-21 6.631057e-28 
4.522613e-01 9.989413e-01 1.058419e-03 3.106066e-07 2.506324e-11 2.754672e-16 2.426452e-21 1.904624e-27 
6.281407e-01 9.987379e-01 1.261690e-03 4.414578e-07 4.247166e-11 5.565643e-16 5.845216e-21 5.470431e-27 
8.040201e-01 9.984954e-01 1.503940e-03 6.274089e-07 7.196878e-11 1.124459e-15 1.408031e-20 1.571147e-26 
9.798995e-01 9.982065e-01 1.792620e-03 8.916448e-07 1.219463e-10 2.271704e-15 3.391595e-20 4.512236e-26 
1.155779e+00 9.978621e-01 2.136594e-03 1.267094e-06 2.066185e-10 4.589187e-15 8.169046e-20 1.295814e-25 
1.331658e+00 9.974518e-01 2.546401e-03 1.800517e-06 3.500588e-10 9.270240e-15 1.967478e-19 3.721044e-25 
1.507538e+00 9.969629e-01 3.034571e-03 2.558298e-06 5.930324e-10 1.872457e-14 4.738210e-19 1.068446e-24 
1.683417e+00 9.963804e-01 3.615987e-03 3.634664e-06 1.004558e-09 3.781741e-14 1.140979e-18 3.067605e-24 
1.859296e+00 9.956865e-01 4.308319e-03 5.163315e-06 1.701464e-09 7.637005e-14 2.747214e-18 8.806384e-24 
2.035176e+00 9.948601e-01 5.132520e-03 7.333899e-06 2.881460e-09 1.542042e-13 6.613770e-18 2.527771e-23 
2.211055e+00 9.938762e-01 6.113422e-03 1.041531e-05 4.879026e-09 3.113152e-13 1.591976e-17 7.254520e-23 
2.386935e+00 9.927048e-01 7.280407e-03 1.478859e-05 8.259834e-09 6.283795e-13 3.831261e-17 2.081600e-22 
2.562814e+00 9.913108e-01 8.668198e-03 2.099343e-05 1.398014e-08 1.268077e-12 9.218255e-17 5.971558e-22 
2.738693e+00 9.896524e-01 1.031775e-02 2.979362e-05 2.365564e-08 2.558304e-12 2.217373e-16 1.712621e-21 
2.914573e+00 9.876804e-01 1.227728e-02 4.226918e-05 4.001462e-08 5.159644e-12 5.331996e-16 4.910160e-21 
3.090452e+00 9.853366e-01 1.460340e-02 5.994582e-05 6.766082e-08 1.040212e-11 1.281667e-15 1.407228e-20 
3.266332e+00 9.825526e-01 1.736235e-02 8.497614e-05 1.143560e-07 2.096171e-11 3.079383e-15 4.031220e-20 
3.442211e+00 9.792480e-01 2.063141e-02 1.203929e-04 1.931728e-07 4.221798e-11 7.394654e-15 1.154181e-19 
3.618090e+00 9.753289e-01 2.450027e-02 1.704614e-04 3.261030e-07 8.497470e-11 1.774572e-14 3.302427e-19 
3.793970e+00 9.706858e-01 2.907246e-02 2.411685e-04 5.500887e-07 1.709035e-10 4.255380e-14 9.441945e-19 
3.969849e+00 9.651914e-01 3.446673e-02 3.408963e-04 9.270814e-07 3.434153e-10 1.019507e-13 2.697100e-18 
4.145729e+00 9.586990e-01 4.081806e-02 4.813467e-04 1.560763e-06 6.893222e-10 2.439925e-13 7.696026e-18 
4.321608e+00 9.510402e-01 4.827835e-02 6.787995e-04 2.624243e-06 1.381887e-09 5.831903e-13 2.193228e-17 
4.497487e+00 9.420235e-01 5.701626e-02 9.558094e-04 4.405723e-06 2.766109e-09 1.391844e-12 6.240902e-17 
4.673367e+00 9.314332e-01 6.721592e-02 1.343471e-03 7.383420e-06 5.527046e-09 3.315871e-12 1.772712e-16 
4.849246e+00 9.190293e-01 7.907391e-02 1.884398e-03 1.234769e-05 1.102058e-08 7.883019e-12 5.024773e-16 
5.025126e+00 9.045489e-01 9.279389e-02 2.636588e-03 2.059864e-05 2.192002e-08 1.869444e-11 1.420757e-15 
5.201005e+00 8.877094e-01 1.085779e-01 3.678307e-03 3.426319e-05 4.347240e-08 4.420471e-11 4.005524e-15 
5.376884e+00 8.682151e-01 1.266139e-01 5.114125e-03 5.679820e-05 8.592191e-08 1.041699e-10 1.125425e-14 
5.552764e+00 8.457662e-01 1.470578e-01 7.082087e-03 9.377950e-05 1.691456e-07 2.445021e-10 3.149490e-14 
5.728643e+00 8.200739e-01 1.700099e-01 9.761821e-03 1.541207e-04 3.314341e-07 5.712188e-10 8.772908e-14 
5.904523e+00 7.908789e-01 1.954855e-01 1.338304e-02 2.519233e-04 6.459338e-07 1.327323e-09 2.430532e-13 
6.080402e+00 7.579764e-01 2.233797e-01 1.823339e-02 4.092271e-04 1.251029e-06 3.065065e-09 6.691873e-13 
6.256281e+00 7.212456e-01 2.534280e-01 2.466390e-02 6.599974e-04 2.405630e-06 7.027235e-09 1.829262e-12 
6.432161e+00 6.806829e-01 2.851673e-01 3.308951e-02 1.055733e-03 4.588009e-06 1.597951e-08 4.959504e-12 
6.608040e+00 6.364354e-01 3.179016e-01 4.398117e-02 1.673070e-03 8.668972e-06 3.599898e-08 1.332136e-11 
6.783920e+00 5.888324e-01 3.506820e-01 5.784568e-02 2.623625e-03 1.620835e-05 8.024994e-08 3.540679e-11 
6.959799e+00 5.384054e-01 3.823092e-01 7.518923e-02 4.066024e-03 2.994955e-05 1.767990e-07 9.300472e-11 
7.135678e+00 4.858950e-01 4.113686e-01 9.646184e-02 6.219468e-03 5.462068e-05 3.844413e-07 2.411231e-10 
7.311558e+00 4.322344e-01 4.363063e-01 1.219830e-01 9.377357e-03 9.819011e-05 8.239941e-07 6.161923e-10 
7.487437e+00 3.785085e-01 4.555450e-01 1.518527e-01 1.391833e-02 1.737632e-04 1.738592e-06 1.550149e-09 
7.663317e+00 3.258884e-01 4.676361e-01 1.858586e-01 2.031098e-02 3.023326e-04 3.606685e-06 3.834134e-09 
7.839196e+00 2.755453e-01 4.714281e-01 2.233951e-01 2.910752e-02 5.165863e-04 7.347669e-06 9.313053e-09 
8.015075e+00 2.285556e-01 4.662275e-01 2.634144e-01 4.092178e-02 8.659157e-04 1.468472e-05 2.219176e-08 
8.190955e+00 1.858113e-01 4.519200e-01 3.044294e-01 5.638779e-02 1.422622e-03 2.876493e-05 5.182898e-08 
8.366834e+00 1.479487e-01 4.290265e-01 3.445821e-01 7.609823e-02 2.289088e-03 5.518482e-05 1.185530e-07 
8.542714e+00 1.153092e-01 3.986763e-01 3.817793e-01 1.005258e-01 3.605365e-03 1.036310e-04 2.654398e-07 
8.718593e+00 8.793551e-02 3.624967e-01 4.138848e-01 1.299356e-01 5.556268e-03 1.904176e-04 5.815231e-07 
8.894472e+00 6.560282e-02 3.224377e-01 4.389395e-01 1.642997e-01 8.376744e-03 3.422809e-04 1.246310e-06 
9.070352e+00 4.787630e-02 2.805610e-01 4.553754e-01 2.032288e-01 1.235399e-02 6.018635e-04 2.612911e-06 
9.246231e+00 3.418236e-02 2.388318e-01 4.621872e-01 2.459332e-01 1.782471e-02 1.035373e-03 5.359285e-06 
9.422111e+00 2.388139e-02 1.989451e-01 4.590314e-01 2.912225e-01 2.516597e-02 1.742896e-03 1.075635e-05 
9.597990e+00 1.633124e-02 1.622095e-01 4.462405e-01 3.375476e-01 3.477821e-02 2.871762e-03 2.113126e-05 
9.773869e+00 1.093508e-02 1.294979e-01 4.247553e-01 3.830789e-01 4.705913e-02 4.633067e-03 4.064705e-05 
9.949749e+00 7.171388e-03 1.012575e-01 3.959923e-01 4.258137e-01 6.236756e-02 7.320941e-03 7.657920e-05 
1.012563e+01 4.607540e-03 7.756691e-02 3.616759e-01 4.636988e-01 8.097640e-02 1.133314e-02 1.413440e-04 
1.030151e+01 2.900516e-03 5.821919e-02 3.236627e-01 4.947576e-01 1.030145e-01 1.718991e-02 2.556138e-04 
1.047739e+01 1.788975e-03 4.281328e-02 2.837844e-01 5.172158e-01 1.283989e-01 2.554581e-02 4.529122e-04 
1.065327e+01 1.080807e-03 3.083939e-02 2.437245e-01 5.296219e-01 1.567613e-01 3.718611e-02 7.860650e-04 
1.082915e+01 6.392897e-04 2.174898e-02 2.049348e-01 5.309651e-01 1.873796e-01 5.299656e-02 1.335700e-03 
1.100503e+01 3.699508e-04 1.500613e-02 1.685889e-01 5.207899e-01 2.191303e-01 7.389434e-02 2.220526e-03 
1.118090e+01 2.092631e-04 1.012047e-02 1.355640e-01 4.993000e-01 2.504868e-01 1.007111e-01 3.608322e-03 
1.135678e+01 1.155840e-04 6.664835e-03 1.064429e-01 4.674306e-01 2.795914e-01 1.340292e-01 5.725470e-03 
1.153266e+01 6.227476e-05 4.281412e-03 8.152630e-02 4.268563e-01 3.044191e-01 1.739927e-01 8.861884e-03 
1.170854e+01 3.270011e-05 2.680450e-03 6.085578e-02 3.799000e-01 3.230300e-01 2.201332e-01 1.336792e-02 
1.188442e+01 1.672437e-05 1.634525e-03 4.424551e-02 3.293215e-01 3.338698e-01 2.712709e-01 1.964107e-02 
1.206030e+01 8.329798e-06 9.706437e-04 3.132715e-02 2.780067e-01 3.360437e-01 3.255407e-01 2.810287e-02 
1.223618e+01 4.041436e-06 5.614932e-04 2.160673e-02 2.286161e-01 3.294813e-01 3.805605e-01 3.916991e-02 
1.241206e+01 1.911591e-06 3.166557e-04 1.452831e-02 1.832806e-01 3.149371e-01 4.337108e-01 5.322462e-02 
1.258794e+01 8.825344e-07 1.743040e-04 9.534957e-03 1.434179e-01 2.938287e-01 4.824521e-01 7.059109e-02 
1.276382e+01 3.982801e-07 9.378811e-05 6.117058e-03 1.097010e-01 2.679693e-01 5.246002e-01 9.151823e-02 
1.293970e+01 1.759829e-07 4.940980e-05 3.842301e-03 8.215669e-02 2.392769e-01 5.585056e-01 1.161690e-01 
1.311558e+01 7.625805e-08 2.552770e-05 2.366865e-03 6.034045e-02 2.095317e-01 5.831228e-01 1.446126e-01 
1.329146e+01 3.245657e-08 1.295425e-05 1.432047e-03 4.352871e-02 1.802190e-01 5.979904e-01 1.768169e-01 
1.346734e+01 1.358695e-08 6.465692e-06 8.522042e-04 3.088486e-02 1.524592e-01 6.031577e-01 2.126395e-01 
1.364322e+01 5.601010e-09 3.177919e-06 4.994073e-04 2.157944e-02 1.270082e-01 5.990905e-01 2.518192e-01 
1.381910e+01 2.276048e-09 1.539719e-06 2.884940e-04 1.486297e-02 1.042991e-01 5.865767e-01 2.939711e-01 
1.399497e+01 9.125317e-10 7.360229e-07 1.644259e-04 1.010003e-02 8.450474e-02 5.666418e-01 3.385883e-01 
1.417085e+01 3.612408e-10 3.473950e-07 9.253074e-05 6.776755e-03 6.760265e-02 5.404739e-01 3.850539e-01 
1.434673e+01 1.412948e-10 1.620080e-07 5.144963e-05 4.492639e-03 5.343513e-02 5.093559e-01 4.326648e-01 
1.452261e+01 5.464081e-11 7.469832e-08 2.828396e-05 2.944712e-03 4.175915e-02 4.746020e-01 4.806658e-01 
1.469849e+01 2.090482e-11 3.407404e-08 1.538283e-05 1.909512e-03 3.228604e-02 4.374980e-01 5.282910e-01 
1.487437e+01 7.917624e-12 1.538705e-08 8.282314e-06 1.225805e-03 2.471138e-02 3.992471e-01 5.748074e-01 
1.505025e+01 2.970653e-12 6.883288e-09 4.417490e-06 7.795225e-04 1.873647e-02 3.609243e-01 6.195553e-01 
1.522613e+01 1.104883e-12 3.052417e-09 2.335646e-06 4.914094e-04 1.408270e-02 3.234430e-01 6.619806e-01 
1.540201e+01 4.076561e-13 1.342780e-09 1.225044e-06 3.073063e-04 1.050020e-02 2.875363e-01 7.016550e-01 
1.557789e+01 1.493116e-13 5.863918e-10 6.378491e-07 1.907749e-04 7.771965e-03 2.537520e-01 7.382846e-01 
1.575377e+01 5.432765e-14 2.543893e-10 3.299228e-07 1.176520e-04 5.714683e-03 2.224611e-01 7.717062e-01 
1.592965e+01 1.965054e-14 1.097074e-10 1.696417e-07 7.212785e-05 4.177144e-03 1.938764e-01 8.018742e-01 
1.610553e+01 7.070325e-15 4.706349e-11 8.676898e-08 4.398638e-05 3.037233e-03 1.680765e-01 8.288422e-01 
1.628141e+01 2.532119e-15 2.009613e-11 4.417496e-08 2.670013e-05 2.198147e-03 1.450338e-01 8.527413e-01 
1.645729e+01 9.031453e-16 8.546126e-12 2.239838e-08 1.614125e-05 1.584397e-03 1.246407e-01 8.737587e-01 
1.663317e+01 3.209869e-16 3.621450e-12 1.131653e-08 9.723382e-06 1.137961e-03 1.067350e-01 8.921173e-01 
1.680905e+01 1.137310e-16 1.529880e-12 5.699956e-09 5.839277e-06 8.148033e-04 9.112038e-02 9.080590e-01 
1.698492e+01 4.018976e-17 6.445808e-13 2.863354e-09 3.497406e-06 5.818663e-04 7.758350e-02 9.218311e-01 
1.716080e+01 1.416967e-17 2.709600e-13 1.435113e-09 2.089973e-06 4.145733e-04 6.590691e-02 9.336764e-01 
1.733668e+01 4.986024e-18 1.136798e-13 7.178734e-10 1.246481e-06 2.948016e-04 5.587826e-02 9.438257e-01 
1.751256e+01 1.751555e-18 4.761417e-14 3.584959e-10 7.421737e-07 2.092826e-04 4.729657e-02 9.524934e-01 
1.768844e+01 6.144350e-19 1.991461e-14 1.787735e-10 4.412737e-07 1.483607e-04 3.997597e-02 9.598752e-01 
1.786432e+01 2.152800e-19 8.319226e-15 8.904260e-11 2.620512e-07 1.050462e-04 3.374768e-02 9.661470e-01 
1.804020e+01 7.535062e-20 3.471759e-15 4.430451e-11 1.554604e-07 7.430149e-05 2.846062e-02 9.714649e-01 
1.821608e+01 2.635080e-20 1.447572e-15 2.202530e-11 9.214611e-08 5.250955e-05 2.398108e-02 9.759663e-01 
1.839196e+01 9.208373e-21 6.031322e-16 1.094152e-11 5.457785e-08 3.708183e-05 2.019180e-02 9.797711e-01 
1.856784e+01 3.215908e-21 2.511405e-16 5.432071e-12 3.230632e-08 2.617072e-05 1.699077e-02 9.829830e-01 
1.874372e+01 1.122530e-21 1.045188e-16 2.695422e-12 1.911315e-08 1.846052e-05 1.428975e-02 9.856918e-01 
1.891960e+01 3.916533e-22 4.347922e-17 1.336895e-12 1.130281e-08 1.301612e-05 1.201284e-02 9.879741e-01 
1.909548e+01 1.365982e-22 1.808042e-17 6.628381e-13 6.681591e-09 9.173994e-06 1.009499e-02 9.898958e-01 
1.927136e+01 4.762699e-23 7.516229e-18 3.285357e-13 3.948557e-09 6.463986e-06 8.480696e-03 9.915128e-01 
1.944724e+01 1.660151e-23 3.123762e-18 1.627961e-13 2.332831e-09 4.553326e-06 7.122677e-03 9.928728e-01 
1.962312e+01 5.785577e-24 1.297958e-18 8.065103e-14 1.377948e-09 3.206724e-06 5.980804e-03 9.940160e-01 
1.979899e+01 2.015884e-24 5.392160e-19 3.994806e-14 8.137704e-10 2.257950e-06 5.021063e-03 9.949767e-01 
1.997487e+01 7.022908e-25 2.239740e-19 1.978399e-14 4.805114e-10 1.589643e-06 4.214678e-03 9.957837e-01 
2.015075e+01 2.446312e-25 9.301991e-20 9.796607e-15 2.836931e-10 1.118995e-06 3.537337e-03 9.964615e-01 
2.032663e+01 8.520381e-26 3.862839e-20 4.850537e-15 1.674736e-10 7.876063e-07 2.968527e-03 9.970307e-01 
2.050251e+01 2.967334e-26 1.603974e-20 2.401398e-15 9.885626e-11 5.543070e-07 2.490953e-03 9.975085e-01 
2.067839e+01 1.033333e-26 6.659702e-21 1.188789e-15 5.834832e-11 3.900839e-07 2.090050e-03 9.979096e-01 
2.085427e+01 3.598206e-27 2.764929e-21 5.884608e-16 3.443694e-11 2.744970e-07 1.753556e-03 9.982462e-01 
2.103015e+01 1.252876e-27 1.147862e-21 2.912773e-16 2.032343e-11 1.931495e-07 1.471157e-03 9.985286e-01 
2.120603e+01 4.362250e-28 4.765137e-22 1.441703e-16 1.199361e-11 1.359032e-07 1.234181e-03 9.987657e-01 
2.138191e+01 1.518785e-28 1.978084e-22 7.135568e-17 7.077598e-12 9.562012e-08 1.035337e-03 9.989646e-01 
2.155779e+01 5.287716e-29 8.211073e-23 3.531566e-17 4.176457e-12 6.727519e-08 8.685021e-04 9.991314e-01 
2.173367e+01 1.840892e-29 3.408345e-23 1.747811e-17 2.464442e-12 4.733135e-08 7.285314e-04 9.992714e-01 
2.190955e+01 6.408828e-30 1.414742e-23 8.649910e-18 1.454184e-12 3.329914e-08 6.111050e-04 9.993889e-01 
2.208543e+01 2.231109e-30 5.872227e-24 4.280757e-18 8.580482e-13 2.342658e-08 5.125960e-04 9.994874e-01 
2.226131e+01 7.767047e-31 2.437370e-24 2.118472e-18 5.062875e-13 1.648079e-08 4.299596e-04 9.995700e-01 
2.243719e+01 2.703867e-31 1.011659e-24 1.048381e-18 2.987287e-13 1.159421e-08 3.606404e-04 9.996393e-01 
2.261307e+01 9.412606e-32 4.198966e-25 5.188125e-19 1.762592e-13 8.156419e-09 3.024936e-04 9.996975e-01 
2.278894e+01 3.276652e-32 1.742795e-25 2.567425e-19 1.039975e-13 5.737911e-09 2.537195e-04 9.997463e-01 
2.296482e+01 1.140637e-32 7.233472e-26 1.270521e-19 6.136068e-14 4.036497e-09 2.128081e-04 9.997872e-01 
2.314070e+01 3.970650e-33 3.002233e-26 6.287281e-20 3.620385e-14 2.839571e-09 1.784924e-04 9.998215e-01 
2.331658e+01 1.382208e-33 1.246062e-26 3.111298e-20 2.136077e-14 1.997553e-09 1.497093e-04 9.998503e-01 
2.349246e+01 4.811530e-34 5.171695e-27 1.539637e-20 1.260309e-14 1.405212e-09 1.255671e-04 9.998744e-01 
2.366834e+01 1.674909e-34 2.146468e-27 7.618917e-21 7.435932e-15 9.885161e-10 1.053176e-04 9.998947e-01 
2.384422e+01 5.830395e-35 8.908705e-28 3.770221e-21 4.387251e-15 6.953832e-10 8.833342e-05 9.999117e-01 
2.402010e+01 2.029567e-35 3.697460e-28 1.865689e-21 2.588501e-15 4.891741e-10 7.408798e-05 9.999259e-01 
2.419598e+01 7.064931e-36 1.534587e-28 9.232315e-22 1.527225e-15 3.441136e-10 6.213975e-05 9.999379e-01 
2.437186e+01 2.459300e-36 6.369107e-29 4.568579e-22 9.010671e-16 2.420690e-10 5.211832e-05 9.999479e-01 
2.454774e+01 8.560803e-37 2.643412e-29 2.260742e-22 5.316311e-16 1.702848e-10 4.371300e-05 9.999563e-01 
2.472362e+01 2.980004e-37 1.097111e-29 1.118717e-22 3.136629e-16 1.197877e-10 3.666319e-05 9.999633e-01 
2.489950e+01 1.037334e-37 4.553402e-30 5.535910e-23 1.850612e-16 8.426511e-11 3.075030e-05 9.999692e-01 
2.507538e+01 3.610939e-38 1.889822e-30 2.739412e-23 1.091860e-16 5.927657e-11 2.579099e-05 9.999742e-01 
2.525126e+01 1.256959e-38 7.843420e-31 1.355581e-23 6.441968e-17 4.169826e-11 2.163149e-05 9.999784e-01 
2.542714e+01 4.375443e-39 3.255290e-31 6.708000e-24 3.800754e-17 2.933274e-11 1.814281e-05 9.999819e-01 
2.560302e+01 1.523080e-39 1.351057e-31 3.319407e-24 2.242439e-17 2.063417e-11 1.521676e-05 9.999848e-01 
2.577889e+01 5.301795e-40 5.607349e-32 1.642585e-24 1.323035e-17 1.451514e-11 1.276262e-05 9.999872e-01 
2.595477e+01 1.845539e-40 2.327240e-32 8.128209e-25 7.805881e-18 1.021069e-11 1.070428e-05 9.999893e-01 
2.613065e+01 6.424261e-41 9.658834e-33 4.022183e-25 4.605453e-18 7.182720e-12 8.977897e-06 9.999910e-01 
2.630653e+01 2.236264e-41 4.008742e-33 1.990346e-25 2.717206e-18 5.052690e-12 7.529945e-06 9.999925e-01 
2.648241e+01 7.784360e-42 1.663762e-33 9.849073e-26 1.603145e-18 3.554318e-12 6.315516e-06 9.999937e-01 
2.665829e+01 2.709709e-42 6.905172e-34 4.873736e-26 9.458513e-19 2.500287e-12 5.296950e-06 9.999947e-01 
2.683417e+01 9.432403e-43 2.865878e-34 2.411729e-26 5.580497e-19 1.758828e-12 4.442657e-06 9.999956e-01 
2.701005e+01 3.283386e-43 1.189435e-34 1.193425e-26 3.292478e-19 1.237248e-12 3.726144e-06 9.999963e-01 
2.718593e+01 1.142935e-43 4.936552e-35 5.905566e-27 1.942552e-19 8.703422e-13 3.125190e-06 9.999969e-01 
2.736181e+01 3.978515e-44 2.048833e-35 2.922321e-27 1.146100e-19 6.122424e-13 2.621158e-06 9.999974e-01 
2.753769e+01 1.384907e-44 8.503341e-36 1.446087e-27 6.761957e-20 4.306819e-13 2.198416e-06 9.999978e-01 
2.771357e+01 4.820809e-45 3.529169e-36 7.155841e-28 3.989534e-20 3.029632e-13 1.843855e-06 9.999982e-01 
2.788945e+01 1.678106e-45 1.464722e-36 3.541009e-28 2.353813e-20 2.131195e-13 1.546477e-06 9.999985e-01 
2.806533e+01 5.841424e-46 6.079085e-37 1.752239e-28 1.388743e-20 1.499189e-13 1.297060e-06 9.999987e-01 
2.824121e+01 2.033378e-46 2.523022e-37 8.670808e-29 8.193538e-21 1.054604e-13 1.087869e-06 9.999989e-01 
2.841709e+01 7.078113e-47 1.047138e-37 4.290677e-29 4.834162e-21 7.418613e-14 9.124168e-07 9.999991e-01 
2.859296e+01 2.463865e-47 4.345969e-38 2.123206e-29 2.852140e-21 5.218622e-14 7.652615e-07 9.999992e-01 
2.876884e+01 8.576620e-48 1.803721e-38 1.050651e-29 1.682754e-21 3.671039e-14 6.418395e-07 9.999994e-01 
2.894472e+01 2.985489e-48 7.486041e-39 5.199057e-30 9.928195e-22 2.582392e-14 5.383232e-07 9.999995e-01 
2.912060e+01 1.039238e-48 3.106955e-39 2.572710e-30 5.857604e-22 1.816583e-14 4.515020e-07 9.999995e-01 
2.929648e+01 3.617547e-49 1.289489e-39 1.273084e-30 3.455968e-22 1.277875e-14 3.786834e-07 9.999996e-01 
2.947236e+01 1.259254e-49 5.351808e-40 6.299749e-31 2.039010e-22 8.989210e-15 3.176090e-07 9.999997e-01 
2.964824e+01 4.383417e-50 2.221178e-40 3.117378e-31 1.203009e-22 6.323458e-15 2.663848e-07 9.999997e-01 
2.982412e+01 1.525851e-50 9.218623e-41 1.542608e-31 7.097717e-23 4.448235e-15 2.234220e-07 9.999998e-01 
3.000000e+01 5.311429e-51 3.826034e-41 7.633468e-32 4.187630e-23 3.129110e-15 1.873883e-07 9.999998e-01 
