#E                   6            7            8 
-5.000000e+00 9.999999e-01 1.319762e-07 3.740959e-15 
-4.824121e+00 9.999998e-01 1.573545e-07 5.318018e-15 
-4.648241e+00 9.999998e-01 1.876129e-07 7.559911e-15 
-4.472362e+00 9.999998e-01 2.236897e-07 1.074691e-14 
-4.296482e+00 9.999997e-01 2.667040e-07 1.527744e-14 
-4.120603e+00 9.999997e-01 3.179896e-07 2.171788e-14 
-3.944724e+00 9.999996e-01 3.791371e-07 3.087338e-14 
-3.768844e+00 9.999995e-01 4.520430e-07 4.388854e-14 
-3.592965e+00 9.999995e-01 5.389682e-07 6.239043e-14 
-3.417085e+00 9.999994e-01 6.426087e-07 8.869207e-14 
-3.241206e+00 9.999992e-01 7.661785e-07 1.260816e-13 
-3.065327e+00 9.999991e-01 9.135101e-07 1.792332e-13 
-2.889447e+00 9.999989e-01 1.089173e-06 2.547917e-13 
-2.713568e+00 9.999987e-01 1.298614e-06 3.622031e-13 
-2.537688e+00 9.999985e-01 1.548330e-06 5.148953e-13 
-2.361809e+00 9.999982e-01 1.846064e-06 7.319572e-13 
-2.185930e+00 9.999978e-01 2.201051e-06 1.040525e-12 
-2.010050e+00 9.999974e-01 2.624299e-06 1.479174e-12 
-1.834171e+00 9.999969e-01 3.128935e-06 2.102741e-12 
-1.658291e+00 9.999963e-01 3.730609e-06 2.989183e-12 
-1.482412e+00 9.999956e-01 4.447981e-06 4.249317e-12 
-1.306533e+00 9.999947e-01 5.303297e-06 6.040677e-12 
-1.130653e+00 9.999937e-01 6.323084e-06 8.587210e-12 
-9.547739e-01 9.999925e-01 7.538968e-06 1.220727e-11 
-7.788945e-01 9.999910e-01 8.988655e-06 1.735341e-11 
-6.030151e-01 9.999893e-01 1.071710e-05 2.466896e-11 
-4.271357e-01 9.999872e-01 1.277791e-05 3.506848e-11 
-2.512563e-01 9.999848e-01 1.523500e-05 4.985202e-11 
-7.537688e-02 9.999818e-01 1.816455e-05 7.086770e-11 
1.005025e-01 9.999783e-01 2.165741e-05 1.007427e-10 
2.763819e-01 9.999742e-01 2.582190e-05 1.432118e-10 
4.522613e-01 9.999692e-01 3.078715e-05 2.035840e-10 
6.281407e-01 9.999633e-01 3.670712e-05 2.894063e-10 
8.040201e-01 9.999562e-01 4.376538e-05 4.114071e-10 
9.798995e-01 9.999478e-01 5.218077e-05 5.848372e-10 
1.155779e+00 9.999378e-01 6.221421e-05 8.313761e-10 
1.331658e+00 9.999258e-01 7.417676e-05 1.181842e-09 
1.507538e+00 9.999116e-01 8.843926e-05 1.680041e-09 
1.683417e+00 9.998946e-01 1.054438e-04 2.388248e-09 
1.859296e+00 9.998743e-01 1.257175e-04 3.394983e-09 
2.035176e+00 9.998501e-01 1.498887e-04 4.826074e-09 
2.211055e+00 9.998213e-01 1.787062e-04 6.860383e-09 
2.386935e+00 9.997869e-01 2.130631e-04 9.752149e-09 
2.562814e+00 9.997460e-01 2.540235e-04 1.386275e-08 
2.738693e+00 9.996971e-01 3.028559e-04 1.970585e-08 
2.914573e+00 9.996389e-01 3.610724e-04 2.801152e-08 
3.090452e+00 9.995695e-01 4.304746e-04 3.981745e-08 
3.266332e+00 9.994867e-01 5.132099e-04 5.659844e-08 
3.442211e+00 9.993881e-01 6.118369e-04 8.045045e-08 
3.618090e+00 9.992705e-01 7.294037e-04 1.143521e-07 
3.793970e+00 9.991303e-01 8.695419e-04 1.625363e-07 
3.969849e+00 9.989632e-01 1.036576e-03 2.310173e-07 
4.145729e+00 9.987640e-01 1.235658e-03 3.283408e-07 
4.321608e+00 9.985266e-01 1.472917e-03 4.666470e-07 
4.497487e+00 9.982437e-01 1.755653e-03 6.631813e-07 
4.673367e+00 9.979065e-01 2.092548e-03 9.424374e-07 
4.849246e+00 9.975047e-01 2.493929e-03 1.339197e-06 
5.025126e+00 9.970260e-01 2.972070e-03 1.902843e-06 
5.201005e+00 9.964557e-01 3.541555e-03 2.703469e-06 
5.376884e+00 9.957765e-01 4.219697e-03 3.840538e-06 
5.552764e+00 9.949675e-01 5.027034e-03 5.455142e-06 
5.728643e+00 9.940044e-01 5.987901e-03 7.747335e-06 
5.904523e+00 9.928579e-01 7.131106e-03 1.100064e-05 
6.080402e+00 9.914937e-01 8.490694e-03 1.561665e-05 
6.256281e+00 9.898710e-01 1.010684e-02 2.216376e-05 
6.432161e+00 9.879417e-01 1.202684e-02 3.144582e-05 
6.608040e+00 9.856491e-01 1.430625e-02 4.459857e-05 
6.783920e+00 9.829266e-01 1.701015e-02 6.322467e-05 
6.959799e+00 9.796960e-01 2.021445e-02 8.958261e-05 
7.135678e+00 9.758658e-01 2.400734e-02 1.268497e-04 
7.311558e+00 9.713297e-01 2.849076e-02 1.794869e-04 
7.487437e+00 9.659645e-01 3.378174e-02 2.537431e-04 
7.663317e+00 9.596281e-01 4.001357e-02 3.583463e-04 
7.839196e+00 9.521580e-01 4.733657e-02 5.054473e-04 
8.015075e+00 9.433699e-01 5.591821e-02 7.118948e-04 
8.190955e+00 9.330570e-01 6.594211e-02 1.000942e-03 
8.366834e+00 9.209899e-01 7.760559e-02 1.404502e-03 
8.542714e+00 9.069189e-01 9.111503e-02 1.966088e-03 
8.718593e+00 8.905770e-01 1.066784e-01 2.744561e-03 
8.894472e+00 8.716870e-01 1.244942e-01 3.818817e-03 
9.070352e+00 8.499708e-01 1.447358e-01 5.293455e-03 
9.246231e+00 8.251635e-01 1.675311e-01 7.305369e-03 
9.422111e+00 7.970323e-01 1.929367e-01 1.003102e-02 
9.597990e+00 7.653989e-01 2.209073e-01 1.369379e-02 
9.773869e+00 7.301668e-01 2.512626e-01 1.857056e-02 
9.949749e+00 6.913509e-01 2.836532e-01 2.499587e-02 
1.012563e+01 6.491056e-01 3.175324e-01 3.336199e-02 
1.030151e+01 6.037496e-01 3.521380e-01 4.411237e-02 
1.047739e+01 5.557800e-01 3.864937e-01 5.772625e-02 
1.065327e+01 5.058727e-01 4.194346e-01 7.469277e-02 
1.082915e+01 4.548631e-01 4.496630e-01 9.547396e-02 
1.100503e+01 4.037069e-01 4.758346e-01 1.204585e-01 
1.118090e+01 3.534216e-01 4.966682e-01 1.499102e-01 
1.135678e+01 3.050147e-01 5.110667e-01 1.839186e-01 
1.153266e+01 2.594084e-01 5.182320e-01 2.223596e-01 
1.170854e+01 2.173706e-01 5.177552e-01 2.648742e-01 
1.188442e+01 1.794637e-01 5.096638e-01 3.108725e-01 
1.206030e+01 1.460172e-01 4.944184e-01 3.595644e-01 
1.223618e+01 1.171273e-01 4.728596e-01 4.100130e-01 
1.241206e+01 9.268047e-02 4.461139e-01 4.612056e-01 
1.258794e+01 7.239454e-02 4.154768e-01 5.121287e-01 
1.276382e+01 5.586905e-02 3.822924e-01 5.618385e-01 
1.293970e+01 4.263627e-02 3.478460e-01 6.095177e-01 
1.311558e+01 3.220650e-02 3.132816e-01 6.545119e-01 
1.329146e+01 2.410374e-02 2.795498e-01 6.963464e-01 
1.346734e+01 1.789025e-02 2.473857e-01 7.347240e-01 
1.364322e+01 1.318071e-02 2.173104e-01 7.695089e-01 
1.381910e+01 9.647818e-03 1.896506e-01 8.007016e-01 
1.399497e+01 7.021615e-03 1.645681e-01 8.284103e-01 
1.417085e+01 5.084903e-03 1.420937e-01 8.528214e-01 
1.434673e+01 3.666529e-03 1.221604e-01 8.741730e-01 
1.452261e+01 2.633978e-03 1.046336e-01 8.927325e-01 
1.469849e+01 1.886174e-03 8.933553e-02 9.087783e-01 
1.487437e+01 1.346990e-03 7.606593e-02 9.225871e-01 
1.505025e+01 9.596967e-04 6.461647e-02 9.344238e-01 
1.522613e+01 6.824042e-04 5.478156e-02 9.445360e-01 
1.540201e+01 4.844150e-04 4.636538e-02 9.531502e-01 
1.557789e+01 3.433787e-04 3.918619e-02 9.604704e-01 
1.575377e+01 2.431109e-04 3.307863e-02 9.666783e-01 
1.592965e+01 1.719460e-04 2.789451e-02 9.719335e-01 
1.610553e+01 1.215082e-04 2.350259e-02 9.763759e-01 
1.628141e+01 8.580327e-05 1.978779e-02 9.801264e-01 
1.645729e+01 6.055308e-05 1.664996e-02 9.832895e-01 
1.663317e+01 4.271151e-05 1.400249e-02 9.859548e-01 
1.680905e+01 3.011379e-05 1.177089e-02 9.881990e-01 
1.698492e+01 2.122402e-05 9.891336e-03 9.900874e-01 
1.716080e+01 1.495398e-05 8.309360e-03 9.916757e-01 
1.733668e+01 1.053354e-05 6.978603e-03 9.930109e-01 
1.751256e+01 7.418189e-06 5.859701e-03 9.941329e-01 
1.768844e+01 5.223271e-06 4.919303e-03 9.950755e-01 
1.786432e+01 3.677232e-06 4.129196e-03 9.958671e-01 
1.804020e+01 2.588475e-06 3.465548e-03 9.965319e-01 
1.821608e+01 1.821882e-06 2.908249e-03 9.970899e-01 
1.839196e+01 1.282204e-06 2.440350e-03 9.975584e-01 
1.856784e+01 9.023218e-07 2.047575e-03 9.979515e-01 
1.874372e+01 6.349479e-07 1.717908e-03 9.982815e-01 
1.891960e+01 4.467779e-07 1.441242e-03 9.985583e-01 
1.909548e+01 3.143589e-07 1.209078e-03 9.987906e-01 
1.927136e+01 2.211788e-07 1.014275e-03 9.989855e-01 
1.944724e+01 1.556137e-07 8.508310e-04 9.991490e-01 
1.962312e+01 1.094814e-07 7.137062e-04 9.992862e-01 
1.979899e+01 7.702356e-08 5.986680e-04 9.994013e-01 
1.997487e+01 5.418744e-08 5.021628e-04 9.994978e-01 
2.015075e+01 3.812123e-08 4.212077e-04 9.995788e-01 
2.032663e+01 2.681819e-08 3.532989e-04 9.996467e-01 
2.050251e+01 1.886633e-08 2.963355e-04 9.997036e-01 
2.067839e+01 1.327215e-08 2.485541e-04 9.997514e-01 
2.085427e+01 9.336664e-09 2.084754e-04 9.997915e-01 
2.103015e+01 6.568095e-09 1.748582e-04 9.998251e-01 
2.120603e+01 4.620455e-09 1.466611e-04 9.998533e-01 
2.138191e+01 3.250335e-09 1.230104e-04 9.998770e-01 
2.155779e+01 2.286493e-09 1.031732e-04 9.998968e-01 
2.173367e+01 1.608460e-09 8.653476e-05 9.999135e-01 
2.190955e+01 1.131486e-09 7.257937e-05 9.999274e-01 
2.208543e+01 7.959532e-10 6.087442e-05 9.999391e-01 
2.226131e+01 5.599186e-10 5.105704e-05 9.999489e-01 
2.243719e+01 3.938778e-10 4.282287e-05 9.999572e-01 
2.261307e+01 2.770752e-10 3.591661e-05 9.999641e-01 
2.278894e+01 1.949096e-10 3.012412e-05 9.999699e-01 
2.296482e+01 1.371098e-10 2.526580e-05 9.999747e-01 
2.314070e+01 9.645024e-11 2.119100e-05 9.999788e-01 
2.331658e+01 6.784813e-11 1.777335e-05 9.999822e-01 
2.349246e+01 4.772789e-11 1.490690e-05 9.999851e-01 
2.366834e+01 3.357426e-11 1.250273e-05 9.999875e-01 
2.384422e+01 2.361785e-11 1.048630e-05 9.999895e-01 
2.402010e+01 1.661400e-11 8.795074e-06 9.999912e-01 
2.419598e+01 1.168713e-11 7.376607e-06 9.999926e-01 
2.437186e+01 8.221319e-12 6.186909e-06 9.999938e-01 
2.454774e+01 5.783291e-12 5.189084e-06 9.999948e-01 
2.472362e+01 4.068258e-12 4.352188e-06 9.999956e-01 
2.489950e+01 2.861817e-12 3.650266e-06 9.999963e-01 
2.507538e+01 2.013146e-12 3.061549e-06 9.999969e-01 
2.525126e+01 1.416148e-12 2.567781e-06 9.999974e-01 
2.542714e+01 9.961893e-13 2.153648e-06 9.999978e-01 
2.560302e+01 7.007694e-13 1.806307e-06 9.999982e-01 
2.577889e+01 4.929562e-13 1.514984e-06 9.999985e-01 
2.595477e+01 3.467700e-13 1.270647e-06 9.999987e-01 
2.613065e+01 2.439353e-13 1.065716e-06 9.999989e-01 
2.630653e+01 1.715963e-13 8.938364e-07 9.999991e-01 
2.648241e+01 1.207094e-13 7.496778e-07 9.999993e-01 
2.665829e+01 8.491300e-14 6.287692e-07 9.999994e-01 
2.683417e+01 5.973204e-14 5.273608e-07 9.999995e-01 
2.701005e+01 4.201849e-14 4.423076e-07 9.999996e-01 
2.718593e+01 2.955790e-14 3.709719e-07 9.999996e-01 
2.736181e+01 2.079250e-14 3.111413e-07 9.999997e-01 
2.753769e+01 1.462648e-14 2.609601e-07 9.999997e-01 
2.771357e+01 1.028899e-14 2.188723e-07 9.999998e-01 
2.788945e+01 7.237791e-15 1.835724e-07 9.999998e-01 
2.806533e+01 5.091423e-15 1.539657e-07 9.999998e-01 
2.824121e+01 3.581560e-15 1.291339e-07 9.999999e-01 
2.841709e+01 2.519448e-15 1.083071e-07 9.999999e-01 
2.859296e+01 1.772305e-15 9.083925e-08 9.999999e-01 
2.876884e+01 1.246728e-15 7.618862e-08 9.999999e-01 
2.894472e+01 8.770103e-16 6.390085e-08 9.999999e-01 
2.912060e+01 6.169327e-16 5.359487e-08 9.999999e-01 
2.929648e+01 4.339812e-16 4.495104e-08 1.000000e+00 
2.947236e+01 3.052840e-16 3.770130e-08 1.000000e+00 
2.964824e+01 2.147519e-16 3.162080e-08 1.000000e+00 
2.982412e+01 1.510672e-16 2.652097e-08 1.000000e+00 
3.000000e+01 1.062682e-16 2.224364e-08 1.000000e+00 
