#E                   2            3            4            5            6 
-5.000000e+00 1.000000e+00 3.636590e-09 3.091679e-18 2.153567e-32 3.281453e-47 
-4.824121e+00 1.000000e+00 4.335886e-09 4.395025e-18 3.650133e-32 6.631320e-47 
-4.648241e+00 1.000000e+00 5.169652e-09 6.247816e-18 6.186700e-32 1.340090e-46 
-4.472362e+00 1.000000e+00 6.163746e-09 8.881681e-18 1.048599e-31 2.708118e-46 
-4.296482e+00 1.000000e+00 7.348999e-09 1.262589e-17 1.777296e-31 5.472697e-46 
-4.120603e+00 1.000000e+00 8.762169e-09 1.794853e-17 3.012383e-31 1.105949e-45 
-3.944724e+00 1.000000e+00 1.044708e-08 2.551502e-17 5.105761e-31 2.234956e-45 
-3.768844e+00 1.000000e+00 1.245600e-08 3.627127e-17 8.653880e-31 4.516509e-45 
-3.592965e+00 1.000000e+00 1.485121e-08 5.156199e-17 1.466767e-30 9.127181e-45 
-3.417085e+00 1.000000e+00 1.770702e-08 7.329875e-17 2.486060e-30 1.844465e-44 
-3.241206e+00 1.000000e+00 2.111198e-08 1.041990e-16 4.213683e-30 3.727385e-44 
-3.065327e+00 1.000000e+00 2.517169e-08 1.481257e-16 7.141875e-30 7.532481e-44 
-2.889447e+00 1.000000e+00 3.001206e-08 2.105704e-16 1.210494e-29 1.522201e-43 
-2.713568e+00 1.000000e+00 3.578320e-08 2.993396e-16 2.051696e-29 3.076137e-43 
-2.537688e+00 1.000000e+00 4.266411e-08 4.255309e-16 3.477469e-29 6.216407e-43 
-2.361809e+00 9.999999e-01 5.086817e-08 6.049200e-16 5.894048e-29 1.256242e-42 
-2.185930e+00 9.999999e-01 6.064983e-08 8.599335e-16 9.989966e-29 2.538675e-42 
-2.010050e+00 9.999999e-01 7.231244e-08 1.222452e-15 1.693224e-28 5.130278e-42 
-1.834171e+00 9.999999e-01 8.621771e-08 1.737795e-15 2.869886e-28 1.036752e-41 
-1.658291e+00 9.999999e-01 1.027969e-07 2.470390e-15 4.864241e-28 2.095118e-41 
-1.482412e+00 9.999999e-01 1.225641e-07 3.511822e-15 8.244521e-28 4.233916e-41 
-1.306533e+00 9.999999e-01 1.461325e-07 4.992285e-15 1.397384e-27 8.556104e-41 
-1.130653e+00 9.999998e-01 1.742329e-07 7.096860e-15 2.368460e-27 1.729059e-40 
-9.547739e-01 9.999998e-01 2.077369e-07 1.008865e-14 4.014361e-27 3.494167e-40 
-7.788945e-01 9.999998e-01 2.476835e-07 1.434168e-14 6.804039e-27 7.061183e-40 
-6.030151e-01 9.999997e-01 2.953116e-07 2.038764e-14 1.153233e-26 1.426958e-39 
-4.271357e-01 9.999996e-01 3.520983e-07 2.898236e-14 1.954643e-26 2.883666e-39 
-2.512563e-01 9.999996e-01 4.198048e-07 4.120033e-14 3.312972e-26 5.827453e-39 
-7.537688e-02 9.999995e-01 5.005308e-07 5.856896e-14 5.615237e-26 1.177640e-38 
1.005025e-01 9.999994e-01 5.967799e-07 8.325961e-14 9.517402e-26 2.379832e-38 
2.763819e-01 9.999993e-01 7.115372e-07 1.183590e-13 1.613128e-25 4.809280e-38 
4.522613e-01 9.999992e-01 8.483616e-07 1.682550e-13 2.734129e-25 9.718826e-38 
6.281407e-01 9.999990e-01 1.011497e-06 2.391855e-13 4.634141e-25 1.964027e-37 
8.040201e-01 9.999988e-01 1.206001e-06 3.400179e-13 7.854518e-25 3.969002e-37 
9.798995e-01 9.999986e-01 1.437908e-06 4.833576e-13 1.331281e-24 8.020750e-37 
1.155779e+00 9.999983e-01 1.714409e-06 6.871243e-13 2.256421e-24 1.620872e-36 
1.331658e+00 9.999980e-01 2.044079e-06 9.767920e-13 3.824461e-24 3.275536e-36 
1.507538e+00 9.999976e-01 2.437143e-06 1.388573e-12 6.482170e-24 6.619360e-36 
1.683417e+00 9.999971e-01 2.905790e-06 1.973947e-12 1.098678e-23 1.337672e-35 
1.859296e+00 9.999965e-01 3.464555e-06 2.806094e-12 1.862176e-23 2.703231e-35 
2.035176e+00 9.999959e-01 4.130767e-06 3.989044e-12 3.156245e-23 5.462817e-35 
2.211055e+00 9.999951e-01 4.925085e-06 5.670683e-12 5.349593e-23 1.103952e-34 
2.386935e+00 9.999941e-01 5.872145e-06 8.061240e-12 9.067148e-23 2.230918e-34 
2.562814e+00 9.999930e-01 7.001317e-06 1.145957e-11 1.536811e-22 4.508342e-34 
2.738693e+00 9.999917e-01 8.347619e-06 1.629051e-11 2.604776e-22 9.110664e-34 
2.914573e+00 9.999900e-01 9.952802e-06 2.315799e-11 4.414891e-22 1.841125e-33 
3.090452e+00 9.999881e-01 1.186665e-05 3.292053e-11 7.482893e-22 3.720627e-33 
3.266332e+00 9.999859e-01 1.414850e-05 4.679859e-11 1.268291e-21 7.518807e-33 
3.442211e+00 9.999831e-01 1.686913e-05 6.652708e-11 2.149652e-21 1.519433e-32 
3.618090e+00 9.999799e-01 2.011290e-05 9.457230e-11 3.643485e-21 3.070534e-32 
3.793970e+00 9.999760e-01 2.398041e-05 1.344402e-10 6.175409e-21 6.205062e-32 
3.969849e+00 9.999714e-01 2.859157e-05 1.911147e-10 1.046680e-20 1.253943e-31 
4.145729e+00 9.999659e-01 3.408938e-05 2.716806e-10 1.774034e-20 2.534016e-31 
4.321608e+00 9.999594e-01 4.064430e-05 3.862092e-10 3.006834e-20 5.120829e-31 
4.497487e+00 9.999515e-01 4.845959e-05 5.490175e-10 5.096318e-20 1.034834e-30 
4.673367e+00 9.999422e-01 5.777755e-05 7.804571e-10 8.637793e-20 2.091224e-30 
4.849246e+00 9.999311e-01 6.888708e-05 1.109459e-09 1.464024e-19 4.225999e-30 
5.025126e+00 9.999179e-01 8.213258e-05 1.577147e-09 2.481378e-19 8.539993e-30 
5.201005e+00 9.999021e-01 9.792465e-05 2.241983e-09 4.205682e-19 1.725776e-29 
5.376884e+00 9.998832e-01 1.167528e-04 3.187066e-09 7.128179e-19 3.487467e-29 
5.552764e+00 9.998608e-01 1.392006e-04 4.530521e-09 1.208145e-18 7.047484e-29 
5.728643e+00 9.998340e-01 1.659636e-04 6.440261e-09 2.047660e-18 1.424152e-28 
5.904523e+00 9.998021e-01 1.978711e-04 9.154961e-09 3.470519e-18 2.877904e-28 
6.080402e+00 9.997641e-01 2.359116e-04 1.301388e-08 5.882044e-18 5.815587e-28 
6.256281e+00 9.997187e-01 2.812633e-04 1.849925e-08 9.969168e-18 1.175189e-27 
6.432161e+00 9.996646e-01 3.353305e-04 2.629647e-08 1.689607e-17 2.374750e-27 
6.608040e+00 9.996002e-01 3.997869e-04 3.737975e-08 2.863572e-17 4.798702e-27 
6.783920e+00 9.995233e-01 4.766269e-04 5.313368e-08 4.853165e-17 9.696704e-27 
6.959799e+00 9.994317e-01 5.682274e-04 7.552609e-08 8.224994e-17 1.959378e-26 
7.135678e+00 9.993225e-01 6.774203e-04 1.073536e-07 1.393922e-16 3.959173e-26 
7.311558e+00 9.991923e-01 8.075791e-04 1.525902e-07 2.362285e-16 7.999848e-26 
7.487437e+00 9.990371e-01 9.627223e-04 2.168833e-07 4.003273e-16 1.616397e-25 
7.663317e+00 9.988521e-01 1.147636e-03 3.082568e-07 6.783988e-16 3.265889e-25 
7.839196e+00 9.986315e-01 1.368017e-03 4.381105e-07 1.149581e-15 6.598411e-25 
8.015075e+00 9.983687e-01 1.630650e-03 6.226389e-07 1.947940e-15 1.333088e-24 
8.190955e+00 9.980555e-01 1.943605e-03 8.848444e-07 3.300576e-15 2.693124e-24 
8.366834e+00 9.976823e-01 2.316482e-03 1.257394e-06 5.592134e-15 5.440361e-24 
8.542714e+00 9.972375e-01 2.760697e-03 1.786671e-06 9.474020e-15 1.098925e-23 
8.718593e+00 9.967076e-01 3.289814e-03 2.538521e-06 1.604922e-14 2.219580e-23 
8.894472e+00 9.960765e-01 3.919943e-03 3.606388e-06 2.718498e-14 4.482596e-23 
9.070352e+00 9.953247e-01 4.670198e-03 5.122848e-06 4.604172e-14 9.051811e-23 
9.246231e+00 9.944295e-01 5.563242e-03 7.275915e-06 7.796705e-14 1.827589e-22 
9.422111e+00 9.933638e-01 6.625913e-03 1.033211e-05 1.320066e-13 3.689323e-22 
9.597990e+00 9.920954e-01 7.889951e-03 1.466901e-05 2.234556e-13 7.446043e-22 
9.773869e+00 9.905863e-01 9.392834e-03 2.082124e-05 3.781643e-13 1.502444e-21 
9.949749e+00 9.887917e-01 1.117873e-02 2.954514e-05 6.397987e-13 3.030711e-21 
1.012563e+01 9.866585e-01 1.329958e-02 4.190974e-05 1.082071e-12 6.111396e-21 
1.030151e+01 9.841243e-01 1.581629e-02 5.942442e-05 1.829318e-12 1.231849e-20 
1.047739e+01 9.811158e-01 1.880002e-02 8.421747e-05 3.091077e-12 2.481769e-20 
1.065327e+01 9.775471e-01 2.233363e-02 1.192852e-04 5.220086e-12 4.997038e-20 
1.082915e+01 9.733181e-01 2.651306e-02 1.688381e-04 8.809375e-12 1.005457e-19 
1.100503e+01 9.683124e-01 3.144879e-02 2.387801e-04 1.485444e-11 2.021427e-19 
1.118090e+01 9.623955e-01 3.726709e-02 3.373674e-04 2.502330e-11 4.060037e-19 
1.135678e+01 9.554129e-01 4.411096e-02 4.761103e-04 4.210488e-11 8.145192e-19 
1.153266e+01 9.471885e-01 5.214051e-02 6.709957e-04 7.075028e-11 1.631851e-18 
1.170854e+01 9.375234e-01 6.153248e-02 9.441312e-04 1.186927e-10 3.264073e-18 
1.188442e+01 9.261957e-01 7.247838e-02 1.325928e-03 1.987445e-10 6.516499e-18 
1.206030e+01 9.129613e-01 8.518077e-02 1.857960e-03 3.320436e-10 1.298069e-17 
1.223618e+01 8.975565e-01 9.984686e-02 2.596646e-03 5.532927e-10 2.578939e-17 
1.241206e+01 8.797032e-01 1.166789e-01 3.617879e-03 9.191358e-10 5.107980e-17 
1.258794e+01 8.591172e-01 1.358601e-01 5.022699e-03 1.521410e-09 1.008090e-16 
1.276382e+01 8.355200e-01 1.575360e-01 6.943981e-03 2.507847e-09 1.981242e-16 
1.293970e+01 8.086560e-01 1.817901e-01 9.553937e-03 4.113944e-09 3.875058e-16 
1.311558e+01 7.783136e-01 2.086145e-01 1.307194e-02 6.711190e-09 7.537075e-16 
1.329146e+01 7.443517e-01 2.378765e-01 1.777177e-02 1.087861e-08 1.456667e-15 
1.346734e+01 7.067295e-01 2.692837e-01 2.398681e-02 1.750648e-08 2.794918e-15 
1.364322e+01 6.655369e-01 3.023517e-01 3.211133e-02 2.794269e-08 5.318900e-15 
1.381910e+01 6.210235e-01 3.363812e-01 4.259525e-02 4.419309e-08 1.002978e-14 
1.399497e+01 5.736191e-01 3.704510e-01 5.592984e-02 6.918633e-08 1.872151e-14 
1.417085e+01 5.239422e-01 4.034354e-01 7.262234e-02 1.071101e-07 3.455687e-14 
1.434673e+01 4.727895e-01 4.340521e-01 9.315831e-02 1.638193e-07 6.301627e-14 
1.452261e+01 4.211039e-01 4.609425e-01 1.179533e-01 2.473074e-07 1.134248e-13 
1.469849e+01 3.699210e-01 4.827807e-01 1.472979e-01 3.682197e-07 2.013546e-13 
1.487437e+01 3.202968e-01 4.983988e-01 1.813039e-01 5.403822e-07 3.523213e-13 
1.505025e+01 2.732276e-01 5.069118e-01 2.198599e-01 7.813099e-07 6.073579e-13 
1.522613e+01 2.295717e-01 5.078199e-01 2.626073e-01 1.112673e-06 1.031270e-12 
1.540201e+01 1.899865e-01 5.010691e-01 3.089428e-01 1.560711e-06 1.724688e-12 
1.557789e+01 1.548896e-01 4.870577e-01 3.580505e-01 2.156612e-06 2.841474e-12 
1.575377e+01 1.244491e-01 4.665879e-01 4.089600e-01 2.936920e-06 4.613677e-12 
1.592965e+01 9.860264e-02 4.407716e-01 4.606218e-01 3.944020e-06 7.387163e-12 
1.610553e+01 7.709698e-02 4.109093e-01 5.119885e-01 5.226829e-06 1.167240e-11 
1.628141e+01 5.954098e-02 3.783624e-01 5.620898e-01 6.841751e-06 1.821683e-11 
1.645729e+01 4.546087e-02 3.444397e-01 6.100906e-01 8.853997e-06 2.810789e-11 
1.663317e+01 3.435071e-02 3.103092e-01 6.553288e-01 1.133934e-05 4.292004e-11 
1.680905e+01 2.571271e-02 2.769429e-01 6.973300e-01 1.438634e-05 6.492412e-11 
1.698492e+01 1.908555e-02 2.450927e-01 7.358036e-01 1.809911e-05 9.738601e-11 
1.716080e+01 1.406107e-02 2.152919e-01 7.706244e-01 2.260068e-05 1.449921e-10 
1.733668e+01 1.029147e-02 1.878756e-01 8.018049e-01 2.803696e-05 2.144555e-10 
1.751256e+01 7.489282e-03 1.630108e-01 8.294653e-01 3.458151e-05 3.153796e-10 
1.768844e+01 5.422913e-03 1.407318e-01 8.538028e-01 4.244111e-05 4.614874e-10 
1.786432e+01 3.909743e-03 1.209738e-01 8.750646e-01 5.186242e-05 6.723715e-10 
1.804020e+01 2.808329e-03 1.036035e-01 8.935250e-01 6.313974e-05 9.759842e-10 
1.821608e+01 2.010767e-03 8.844468e-02 9.094679e-01 7.662437e-05 1.412181e-09 
1.839196e+01 1.435789e-03 7.529812e-02 9.231734e-01 9.273555e-05 2.037760e-09 
1.856784e+01 1.022844e-03 6.395676e-02 9.349084e-01 1.119736e-04 2.933633e-09 
1.874372e+01 7.272260e-04 5.421628e-02 9.449216e-01 1.349353e-04 4.215018e-09 
1.891960e+01 5.161784e-04 4.588213e-02 9.534394e-01 1.623328e-04 6.045938e-09 
1.909548e+01 3.658574e-04 3.877387e-02 9.606652e-01 1.950154e-04 8.659834e-09 
1.927136e+01 2.590004e-04 3.272737e-02 9.667796e-01 2.339956e-04 1.238888e-08 
1.944724e+01 1.831664e-04 2.759561e-02 9.719407e-01 2.804810e-04 1.770562e-08 
1.962312e+01 1.294244e-04 2.324844e-02 9.762862e-01 3.359111e-04 2.528223e-08 
1.979899e+01 9.138384e-05 1.957178e-02 9.799348e-01 4.020016e-04 3.607466e-08 
1.997487e+01 6.448425e-05 1.646638e-02 9.829883e-01 4.807977e-04 5.144230e-08 
2.015075e+01 4.547887e-05 1.384642e-02 9.855333e-01 5.747365e-04 7.331793e-08 
2.032663e+01 3.206059e-05 1.163812e-02 9.876430e-01 6.867220e-04 1.044494e-07 
2.050251e+01 2.259265e-05 9.778270e-03 9.893788e-01 8.202136e-04 1.487426e-07 
2.067839e+01 1.591549e-05 8.212934e-03 9.907916e-01 9.793325e-04 2.117493e-07 
2.085427e+01 1.120854e-05 6.896212e-03 9.919233e-01 1.168986e-03 3.013593e-07 
2.103015e+01 7.891670e-06 5.789141e-03 9.928075e-01 1.395018e-03 4.287839e-07 
2.120603e+01 5.555102e-06 4.858707e-03 9.934707e-01 1.664383e-03 6.099516e-07 
2.138191e+01 3.909553e-06 4.076986e-03 9.939329e-01 1.985357e-03 8.674896e-07 
2.155779e+01 2.750935e-06 3.420392e-03 9.942078e-01 2.367785e-03 1.233535e-06 
2.173367e+01 1.935332e-06 2.869026e-03 9.943039e-01 2.823369e-03 1.753720e-06 
2.190955e+01 1.361299e-06 2.406113e-03 9.942240e-01 3.366017e-03 2.492827e-06 
2.208543e+01 9.573569e-07 2.017529e-03 9.939657e-01 4.012240e-03 3.542797e-06 
2.226131e+01 6.731514e-07 1.691384e-03 9.935213e-01 4.781631e-03 5.034066e-06 
2.243719e+01 4.732212e-07 1.417676e-03 9.928773e-01 5.697416e-03 7.151617e-06 
2.261307e+01 3.325981e-07 1.187999e-03 9.920144e-01 6.787093e-03 1.015766e-05 
2.278894e+01 2.337048e-07 9.952849e-04 9.909069e-01 8.083178e-03 1.442365e-05 
2.296482e+01 1.641698e-07 8.335976e-04 9.895217e-01 9.624054e-03 2.047551e-05 
2.314070e+01 1.152864e-07 6.979504e-04 9.878179e-01 1.145495e-02 2.905716e-05 
2.331658e+01 8.092803e-08 5.841563e-04 9.857455e-01 1.362901e-02 4.122000e-05 
2.349246e+01 5.678435e-08 4.886998e-04 9.832442e-01 1.620856e-02 5.844824e-05 
2.366834e+01 3.982297e-08 4.086304e-04 9.802421e-01 1.926637e-02 8.283432e-05 
2.384422e+01 2.791092e-08 3.414716e-04 9.766541e-01 2.288710e-02 1.173234e-04 
2.402010e+01 1.954801e-08 2.851455e-04 9.723800e-01 2.716874e-02 1.660530e-04 
2.419598e+01 1.367925e-08 2.379083e-04 9.673032e-01 3.222401e-02 2.348228e-04 
2.437186e+01 9.562829e-09 1.982975e-04 9.612884e-01 3.818159e-02 3.317403e-04 
2.454774e+01 6.677225e-09 1.650860e-04 9.541798e-01 4.518705e-02 4.681033e-04 
2.472362e+01 4.655842e-09 1.372448e-04 9.458000e-01 5.340311e-02 6.595956e-04 
2.489950e+01 3.241039e-09 1.139109e-04 9.359491e-01 6.300905e-02 9.278922e-04 
2.507538e+01 2.251785e-09 9.436080e-05 9.244042e-01 7.419866e-02 1.302789e-03 
2.525126e+01 1.560913e-09 7.798783e-05 9.109208e-01 8.717625e-02 1.824987e-03 
2.542714e+01 1.079118e-09 6.428362e-05 8.952360e-01 1.021500e-01 2.549667e-03 
2.560302e+01 7.437050e-10 5.282210e-05 8.770741e-01 1.193221e-01 3.550988e-03 
2.577889e+01 5.106814e-10 4.324625e-05 8.561553e-01 1.388739e-01 4.927565e-03 
2.595477e+01 3.491908e-10 3.525694e-05 8.322086e-01 1.609473e-01 6.808930e-03 
2.613065e+01 2.376039e-10 2.860347e-05 8.049887e-01 1.856199e-01 9.362749e-03 
2.630653e+01 1.607701e-10 2.307565e-05 7.742986e-01 2.128760e-01 1.280233e-02 
2.648241e+01 1.080862e-10 1.849706e-05 7.400150e-01 2.425729e-01 1.739354e-02 
2.665829e+01 7.213952e-11 1.471936e-05 7.021183e-01 2.744072e-01 2.345982e-02 
2.683417e+01 4.775450e-11 1.161752e-05 6.607212e-01 3.078838e-01 3.138336e-02 
2.701005e+01 3.132401e-11 9.085733e-06 6.160958e-01 3.422948e-01 4.160029e-02 
2.718593e+01 2.033943e-11 7.034041e-06 5.686913e-01 3.767143e-01 5.458730e-02 
2.736181e+01 1.306108e-11 5.385530e-06 5.191390e-01 4.100177e-01 7.083788e-02 
2.753769e+01 8.286969e-12 4.074071e-06 4.682386e-01 4.409301e-01 9.082723e-02 
2.771357e+01 5.190619e-12 3.042535e-06 4.169247e-01 4.681052e-01 1.149670e-01 
2.788945e+01 3.207207e-12 2.241438e-06 3.662118e-01 4.902321e-01 1.435539e-01 
2.806533e+01 1.953703e-12 1.627953e-06 3.171253e-01 5.061552e-01 1.767179e-01 
2.824121e+01 1.172810e-12 1.165184e-06 2.706243e-01 5.149950e-01 2.143795e-01 
2.841709e+01 6.936347e-13 8.216389e-07 2.275291e-01 5.162459e-01 2.562242e-01 
2.859296e+01 4.041603e-13 5.708043e-07 1.884632e-01 5.098351e-01 3.017011e-01 
2.876884e+01 2.320443e-13 3.907401e-07 1.538193e-01 4.961321e-01 3.500482e-01 
2.894472e+01 1.313236e-13 2.636594e-07 1.237512e-01 4.759043e-01 4.003442e-01 
2.912060e+01 7.330053e-14 1.754652e-07 9.819305e-02 4.502299e-01 4.515769e-01 
2.929648e+01 4.038013e-14 1.152485e-07 7.689680e-02 4.203831e-01 5.027200e-01 
2.947236e+01 2.197256e-14 7.477072e-08 5.948235e-02 3.877114e-01 5.528062e-01 
2.964824e+01 1.182059e-14 4.795938e-08 4.548976e-02 3.535229e-01 6.009873e-01 
2.982412e+01 6.293020e-15 3.044226e-08 3.442709e-02 3.189978e-01 6.465751e-01 
3.000000e+01 3.318669e-15 1.914103e-08 2.580906e-02 2.851300e-01 6.890609e-01 
