#E                   6            7            8 
-5.000000e+00 9.999998e-01 1.585942e-07 5.058094e-15 
-4.824121e+00 9.999998e-01 1.890910e-07 7.190412e-15 
-4.648241e+00 9.999998e-01 2.254521e-07 1.022164e-14 
-4.472362e+00 9.999997e-01 2.688052e-07 1.453073e-14 
-4.296482e+00 9.999997e-01 3.204949e-07 2.065639e-14 
-4.120603e+00 9.999996e-01 3.821242e-07 2.936441e-14 
-3.944724e+00 9.999995e-01 4.556044e-07 4.174343e-14 
-3.768844e+00 9.999995e-01 5.432145e-07 5.934102e-14 
-3.592965e+00 9.999994e-01 6.476714e-07 8.435714e-14 
-3.417085e+00 9.999992e-01 7.722148e-07 1.199192e-13 
-3.241206e+00 9.999991e-01 9.207072e-07 1.704730e-13 
-3.065327e+00 9.999989e-01 1.097754e-06 2.423385e-13 
-2.889447e+00 9.999987e-01 1.308845e-06 3.445000e-13 
-2.713568e+00 9.999984e-01 1.560528e-06 4.897292e-13 
-2.537688e+00 9.999981e-01 1.860608e-06 6.961820e-13 
-2.361809e+00 9.999978e-01 2.218392e-06 9.896680e-13 
-2.185930e+00 9.999974e-01 2.644974e-06 1.406877e-12 
-2.010050e+00 9.999968e-01 3.153586e-06 1.999967e-12 
-1.834171e+00 9.999962e-01 3.760001e-06 2.843083e-12 
-1.658291e+00 9.999955e-01 4.483024e-06 4.041626e-12 
-1.482412e+00 9.999947e-01 5.345079e-06 5.745432e-12 
-1.306533e+00 9.999936e-01 6.372900e-06 8.167500e-12 
-1.130653e+00 9.999924e-01 7.598363e-06 1.161062e-11 
-9.547739e-01 9.999909e-01 9.059471e-06 1.650524e-11 
-7.788945e-01 9.999892e-01 1.080154e-05 2.346324e-11 
-6.030151e-01 9.999871e-01 1.287858e-05 3.335446e-11 
-4.271357e-01 9.999846e-01 1.535502e-05 4.741544e-11 
-2.512563e-01 9.999817e-01 1.830765e-05 6.740395e-11 
-7.537688e-02 9.999782e-01 2.182803e-05 9.581880e-11 
1.005025e-01 9.999740e-01 2.602533e-05 1.362121e-10 
2.763819e-01 9.999690e-01 3.102969e-05 1.936335e-10 
4.522613e-01 9.999630e-01 3.699630e-05 2.752611e-10 
6.281407e-01 9.999559e-01 4.411017e-05 3.912989e-10 
8.040201e-01 9.999474e-01 5.259185e-05 5.562524e-10 
9.798995e-01 9.999373e-01 6.270433e-05 7.907413e-10 
1.155779e+00 9.999252e-01 7.476111e-05 1.124077e-09 
1.331658e+00 9.999109e-01 8.913596e-05 1.597926e-09 
1.507538e+00 9.998937e-01 1.062745e-04 2.271518e-09 
1.683417e+00 9.998733e-01 1.267079e-04 3.229046e-09 
1.859296e+00 9.998489e-01 1.510694e-04 4.590189e-09 
2.035176e+00 9.998199e-01 1.801139e-04 6.525065e-09 
2.211055e+00 9.997852e-01 2.147413e-04 9.275486e-09 
2.386935e+00 9.997440e-01 2.560243e-04 1.318517e-08 
2.562814e+00 9.996947e-01 3.052413e-04 1.874266e-08 
2.738693e+00 9.996361e-01 3.639160e-04 2.664235e-08 
2.914573e+00 9.995661e-01 4.338646e-04 3.787120e-08 
3.090452e+00 9.994827e-01 5.172511e-04 5.383191e-08 
3.266332e+00 9.993833e-01 6.166542e-04 7.651797e-08 
3.442211e+00 9.992647e-01 7.351461e-04 1.087624e-07 
3.618090e+00 9.991235e-01 8.763865e-04 1.545910e-07 
3.793970e+00 9.989550e-01 1.044734e-03 2.197243e-07 
3.969849e+00 9.987543e-01 1.245381e-03 3.122897e-07 
4.145729e+00 9.985151e-01 1.484504e-03 4.438339e-07 
4.321608e+00 9.982299e-01 1.769461e-03 6.307589e-07 
4.497487e+00 9.978901e-01 2.109000e-03 8.963599e-07 
4.673367e+00 9.974852e-01 2.513528e-03 1.273717e-06 
4.849246e+00 9.970028e-01 2.995415e-03 1.809797e-06 
5.025126e+00 9.964281e-01 3.569358e-03 2.571262e-06 
5.201005e+00 9.957435e-01 4.252801e-03 3.652707e-06 
5.376884e+00 9.949284e-01 5.066440e-03 5.188311e-06 
5.552764e+00 9.939578e-01 6.034794e-03 7.368330e-06 
5.728643e+00 9.928026e-01 7.186888e-03 1.046239e-05 
5.904523e+00 9.914281e-01 8.557022e-03 1.485238e-05 
6.080402e+00 9.897933e-01 1.018566e-02 2.107882e-05 
6.256281e+00 9.878496e-01 1.212046e-02 2.990609e-05 
6.432161e+00 9.855402e-01 1.441737e-02 4.241407e-05 
6.608040e+00 9.827980e-01 1.714192e-02 6.012662e-05 
6.783920e+00 9.795443e-01 2.037055e-02 8.519096e-05 
6.959799e+00 9.756873e-01 2.419206e-02 1.206277e-04 
7.135678e+00 9.711203e-01 2.870904e-02 1.706775e-04 
7.311558e+00 9.657195e-01 3.403925e-02 2.412799e-04 
7.487437e+00 9.593425e-01 4.031681e-02 3.407303e-04 
7.663317e+00 9.518265e-01 4.769290e-02 4.805756e-04 
7.839196e+00 9.429873e-01 5.633590e-02 6.768255e-04 
8.015075e+00 9.326181e-01 6.643037e-02 9.515718e-04 
8.190955e+00 9.204903e-01 7.817457e-02 1.335131e-03 
8.366834e+00 9.063554e-01 9.177581e-02 1.868831e-03 
8.542714e+00 8.899484e-01 1.074430e-01 2.608575e-03 
8.718593e+00 8.709953e-01 1.253754e-01 3.629286e-03 
8.894472e+00 8.492221e-01 1.457476e-01 5.030296e-03 
9.070352e+00 8.243698e-01 1.686886e-01 6.941627e-03 
9.246231e+00 7.962124e-01 1.942567e-01 9.530924e-03 
9.422111e+00 7.645799e-01 2.224095e-01 1.301056e-02 
9.597990e+00 7.293850e-01 2.529710e-01 1.764399e-02 
9.773869e+00 6.906512e-01 2.855986e-01 2.375011e-02 
9.949749e+00 6.485407e-01 3.197555e-01 3.170377e-02 
1.012563e+01 6.033766e-01 3.546930e-01 4.193040e-02 
1.030151e+01 5.556558e-01 3.894517e-01 5.489254e-02 
1.047739e+01 5.060479e-01 4.228855e-01 7.106668e-02 
1.065327e+01 4.553748e-01 4.537155e-01 9.090972e-02 
1.082915e+01 4.045722e-01 4.806114e-01 1.148165e-01 
1.100503e+01 3.546323e-01 5.022961e-01 1.430716e-01 
1.118090e+01 3.065360e-01 5.176622e-01 1.758019e-01 
1.135678e+01 2.611805e-01 5.258831e-01 2.129363e-01 
1.153266e+01 2.193153e-01 5.265028e-01 2.541819e-01 
1.170854e+01 1.814926e-01 5.194864e-01 2.990210e-01 
1.188442e+01 1.480423e-01 5.052246e-01 3.467331e-01 
1.206030e+01 1.190699e-01 4.844892e-01 3.964409e-01 
1.223618e+01 9.447813e-02 4.583497e-01 4.471721e-01 
1.241206e+01 7.400470e-02 4.280637e-01 4.979316e-01 
1.258794e+01 5.726921e-02 3.949606e-01 5.477702e-01 
1.276382e+01 4.382167e-02 3.603337e-01 5.958446e-01 
1.293970e+01 3.318622e-02 3.253548e-01 6.414589e-01 
1.311558e+01 2.489625e-02 2.910160e-01 6.840878e-01 
1.329146e+01 1.851919e-02 2.581002e-01 7.233806e-01 
1.346734e+01 1.367150e-02 2.271779e-01 7.591506e-01 
1.364322e+01 1.002518e-02 1.986211e-01 7.913538e-01 
1.381910e+01 7.308039e-03 1.726305e-01 8.200614e-01 
1.399497e+01 5.299883e-03 1.492679e-01 8.454322e-01 
1.417085e+01 3.826331e-03 1.284891e-01 8.676846e-01 
1.434673e+01 2.751779e-03 1.101744e-01 8.870738e-01 
1.452261e+01 1.972395e-03 9.415523e-02 9.038724e-01 
1.469849e+01 1.409713e-03 8.023513e-02 9.183552e-01 
1.487437e+01 1.005088e-03 6.820586e-02 9.307890e-01 
1.505025e+01 7.151088e-04 5.785928e-02 9.414256e-01 
1.522613e+01 5.078903e-04 4.899528e-02 9.504968e-01 
1.540201e+01 3.601756e-04 4.142687e-02 9.582130e-01 
1.557789e+01 2.550971e-04 3.498298e-02 9.647619e-01 
1.575377e+01 1.804799e-04 2.950962e-02 9.703099e-01 
1.592965e+01 1.275726e-04 2.486998e-02 9.750024e-01 
1.610553e+01 9.010572e-05 2.094373e-02 9.789662e-01 
1.628141e+01 6.360138e-05 1.762591e-02 9.823105e-01 
1.645729e+01 4.486878e-05 1.482562e-02 9.851295e-01 
1.663317e+01 3.163900e-05 1.246450e-02 9.875039e-01 
1.680905e+01 2.230149e-05 1.047537e-02 9.895023e-01 
1.698492e+01 1.571463e-05 8.800819e-03 9.911835e-01 
1.716080e+01 1.107022e-05 7.391942e-03 9.925970e-01 
1.733668e+01 7.796664e-06 6.207183e-03 9.937850e-01 
1.751256e+01 5.490070e-06 5.211313e-03 9.947832e-01 
1.768844e+01 3.865244e-06 4.374511e-03 9.956216e-01 
1.786432e+01 2.720928e-06 3.671581e-03 9.963257e-01 
1.804020e+01 1.915172e-06 3.081252e-03 9.969168e-01 
1.821608e+01 1.347898e-06 2.585592e-03 9.974131e-01 
1.839196e+01 9.485742e-07 2.169491e-03 9.978296e-01 
1.856784e+01 6.675081e-07 1.820231e-03 9.981791e-01 
1.874372e+01 4.696964e-07 1.527111e-03 9.984724e-01 
1.891960e+01 3.304893e-07 1.281133e-03 9.987185e-01 
1.909548e+01 2.325307e-07 1.074733e-03 9.989250e-01 
1.927136e+01 1.636020e-07 9.015553e-04 9.990983e-01 
1.944724e+01 1.151025e-07 7.562617e-04 9.992436e-01 
1.962312e+01 8.097874e-08 6.343685e-04 9.993656e-01 
1.979899e+01 5.697031e-08 5.321115e-04 9.994678e-01 
1.997487e+01 4.007919e-08 4.463304e-04 9.995536e-01 
2.015075e+01 2.819573e-08 3.743728e-04 9.996256e-01 
2.032663e+01 1.983548e-08 3.140126e-04 9.996860e-01 
2.050251e+01 1.395397e-08 2.633817e-04 9.997366e-01 
2.067839e+01 9.816332e-09 2.209127e-04 9.997791e-01 
2.085427e+01 6.905543e-09 1.852903e-04 9.998147e-01 
2.103015e+01 4.857848e-09 1.554111e-04 9.998446e-01 
2.120603e+01 3.417338e-09 1.303496e-04 9.998696e-01 
2.138191e+01 2.403976e-09 1.093290e-04 9.998907e-01 
2.155779e+01 1.691106e-09 9.169792e-05 9.999083e-01 
2.173367e+01 1.189626e-09 7.690993e-05 9.999231e-01 
2.190955e+01 8.368524e-10 6.450663e-05 9.999355e-01 
2.208543e+01 5.886898e-10 5.410351e-05 9.999459e-01 
2.226131e+01 4.141173e-10 4.537804e-05 9.999546e-01 
2.243719e+01 2.913129e-10 3.805971e-05 9.999619e-01 
2.261307e+01 2.049252e-10 3.192161e-05 9.999681e-01 
2.278894e+01 1.441553e-10 2.677340e-05 9.999732e-01 
2.296482e+01 1.014065e-10 2.245546e-05 9.999775e-01 
2.314070e+01 7.133463e-11 1.883389e-05 9.999812e-01 
2.331658e+01 5.018048e-11 1.579639e-05 9.999842e-01 
2.349246e+01 3.529954e-11 1.324877e-05 9.999868e-01 
2.366834e+01 2.483150e-11 1.111202e-05 9.999889e-01 
2.384422e+01 1.746775e-11 9.319881e-06 9.999907e-01 
2.402010e+01 1.228770e-11 7.816774e-06 9.999922e-01 
2.419598e+01 8.643792e-12 6.556086e-06 9.999934e-01 
2.437186e+01 6.080480e-12 5.498721e-06 9.999945e-01 
2.454774e+01 4.277316e-12 4.611887e-06 9.999954e-01 
2.472362e+01 3.008879e-12 3.868080e-06 9.999961e-01 
2.489950e+01 2.116597e-12 3.244235e-06 9.999968e-01 
2.507538e+01 1.488920e-12 2.721003e-06 9.999973e-01 
2.525126e+01 1.047381e-12 2.282159e-06 9.999977e-01 
2.542714e+01 7.367803e-13 1.914091e-06 9.999981e-01 
2.560302e+01 5.182881e-13 1.605385e-06 9.999984e-01 
2.577889e+01 3.645897e-13 1.346467e-06 9.999987e-01 
2.595477e+01 2.564706e-13 1.129308e-06 9.999989e-01 
2.613065e+01 1.804142e-13 9.471726e-07 9.999991e-01 
2.630653e+01 1.269124e-13 7.944119e-07 9.999992e-01 
2.648241e+01 8.927649e-14 6.662886e-07 9.999993e-01 
2.665829e+01 6.280154e-14 5.588290e-07 9.999994e-01 
2.683417e+01 4.417773e-14 4.687006e-07 9.999995e-01 
2.701005e+01 3.107682e-14 3.931082e-07 9.999996e-01 
2.718593e+01 2.186098e-14 3.297074e-07 9.999997e-01 
2.736181e+01 1.537810e-14 2.765319e-07 9.999997e-01 
2.753769e+01 1.081772e-14 2.319326e-07 9.999998e-01 
2.771357e+01 7.609726e-15 1.945263e-07 9.999998e-01 
2.788945e+01 5.353060e-15 1.631530e-07 9.999998e-01 
2.806533e+01 3.765609e-15 1.368395e-07 9.999999e-01 
2.824121e+01 2.648917e-15 1.147699e-07 9.999999e-01 
2.841709e+01 1.863380e-15 9.625973e-08 9.999999e-01 
2.859296e+01 1.310794e-15 8.073488e-08 9.999999e-01 
2.876884e+01 9.220779e-16 6.771389e-08 9.999999e-01 
2.894472e+01 6.486355e-16 5.679293e-08 9.999999e-01 
2.912060e+01 4.562825e-16 4.763332e-08 1.000000e+00 
2.929648e+01 3.209718e-16 3.995098e-08 1.000000e+00 
2.947236e+01 2.257876e-16 3.350765e-08 1.000000e+00 
2.964824e+01 1.588302e-16 2.810351e-08 1.000000e+00 
2.982412e+01 1.117291e-16 2.357095e-08 1.000000e+00 
3.000000e+01 7.859580e-17 1.976941e-08 1.000000e+00 
