#E                   1            2            3 
-5.000000e+00 9.999988e-01 1.188568e-06 4.003119e-14 
-4.824121e+00 9.999986e-01 1.417122e-06 5.690695e-14 
-4.648241e+00 9.999983e-01 1.689626e-06 8.089694e-14 
-4.472362e+00 9.999980e-01 2.014531e-06 1.150003e-13 
-4.296482e+00 9.999976e-01 2.401913e-06 1.634804e-13 
-4.120603e+00 9.999971e-01 2.863785e-06 2.323979e-13 
-3.944724e+00 9.999966e-01 3.414473e-06 3.303687e-13 
-3.768844e+00 9.999959e-01 4.071054e-06 4.696405e-13 
-3.592965e+00 9.999951e-01 4.853890e-06 6.676243e-13 
-3.417085e+00 9.999942e-01 5.787260e-06 9.490708e-13 
-3.241206e+00 9.999931e-01 6.900109e-06 1.349165e-12 
-3.065327e+00 9.999918e-01 8.226949e-06 1.917924e-12 
-2.889447e+00 9.999902e-01 9.808929e-06 2.726450e-12 
-2.713568e+00 9.999883e-01 1.169511e-05 3.875821e-12 
-2.537688e+00 9.999861e-01 1.394398e-05 5.509721e-12 
-2.361809e+00 9.999834e-01 1.662528e-05 7.832409e-12 
-2.185930e+00 9.999802e-01 1.982216e-05 1.113425e-11 
-2.010050e+00 9.999764e-01 2.363376e-05 1.582800e-11 
-1.834171e+00 9.999718e-01 2.817827e-05 2.250044e-11 
-1.658291e+00 9.999664e-01 3.359661e-05 3.198568e-11 
-1.482412e+00 9.999599e-01 4.005678e-05 4.546945e-11 
-1.306533e+00 9.999522e-01 4.775910e-05 6.463730e-11 
-1.130653e+00 9.999431e-01 5.694238e-05 9.188532e-11 
-9.547739e-01 9.999321e-01 6.789133e-05 1.306196e-10 
-7.788945e-01 9.999191e-01 8.094539e-05 1.856819e-10 
-6.030151e-01 9.999035e-01 9.650922e-05 2.639549e-10 
-4.271357e-01 9.998849e-01 1.150653e-04 3.752222e-10 
-2.512563e-01 9.998628e-01 1.371886e-04 5.333912e-10 
-7.537688e-02 9.998364e-01 1.635649e-04 7.582305e-10 
1.005025e-01 9.998050e-01 1.950113e-04 1.077841e-09 
2.763819e-01 9.997675e-01 2.325022e-04 1.532164e-09 
4.522613e-01 9.997228e-01 2.771986e-04 2.177974e-09 
6.281407e-01 9.996695e-01 3.304847e-04 3.095967e-09 
8.040201e-01 9.996060e-01 3.940099e-04 4.400841e-09 
9.798995e-01 9.995303e-01 4.697402e-04 6.255610e-09 
1.155779e+00 9.994400e-01 5.600180e-04 8.891957e-09 
1.331658e+00 9.993324e-01 6.676343e-04 1.263914e-08 
1.507538e+00 9.992041e-01 7.959143e-04 1.796506e-08 
1.683417e+00 9.990512e-01 9.488189e-04 2.553460e-08 
1.859296e+00 9.988689e-01 1.131065e-03 3.629249e-08 
2.035176e+00 9.986517e-01 1.348269e-03 5.158093e-08 
2.211055e+00 9.983928e-01 1.607117e-03 7.330667e-08 
2.386935e+00 9.980843e-01 1.915564e-03 1.041780e-07 
2.562814e+00 9.977168e-01 2.283075e-03 1.480414e-07 
2.738693e+00 9.972789e-01 2.720902e-03 2.103582e-07 
2.914573e+00 9.967573e-01 3.242419e-03 2.988815e-07 
3.090452e+00 9.961361e-01 3.863508e-03 4.246149e-07 
3.266332e+00 9.953964e-01 4.603018e-03 6.031697e-07 
3.442211e+00 9.945158e-01 5.483298e-03 8.566868e-07 
3.618090e+00 9.934680e-01 6.530816e-03 1.216553e-06 
3.793970e+00 9.922214e-01 7.776883e-03 1.727240e-06 
3.969849e+00 9.907391e-01 9.258481e-03 2.451717e-06 
4.145729e+00 9.889773e-01 1.101920e-02 3.479079e-06 
4.321608e+00 9.868847e-01 1.311034e-02 4.935274e-06 
4.497487e+00 9.844010e-01 1.559204e-02 6.998159e-06 
4.673367e+00 9.814554e-01 1.853467e-02 9.918574e-06 
4.849246e+00 9.779657e-01 2.202021e-02 1.404977e-05 
5.025126e+00 9.738364e-01 2.614371e-02 1.988834e-05 
5.201005e+00 9.689571e-01 3.101481e-02 2.813092e-05 
5.376884e+00 9.632011e-01 3.675912e-02 3.975239e-05 
5.552764e+00 9.564246e-01 4.351933e-02 5.611306e-05 
5.728643e+00 9.484649e-01 5.145602e-02 7.910453e-05 
5.904523e+00 9.391410e-01 6.074762e-02 1.113468e-04 
6.080402e+00 9.282541e-01 7.158941e-02 1.564519e-04 
6.256281e+00 9.155895e-01 8.419109e-02 2.193722e-04 
6.432161e+00 9.009208e-01 9.877235e-02 3.068558e-04 
6.608040e+00 8.840160e-01 1.155560e-01 4.280305e-04 
6.783920e+00 8.646469e-01 1.347580e-01 5.951416e-04 
6.959799e+00 8.426010e-01 1.565745e-01 8.244615e-04 
7.135678e+00 8.176973e-01 1.811653e-01 1.137386e-03 
7.311558e+00 7.898041e-01 2.086342e-01 1.561714e-03 
7.487437e+00 7.588597e-01 2.390072e-01 2.133097e-03 
7.663317e+00 7.248920e-01 2.722114e-01 2.896606e-03 
7.839196e+00 6.880368e-01 3.080549e-01 3.908360e-03 
8.015075e+00 6.485499e-01 3.462129e-01 5.237129e-03 
8.190955e+00 6.068119e-01 3.862223e-01 6.965797e-03 
8.366834e+00 5.633208e-01 4.274866e-01 9.192622e-03 
8.542714e+00 5.186741e-01 4.692937e-01 1.203220e-02 
8.718593e+00 4.735388e-01 5.108451e-01 1.561612e-02 
8.894472e+00 4.286134e-01 5.512934e-01 2.009324e-02 
9.070352e+00 3.845855e-01 5.897847e-01 2.562974e-02 
9.246231e+00 3.420920e-01 6.254994e-01 3.240866e-02 
9.422111e+00 3.016837e-01 6.576872e-01 4.062908e-02 
9.597990e+00 2.638024e-01 6.856930e-01 5.050458e-02 
9.773869e+00 2.287676e-01 7.089718e-01 6.226062e-02 
9.949749e+00 1.967761e-01 7.270935e-01 7.613042e-02 
1.012563e+01 1.679106e-01 7.397406e-01 9.234872e-02 
1.030151e+01 1.421551e-01 7.467019e-01 1.111430e-01 
1.047739e+01 1.194139e-01 7.478646e-01 1.327215e-01 
1.065327e+01 9.953140e-02 7.432103e-01 1.572583e-01 
1.082915e+01 8.231111e-02 7.328136e-01 1.848752e-01 
1.100503e+01 6.753162e-02 7.168457e-01 2.156226e-01 
1.118090e+01 5.495986e-02 6.955808e-01 2.494593e-01 
1.135678e+01 4.436112e-02 6.694034e-01 2.862355e-01 
1.153266e+01 3.550624e-02 6.388127e-01 3.256811e-01 
1.170854e+01 2.817651e-02 6.044210e-01 3.674025e-01 
1.188442e+01 2.216684e-02 5.669432e-01 4.108899e-01 
1.206030e+01 1.728763e-02 5.271749e-01 4.555375e-01 
1.223618e+01 1.336592e-02 4.859610e-01 5.006731e-01 
1.241206e+01 1.024590e-02 4.441566e-01 5.455975e-01 
1.258794e+01 7.789105e-03 4.025846e-01 5.896263e-01 
1.276382e+01 5.874221e-03 3.619956e-01 6.321302e-01 
1.293970e+01 4.396563e-03 3.230351e-01 6.725683e-01 
1.311558e+01 3.267242e-03 2.862208e-01 7.105119e-01 
1.329146e+01 2.412021e-03 2.519327e-01 7.456553e-01 
1.346734e+01 1.769917e-03 2.204143e-01 7.778158e-01 
1.364322e+01 1.291642e-03 1.917840e-01 8.069244e-01 
1.381910e+01 9.379770e-04 1.660527e-01 8.330093e-01 
1.399497e+01 6.781706e-04 1.431450e-01 8.561768e-01 
1.417085e+01 4.884334e-04 1.229210e-01 8.765906e-01 
1.434673e+01 3.505895e-04 1.051969e-01 8.944525e-01 
1.452261e+01 2.509051e-04 8.976294e-02 9.099862e-01 
1.469849e+01 1.791054e-04 7.639759e-02 9.234233e-01 
1.487437e+01 1.275703e-04 6.487897e-02 9.349935e-01 
1.505025e+01 9.069169e-05 5.499275e-02 9.449166e-01 
1.522613e+01 6.436969e-05 4.653747e-02 9.533982e-01 
1.540201e+01 4.562415e-05 3.932780e-02 9.606266e-01 
1.557789e+01 3.229961e-05 3.319598e-02 9.667717e-01 
1.575377e+01 2.284367e-05 2.799224e-02 9.719849e-01 
1.592965e+01 1.614236e-05 2.358426e-02 9.763996e-01 
1.610553e+01 1.139875e-05 1.985619e-02 9.801324e-01 
1.628141e+01 8.044239e-06 1.670733e-02 9.832846e-01 
1.645729e+01 5.674021e-06 1.405065e-02 9.859437e-01 
1.663317e+01 4.000461e-06 1.181133e-02 9.881847e-01 
1.680905e+01 2.819498e-06 9.925311e-03 9.900719e-01 
1.698492e+01 1.986557e-06 8.337903e-03 9.916601e-01 
1.716080e+01 1.399325e-06 7.002579e-03 9.929960e-01 
1.733668e+01 9.854685e-07 5.879840e-03 9.941192e-01 
1.751256e+01 6.938858e-07 4.936217e-03 9.950631e-01 
1.768844e+01 4.885028e-07 4.143399e-03 9.958561e-01 
1.786432e+01 3.438670e-07 3.477472e-03 9.965222e-01 
1.804020e+01 2.420290e-07 2.918260e-03 9.970815e-01 
1.821608e+01 1.703354e-07 2.448753e-03 9.975511e-01 
1.839196e+01 1.198697e-07 2.054627e-03 9.979453e-01 
1.856784e+01 8.435030e-08 1.723827e-03 9.982761e-01 
1.874372e+01 5.935270e-08 1.446208e-03 9.985537e-01 
1.891960e+01 4.176139e-08 1.213246e-03 9.987867e-01 
1.909548e+01 2.938279e-08 1.017772e-03 9.989822e-01 
1.927136e+01 2.067271e-08 8.537646e-04 9.991462e-01 
1.944724e+01 1.454422e-08 7.161673e-04 9.992838e-01 
1.962312e+01 1.023231e-08 6.007326e-04 9.993993e-01 
1.979899e+01 7.198612e-09 5.038948e-04 9.994961e-01 
1.997487e+01 5.064273e-09 4.226605e-04 9.995773e-01 
2.015075e+01 3.562705e-09 3.545176e-04 9.996455e-01 
2.032663e+01 2.506327e-09 2.973577e-04 9.997026e-01 
2.050251e+01 1.763160e-09 2.494116e-04 9.997506e-01 
2.067839e+01 1.240344e-09 2.091947e-04 9.997908e-01 
2.085427e+01 8.725494e-10 1.754615e-04 9.998245e-01 
2.103015e+01 6.138120e-10 1.471671e-04 9.998528e-01 
2.120603e+01 4.317962e-10 1.234348e-04 9.998766e-01 
2.138191e+01 3.037530e-10 1.035292e-04 9.998965e-01 
2.155779e+01 2.136785e-10 8.683334e-05 9.999132e-01 
2.173367e+01 1.503142e-10 7.282981e-05 9.999272e-01 
2.190955e+01 1.057397e-10 6.108447e-05 9.999389e-01 
2.208543e+01 7.438334e-11 5.123322e-05 9.999488e-01 
2.226131e+01 5.232537e-11 4.297063e-05 9.999570e-01 
2.243719e+01 3.680853e-11 3.604054e-05 9.999640e-01 
2.261307e+01 2.589310e-11 3.022807e-05 9.999698e-01 
2.278894e+01 1.821458e-11 2.535298e-05 9.999746e-01 
2.296482e+01 1.281310e-11 2.126412e-05 9.999787e-01 
2.314070e+01 9.013402e-12 1.783468e-05 9.999822e-01 
2.331658e+01 6.340494e-12 1.495833e-05 9.999850e-01 
2.349246e+01 4.460230e-12 1.254587e-05 9.999875e-01 
2.366834e+01 3.137554e-12 1.052248e-05 9.999895e-01 
2.384422e+01 2.207115e-12 8.825423e-06 9.999912e-01 
2.402010e+01 1.552597e-12 7.402062e-06 9.999926e-01 
2.419598e+01 1.092175e-12 6.208258e-06 9.999938e-01 
2.437186e+01 7.682913e-13 5.206990e-06 9.999948e-01 
2.454774e+01 5.404548e-13 4.367206e-06 9.999956e-01 
2.472362e+01 3.801831e-13 3.662862e-06 9.999963e-01 
2.489950e+01 2.674398e-13 3.072114e-06 9.999969e-01 
2.507538e+01 1.881306e-13 2.576642e-06 9.999974e-01 
2.525126e+01 1.323405e-13 2.161080e-06 9.999978e-01 
2.542714e+01 9.309491e-14 1.812540e-06 9.999982e-01 
2.560302e+01 6.548762e-14 1.520212e-06 9.999985e-01 
2.577889e+01 4.606726e-14 1.275031e-06 9.999987e-01 
2.595477e+01 3.240601e-14 1.069393e-06 9.999989e-01 
2.613065e+01 2.279600e-14 8.969208e-07 9.999991e-01 
2.630653e+01 1.603585e-14 7.522647e-07 9.999992e-01 
2.648241e+01 1.128041e-14 6.309389e-07 9.999994e-01 
2.665829e+01 7.935206e-15 5.291806e-07 9.999995e-01 
2.683417e+01 5.582019e-15 4.438339e-07 9.999996e-01 
2.701005e+01 3.926670e-15 3.722520e-07 9.999996e-01 
2.718593e+01 2.762216e-15 3.122149e-07 9.999997e-01 
2.736181e+01 1.943080e-15 2.618606e-07 9.999997e-01 
2.753769e+01 1.366859e-15 2.196275e-07 9.999998e-01 
2.771357e+01 9.615169e-16 1.842058e-07 9.999998e-01 
2.788945e+01 6.763789e-16 1.544969e-07 9.999998e-01 
2.806533e+01 4.757986e-16 1.295795e-07 9.999999e-01 
2.824121e+01 3.347004e-16 1.086808e-07 9.999999e-01 
2.841709e+01 2.354449e-16 9.115271e-08 9.999999e-01 
2.859296e+01 1.656237e-16 7.645152e-08 9.999999e-01 
2.876884e+01 1.165079e-16 6.412135e-08 9.999999e-01 
2.894472e+01 8.195749e-17 5.377981e-08 9.999999e-01 
2.912060e+01 5.765298e-17 4.510615e-08 1.000000e+00 
2.929648e+01 4.055598e-17 3.783139e-08 1.000000e+00 
2.947236e+01 2.852909e-17 3.172991e-08 1.000000e+00 
2.964824e+01 2.006878e-17 2.661249e-08 1.000000e+00 
2.982412e+01 1.411738e-17 2.232040e-08 1.000000e+00 
3.000000e+01 9.930869e-18 1.872055e-08 1.000000e+00 
