#E                   3            4            5            6            7            8 
-5.000000e+00 9.999985e-01 1.451561e-06 5.787790e-13 7.103291e-20 8.228017e-28 1.560913e-36 
-4.824121e+00 9.999983e-01 1.730688e-06 8.227721e-13 1.203954e-19 1.662757e-27 3.760935e-36 
-4.648241e+00 9.999979e-01 2.063488e-06 1.169624e-12 2.040610e-19 3.360180e-27 9.061769e-36 
-4.472362e+00 9.999975e-01 2.460284e-06 1.662697e-12 3.458679e-19 6.790413e-27 2.183384e-35 
-4.296482e+00 9.999971e-01 2.933381e-06 2.363631e-12 5.862197e-19 1.372239e-26 5.260743e-35 
-4.120603e+00 9.999965e-01 3.497451e-06 3.360055e-12 9.935975e-19 2.773086e-26 1.267547e-34 
-3.944724e+00 9.999958e-01 4.169988e-06 4.776536e-12 1.684072e-18 5.603983e-26 3.054085e-34 
-3.768844e+00 9.999950e-01 4.971849e-06 6.790153e-12 2.854372e-18 1.132479e-25 7.358648e-34 
-3.592965e+00 9.999941e-01 5.927902e-06 9.652639e-12 4.837940e-18 2.288567e-25 1.773025e-33 
-3.417085e+00 9.999929e-01 7.067795e-06 1.372184e-11 8.199934e-18 4.624843e-25 4.272004e-33 
-3.241206e+00 9.999916e-01 8.426880e-06 1.950648e-11 1.389825e-17 9.346096e-25 1.029315e-32 
-3.065327e+00 9.999900e-01 1.004730e-05 2.772969e-11 2.355645e-17 1.888701e-24 2.480075e-32 
-2.889447e+00 9.999880e-01 1.197932e-05 3.941950e-11 3.992632e-17 3.816773e-24 5.975596e-32 
-2.713568e+00 9.999857e-01 1.428284e-05 5.603727e-11 6.767194e-17 7.713102e-24 1.439785e-31 
-2.537688e+00 9.999830e-01 1.702930e-05 7.966044e-11 1.146985e-16 1.558697e-23 3.469074e-31 
-2.361809e+00 9.999797e-01 2.030387e-05 1.132422e-10 1.944047e-16 3.149881e-23 8.358521e-31 
-2.185930e+00 9.999758e-01 2.420810e-05 1.609805e-10 3.295000e-16 6.365407e-23 2.013933e-30 
-2.010050e+00 9.999711e-01 2.886304e-05 2.288433e-10 5.584750e-16 1.286347e-22 4.852440e-30 
-1.834171e+00 9.999656e-01 3.441305e-05 3.253140e-10 9.465677e-16 2.599497e-22 1.169163e-29 
-1.658291e+00 9.999590e-01 4.103021e-05 4.624521e-10 1.604350e-15 5.253156e-22 2.817017e-29 
-1.482412e+00 9.999511e-01 4.891970e-05 6.574008e-10 2.719231e-15 1.061575e-21 6.787397e-29 
-1.306533e+00 9.999417e-01 5.832612e-05 9.345296e-10 4.608848e-15 2.145262e-21 1.635372e-28 
-1.130653e+00 9.999305e-01 6.954112e-05 1.328480e-09 7.811561e-15 4.335202e-21 3.940296e-28 
-9.547739e-01 9.999171e-01 8.291237e-05 1.888497e-09 1.323983e-14 8.760671e-21 9.493804e-28 
-7.788945e-01 9.999011e-01 9.885437e-05 2.684579e-09 2.244015e-14 1.770371e-20 2.287445e-27 
-6.030151e-01 9.998821e-01 1.178613e-04 3.816232e-09 3.803364e-14 3.577583e-20 5.511371e-27 
-4.271357e-01 9.998595e-01 1.405221e-04 5.424902e-09 6.446269e-14 7.229591e-20 1.327905e-26 
-2.512563e-01 9.998325e-01 1.675392e-04 7.711645e-09 1.092564e-13 1.460952e-19 3.199430e-26 
-7.537688e-02 9.998002e-01 1.997496e-04 1.096226e-08 1.851754e-13 2.952267e-19 7.708606e-26 
1.005025e-01 9.997618e-01 2.381511e-04 1.558297e-08 3.138463e-13 5.965856e-19 1.857276e-25 
2.763819e-01 9.997160e-01 2.839332e-04 2.215120e-08 5.319215e-13 1.205554e-18 4.474801e-25 
4.522613e-01 9.996615e-01 3.385134e-04 3.148766e-08 9.015175e-13 2.436109e-18 1.078121e-24 
6.281407e-01 9.995964e-01 4.035813e-04 4.475886e-08 1.527905e-12 4.922688e-18 2.597504e-24 
8.040201e-01 9.995188e-01 4.811504e-04 6.362271e-08 2.589482e-12 9.947235e-18 6.258062e-24 
9.798995e-01 9.994263e-01 5.736197e-04 9.043549e-08 4.388570e-12 2.010000e-17 1.507707e-23 
1.155779e+00 9.993160e-01 6.838481e-04 1.285458e-07 7.437475e-12 4.061457e-17 3.632338e-23 
1.331658e+00 9.991846e-01 8.152409e-04 1.827122e-07 1.260430e-11 8.206511e-17 8.750772e-23 
1.507538e+00 9.990279e-01 9.718546e-04 2.596967e-07 2.135999e-11 1.658152e-16 2.108121e-22 
1.683417e+00 9.988411e-01 1.158520e-03 3.691069e-07 3.619680e-11 3.350247e-16 5.078455e-22 
1.859296e+00 9.986185e-01 1.380989e-03 5.245927e-07 6.133716e-11 6.768834e-16 1.223354e-21 
2.035176e+00 9.983531e-01 1.646108e-03 7.455448e-07 1.039342e-10 1.367515e-15 2.946822e-21 
2.211055e+00 9.980369e-01 1.962023e-03 1.059505e-06 1.761049e-10 2.762667e-15 7.097960e-21 
2.386935e+00 9.976601e-01 2.338425e-03 1.505587e-06 2.983718e-10 5.580823e-15 1.709570e-20 
2.562814e+00 9.972110e-01 2.786836e-03 2.139328e-06 5.054900e-10 1.127292e-14 4.117262e-20 
2.738693e+00 9.966760e-01 3.320946e-03 3.039563e-06 8.563077e-10 2.276865e-14 9.915000e-20 
2.914573e+00 9.960387e-01 3.957013e-03 4.318175e-06 1.450449e-09 4.598258e-14 2.387438e-19 
3.090452e+00 9.952795e-01 4.714328e-03 6.133891e-06 2.456527e-09 9.285301e-14 5.748020e-19 
3.266332e+00 9.943755e-01 5.615761e-03 8.711808e-06 4.159847e-09 1.874714e-13 1.383697e-18 
3.442211e+00 9.932992e-01 6.688392e-03 1.237100e-05 7.042995e-09 3.784414e-13 3.330334e-18 
3.618090e+00 9.920182e-01 7.964247e-03 1.756351e-05 1.192195e-08 7.637865e-13 8.013913e-18 
3.793970e+00 9.904939e-01 9.481135e-03 2.492932e-05 2.017575e-08 1.541125e-12 1.927942e-17 
3.969849e+00 9.886810e-01 1.128361e-02 3.537380e-05 3.413379e-08 3.108681e-12 4.636772e-17 
4.145729e+00 9.865257e-01 1.342406e-02 5.017655e-05 5.772808e-08 6.268479e-12 1.114770e-16 
4.321608e+00 9.839649e-01 1.596388e-02 7.114410e-05 9.759074e-08 1.263476e-11 2.679006e-16 
4.497487e+00 9.809242e-01 1.897483e-02 1.008235e-04 1.648978e-07 2.545404e-11 6.434973e-16 
4.673367e+00 9.773166e-01 2.254037e-02 1.428000e-04 2.784614e-07 5.124959e-11 1.544770e-15 
4.849246e+00 9.730403e-01 2.675716e-02 2.021114e-04 4.699059e-07 1.031145e-10 3.705754e-15 
5.025126e+00 9.679770e-01 3.173641e-02 2.858196e-04 7.923106e-07 2.072945e-10 8.882354e-15 
5.201005e+00 9.619898e-01 3.760509e-02 4.037981e-04 1.334600e-06 4.163198e-10 2.126918e-14 
5.376884e+00 9.549211e-01 4.450687e-02 5.698075e-04 2.245425e-06 8.351373e-10 5.087039e-14 
5.552764e+00 9.465909e-01 5.260238e-02 8.029527e-04 3.772627e-06 1.672964e-09 1.215002e-13 
5.728643e+00 9.367955e-01 6.206851e-02 1.129638e-03 6.328149e-06 3.345822e-09 2.897190e-13 
5.904523e+00 9.253069e-01 7.309636e-02 1.586161e-03 1.059420e-05 6.678479e-09 6.895014e-13 
6.080402e+00 9.118731e-01 8.588708e-02 2.222096e-03 1.769567e-05 1.330026e-08 1.637197e-12 
6.256281e+00 8.962209e-01 1.006449e-01 3.104633e-03 2.947800e-05 2.641645e-08 3.877028e-12 
6.432161e+00 8.780602e-01 1.175668e-01 4.324007e-03 4.895055e-05 5.230191e-08 9.152198e-12 
6.608040e+00 8.570920e-01 1.368268e-01 6.000072e-03 8.098622e-05 1.031703e-07 2.152513e-11 
6.783920e+00 8.330204e-01 1.585561e-01 8.289943e-03 1.334104e-04 2.026359e-07 5.040705e-11 
6.959799e+00 8.055689e-01 1.828157e-01 1.139634e-02 2.186689e-04 3.960020e-07 1.174507e-10 
7.135678e+00 7.745028e-01 2.095642e-01 1.557589e-02 3.563344e-04 7.693987e-07 2.720778e-10 
7.311558e+00 7.396557e-01 2.386202e-01 2.114590e-02 5.767859e-04 1.484882e-06 6.260615e-10 
7.487437e+00 7.009612e-01 2.696218e-01 2.848771e-02 9.264658e-04 2.843741e-06 1.429548e-09 
7.663317e+00 6.584869e-01 3.019893e-01 3.804325e-02 1.475139e-03 5.398548e-06 3.235706e-09 
7.839196e+00 6.124666e-01 3.348963e-01 5.030137e-02 2.325512e-03 1.014720e-05 7.251396e-09 
8.015075e+00 5.633274e-01 3.672588e-01 6.576959e-02 3.625328e-03 1.886072e-05 1.607005e-08 
8.190955e+00 5.117034e-01 3.977527e-01 8.492772e-02 5.581554e-03 3.462179e-05 3.517159e-08 
8.366834e+00 4.584325e-01 4.248676e-01 1.081617e-01 8.475446e-03 6.268166e-05 7.592177e-08 
8.542714e+00 4.045287e-01 4.470037e-01 1.356795e-01 1.267614e-02 1.117759e-04 1.614201e-07 
8.718593e+00 3.511298e-01 4.626078e-01 1.674170e-01 1.864900e-02 1.960652e-04 3.375928e-07 
8.894472e+00 2.994214e-01 4.703396e-01 2.029465e-01 2.695387e-02 3.378698e-04 6.936264e-07 
9.070352e+00 2.505460e-01 4.692449e-01 2.414088e-01 3.822752e-02 5.713310e-04 1.398452e-06 
9.246231e+00 2.055082e-01 4.589071e-01 2.814892e-01 5.314570e-02 9.470291e-04 2.763799e-06 
9.422111e+00 1.650915e-01 4.395453e-01 3.214579e-01 7.236257e-02 1.537420e-03 5.349573e-06 
9.597990e+00 1.297990e-01 4.120346e-01 3.592838e-01 9.642973e-02 2.442716e-03 1.013405e-05 
9.773869e+00 9.982902e-02 3.778354e-01 3.928168e-01 1.257033e-01 3.796578e-03 1.877958e-05 
9.949749e+00 7.508707e-02 3.388398e-01 4.200155e-01 1.602528e-01 5.770780e-03 3.403388e-05 
1.012563e+01 5.523042e-02 2.971605e-01 4.391829e-01 1.997879e-01 8.577911e-03 6.031730e-05 
1.030151e+01 3.973509e-02 2.549004e-01 4.491674e-01 2.436213e-01 1.247128e-02 1.045575e-04 
1.047739e+01 2.797169e-02 2.139432e-01 4.494896e-01 2.906767e-01 1.774147e-02 1.773441e-04 
1.065327e+01 1.927767e-02 1.757996e-01 4.403748e-01 3.395443e-01 2.470923e-02 2.944896e-04 
1.082915e+01 1.301623e-02 1.415245e-01 4.226879e-01 3.885772e-01 3.371503e-02 4.790907e-04 
1.100503e+01 8.616994e-03 1.117084e-01 3.977932e-01 4.360118e-01 4.510534e-02 7.641975e-04 
1.118090e+01 5.598013e-03 8.652616e-02 3.673689e-01 4.800946e-01 5.921612e-02 1.196192e-03 
1.135678e+01 3.571814e-03 6.582422e-02 3.332147e-01 5.191968e-01 7.635344e-02 1.838964e-03 
1.153266e+01 2.240127e-03 4.922130e-02 2.970811e-01 5.519074e-01 9.677122e-02 2.778908e-03 
1.170854e+01 1.381989e-03 3.620500e-02 2.605397e-01 5.770968e-01 1.206458e-01 4.130699e-03 
1.188442e+01 8.391875e-04 2.621237e-02 2.249030e-01 5.939547e-01 1.480472e-01 6.043592e-03 
1.206030e+01 5.018292e-04 1.868903e-02 1.911872e-01 6.020056e-01 1.789085e-01 8.707817e-03 
1.223618e+01 2.956367e-04 1.312722e-02 1.601136e-01 6.011093e-01 2.129939e-01 1.236030e-02 
1.241206e+01 1.716220e-04 9.085956e-03 1.321325e-01 5.914504e-01 2.498709e-01 1.728864e-02 
1.258794e+01 9.818693e-05 6.197761e-03 1.074626e-01 5.735211e-01 2.888884e-01 2.383191e-02 
1.276382e+01 5.536183e-05 4.166534e-03 8.613528e-02 5.480958e-01 3.291703e-01 3.237672e-02 
1.293970e+01 3.076231e-05 2.760367e-03 6.803877e-02 5.161968e-01 3.696264e-01 4.334695e-02 
1.311558e+01 1.684351e-05 1.802039e-03 5.295868e-02 4.790485e-01 4.089880e-01 5.718599e-02 
1.329146e+01 9.086478e-06 1.159072e-03 4.061317e-02 4.380187e-01 4.458690e-01 7.433096e-02 
1.346734e+01 4.828958e-06 7.344324e-04 3.068257e-02 3.945490e-01 4.788494e-01 9.517982e-02 
1.364322e+01 2.527931e-06 4.584026e-04 2.283339e-02 3.500766e-01 5.065759e-01 1.200532e-01 
1.381910e+01 1.303503e-06 2.818236e-04 1.673725e-02 3.059569e-01 5.278677e-01 1.491551e-01 
1.399497e+01 6.620711e-07 1.706685e-04 1.208492e-02 2.633924e-01 5.418157e-01 1.825357e-01 
1.417085e+01 3.312755e-07 1.018173e-04 8.595976e-03 2.233769e-01 5.478606e-01 2.200644e-01 
1.434673e+01 1.633247e-07 5.985045e-05 6.024549e-03 1.866599e-01 5.458411e-01 2.614144e-01 
1.452261e+01 7.936331e-08 3.467519e-05 4.161592e-03 1.537338e-01 5.360041e-01 3.060658e-01 
1.469849e+01 3.802460e-08 1.980830e-05 2.834466e-03 1.248431e-01 5.189755e-01 3.533271e-01 
1.487437e+01 1.797219e-08 1.116264e-05 1.904472e-03 1.000118e-01 4.956979e-01 4.023747e-01 
1.505025e+01 8.384651e-09 6.209182e-06 1.263064e-03 7.908346e-02 4.673419e-01 4.523054e-01 
1.522613e+01 3.863759e-09 3.411480e-06 8.274034e-04 6.176764e-02 4.352047e-01 5.021969e-01 
1.540201e+01 1.759957e-09 1.852757e-06 5.357674e-04 4.768738e-02 4.006078e-01 5.511672e-01 
1.557789e+01 7.930714e-10 9.954331e-07 3.432048e-04 3.642202e-02 3.648072e-01 5.984265e-01 
1.575377e+01 3.538415e-10 5.295317e-07 2.176791e-04 2.754297e-02 3.289226e-01 6.433162e-01 
1.592965e+01 1.564471e-10 2.791478e-07 1.368178e-04 2.064049e-02 2.938910e-01 6.853314e-01 
1.610553e+01 6.860640e-11 1.459536e-07 8.529164e-05 1.534149e-02 2.604457e-01 7.241274e-01 
1.628141e+01 2.986534e-11 7.575321e-08 5.278082e-05 1.131933e-02 2.291152e-01 7.595127e-01 
1.645729e+01 1.291601e-11 3.906119e-08 3.244920e-05 8.297207e-03 2.002390e-01 7.914313e-01 
1.663317e+01 5.553665e-12 2.002535e-08 1.983454e-05 6.046911e-03 1.739938e-01 8.199395e-01 
1.680905e+01 2.375907e-12 1.021441e-08 1.206254e-05 4.384638e-03 1.504240e-01 8.451792e-01 
1.698492e+01 1.011951e-12 5.187129e-09 7.303583e-06 3.165295e-03 1.294736e-01 8.673538e-01 
1.716080e+01 4.293635e-13 2.624073e-09 4.405227e-06 2.276303e-03 1.110147e-01 8.867046e-01 
1.733668e+01 1.815740e-13 1.323085e-09 2.648279e-06 1.631582e-03 9.487303e-02 9.034927e-01 
1.751256e+01 7.656791e-14 6.652189e-10 1.587537e-06 1.166145e-03 8.084810e-02 9.179842e-01 
1.768844e+01 3.220936e-14 3.336440e-10 9.493494e-07 8.314539e-04 6.872884e-02 9.304388e-01 
1.786432e+01 1.352117e-14 1.669932e-10 5.665328e-07 5.915897e-04 5.830488e-02 9.411030e-01 
1.804020e+01 5.666008e-15 8.343443e-11 3.374854e-07 4.201786e-04 4.937438e-02 9.502051e-01 
1.821608e+01 2.370755e-15 4.162347e-11 2.007388e-07 2.979846e-04 4.174890e-02 9.579529e-01 
1.839196e+01 9.907003e-16 2.073850e-11 1.192488e-07 2.110570e-04 3.525611e-02 9.645327e-01 
1.856784e+01 4.135508e-16 1.032161e-11 7.076318e-08 1.493264e-04 2.974095e-02 9.701097e-01 
1.874372e+01 1.724722e-16 5.132407e-12 4.195314e-08 1.055546e-04 2.506564e-02 9.748288e-01 
1.891960e+01 7.187449e-17 2.550117e-12 2.485347e-08 7.455612e-05 2.110903e-02 9.788164e-01 
1.909548e+01 2.993286e-17 1.266243e-12 1.471389e-08 5.262681e-05 1.776542e-02 9.821819e-01 
1.927136e+01 1.245902e-17 6.284000e-13 8.706227e-09 3.712728e-05 1.494325e-02 9.850196e-01 
1.944724e+01 5.183456e-18 3.117132e-13 5.149112e-09 2.618056e-05 1.256361e-02 9.874102e-01 
1.962312e+01 2.155690e-18 1.545630e-13 3.044152e-09 1.845425e-05 1.055881e-02 9.894227e-01 
1.979899e+01 8.962140e-19 7.661510e-14 1.799113e-09 1.300385e-05 8.871034e-03 9.911160e-01 
1.997487e+01 3.724929e-19 3.796680e-14 1.062996e-09 9.160698e-06 7.450995e-03 9.925398e-01 
2.015075e+01 1.547833e-19 1.881021e-14 6.279205e-10 6.451862e-06 6.256828e-03 9.937367e-01 
2.032663e+01 6.430521e-20 9.317494e-15 3.708460e-10 4.543154e-06 5.253032e-03 9.947424e-01 
2.050251e+01 2.671146e-20 4.614599e-15 2.189838e-10 3.198595e-06 4.409560e-03 9.955872e-01 
2.067839e+01 1.109404e-20 2.285123e-15 1.292918e-10 2.251654e-06 3.701018e-03 9.962967e-01 
2.085427e+01 4.607147e-21 1.131450e-15 7.632736e-11 1.584873e-06 3.105971e-03 9.968924e-01 
2.103015e+01 1.913078e-21 5.601694e-16 4.505549e-11 1.115438e-06 2.606344e-03 9.973925e-01 
2.120603e+01 7.943247e-22 2.773118e-16 2.659378e-11 7.849846e-07 2.186911e-03 9.978123e-01 
2.138191e+01 3.297874e-22 1.372738e-16 1.569578e-11 5.523922e-07 1.834851e-03 9.981646e-01 
2.155779e+01 1.369132e-22 6.794893e-17 9.263205e-12 3.886953e-07 1.539381e-03 9.984602e-01 
2.173367e+01 5.683765e-23 3.363231e-17 5.466619e-12 2.734955e-07 1.291429e-03 9.987083e-01 
2.190955e+01 2.359442e-23 1.664613e-17 3.225960e-12 1.924305e-07 1.083372e-03 9.989164e-01 
2.208543e+01 9.794178e-24 8.238639e-18 1.903639e-12 1.353888e-07 9.088035e-04 9.990911e-01 
2.226131e+01 4.065504e-24 4.077419e-18 1.123305e-12 9.525321e-08 7.623426e-04 9.992376e-01 
2.243719e+01 1.687526e-24 2.017925e-18 6.628281e-13 6.701409e-08 6.394700e-04 9.993605e-01 
2.261307e+01 7.004516e-25 9.986561e-19 3.911068e-13 4.714591e-08 5.363910e-04 9.994636e-01 
2.278894e+01 2.907357e-25 4.942193e-19 2.307717e-13 3.316765e-08 4.499204e-04 9.995500e-01 
2.296482e+01 1.206737e-25 2.445780e-19 1.361644e-13 2.333347e-08 3.773842e-04 9.996226e-01 
2.314070e+01 5.008664e-26 1.210348e-19 8.034148e-14 1.641492e-08 3.165386e-04 9.996834e-01 
2.331658e+01 2.078867e-26 5.989609e-20 4.740363e-14 1.154766e-08 2.655005e-04 9.997345e-01 
2.349246e+01 8.628357e-27 2.964034e-20 2.796919e-14 8.123549e-09 2.226899e-04 9.997773e-01 
2.366834e+01 3.581183e-27 1.466780e-20 1.650232e-14 5.714714e-09 1.867810e-04 9.998132e-01 
2.384422e+01 1.486354e-27 7.258457e-21 9.736611e-15 4.020136e-09 1.566615e-04 9.998433e-01 
2.402010e+01 6.169018e-28 3.591877e-21 5.744715e-15 2.828035e-09 1.313983e-04 9.998686e-01 
2.419598e+01 2.560401e-28 1.777448e-21 3.389435e-15 1.989423e-09 1.102086e-04 9.998898e-01 
2.437186e+01 1.062670e-28 8.795708e-22 1.999791e-15 1.399484e-09 9.243573e-05 9.999076e-01 
2.454774e+01 4.410498e-29 4.352547e-22 1.179888e-15 9.844813e-10 7.752877e-05 9.999225e-01 
2.472362e+01 1.830526e-29 2.153848e-22 6.961388e-16 6.925418e-10 6.502568e-05 9.999350e-01 
2.489950e+01 7.597367e-30 1.065825e-22 4.107240e-16 4.871735e-10 5.453885e-05 9.999455e-01 
2.507538e+01 3.153187e-30 5.274191e-23 2.423280e-16 3.427051e-10 4.574318e-05 9.999543e-01 
2.525126e+01 1.308686e-30 2.609908e-23 1.429738e-16 2.410776e-10 3.836596e-05 9.999616e-01 
2.542714e+01 5.431516e-31 1.291499e-23 8.435459e-17 1.695870e-10 3.217847e-05 9.999678e-01 
2.560302e+01 2.254271e-31 6.390908e-24 4.976919e-17 1.192966e-10 2.698884e-05 9.999730e-01 
2.577889e+01 9.356010e-32 3.162501e-24 2.936379e-17 8.391952e-11 2.263615e-05 9.999774e-01 
2.595477e+01 3.883068e-32 1.564943e-24 1.732461e-17 5.903338e-11 1.898544e-05 9.999810e-01 
2.613065e+01 1.611607e-32 7.744011e-25 1.022149e-17 4.152715e-11 1.592350e-05 9.999841e-01 
2.630653e+01 6.688719e-33 3.832068e-25 6.030664e-18 2.921234e-11 1.335538e-05 9.999866e-01 
2.648241e+01 2.776046e-33 1.896271e-25 3.558080e-18 2.054946e-11 1.120144e-05 9.999888e-01 
2.665829e+01 1.152153e-33 9.383554e-26 2.099259e-18 1.445554e-11 9.394877e-06 9.999906e-01 
2.683417e+01 4.781823e-34 4.643380e-26 1.238558e-18 1.016876e-11 7.879675e-06 9.999921e-01 
2.701005e+01 1.984618e-34 2.297740e-26 7.307463e-19 7.153221e-12 6.608842e-06 9.999934e-01 
2.718593e+01 8.236829e-35 1.137019e-26 4.311384e-19 5.031937e-12 5.542968e-06 9.999945e-01 
2.736181e+01 3.418560e-35 5.626447e-27 2.543705e-19 3.539718e-12 4.648998e-06 9.999954e-01 
2.753769e+01 1.418816e-35 2.784202e-27 1.500779e-19 2.490016e-12 3.899206e-06 9.999961e-01 
2.771357e+01 5.888562e-36 1.377740e-27 8.854553e-20 1.751602e-12 3.270341e-06 9.999967e-01 
2.788945e+01 2.443949e-36 6.817633e-28 5.224161e-20 1.232165e-12 2.742899e-06 9.999973e-01 
2.806533e+01 1.014320e-36 3.373650e-28 3.082239e-20 8.667664e-13 2.300523e-06 9.999977e-01 
2.824121e+01 4.209767e-37 1.669423e-28 1.818512e-20 6.097269e-13 1.929493e-06 9.999981e-01 
2.841709e+01 1.747193e-37 8.261001e-29 1.072917e-20 4.289124e-13 1.618303e-06 9.999984e-01 
2.859296e+01 7.251432e-38 4.087888e-29 6.330175e-21 3.017184e-13 1.357302e-06 9.999986e-01 
2.876884e+01 3.009585e-38 2.022857e-29 3.734784e-21 2.122438e-13 1.138396e-06 9.999989e-01 
2.894472e+01 1.249078e-38 1.000994e-29 2.203511e-21 1.493029e-13 9.547944e-07 9.999990e-01 
2.912060e+01 5.184087e-39 4.953336e-30 1.300064e-21 1.050271e-13 8.008045e-07 9.999992e-01 
2.929648e+01 2.151568e-39 2.451117e-30 7.670340e-22 7.388129e-14 6.716501e-07 9.999993e-01 
2.947236e+01 8.929720e-40 1.212915e-30 4.525476e-22 5.197178e-14 5.633259e-07 9.999994e-01 
2.964824e+01 3.706130e-40 6.002008e-31 2.670017e-22 3.655954e-14 4.724722e-07 9.999995e-01 
2.982412e+01 1.538167e-40 2.970043e-31 1.575301e-22 2.571780e-14 3.962715e-07 9.999996e-01 
3.000000e+01 6.383901e-41 1.469701e-31 9.294228e-23 1.809118e-14 3.323605e-07 9.999997e-01 
