#E                   5            6            7            8 
-5.000000e+00 9.999910e-01 9.035598e-06 2.439408e-11 1.811179e-17 
-4.824121e+00 9.999892e-01 1.077307e-05 3.467772e-11 3.069806e-17 
-4.648241e+00 9.999872e-01 1.284465e-05 4.929655e-11 5.203079e-17 
-4.472362e+00 9.999847e-01 1.531456e-05 7.007811e-11 8.818804e-17 
-4.296482e+00 9.999817e-01 1.825941e-05 9.962034e-11 1.494716e-16 
-4.120603e+00 9.999782e-01 2.177051e-05 1.416163e-10 2.533422e-16 
-3.944724e+00 9.999740e-01 2.595675e-05 2.013161e-10 4.293941e-16 
-3.768844e+00 9.999691e-01 3.094792e-05 2.861826e-10 7.277870e-16 
-3.592965e+00 9.999631e-01 3.689881e-05 4.068249e-10 1.233537e-15 
-3.417085e+00 9.999560e-01 4.399393e-05 5.783242e-10 2.090737e-15 
-3.241206e+00 9.999475e-01 5.245327e-05 8.221188e-10 3.543611e-15 
-3.065327e+00 9.999375e-01 6.253910e-05 1.168684e-09 6.006092e-15 
-2.889447e+00 9.999254e-01 7.456411e-05 1.661341e-09 1.017975e-14 
-2.713568e+00 9.999111e-01 8.890109e-05 2.361671e-09 1.725366e-14 
-2.537688e+00 9.998940e-01 1.059944e-04 3.357213e-09 2.924315e-14 
-2.361809e+00 9.998736e-01 1.263740e-04 4.772402e-09 4.956392e-14 
-2.185930e+00 9.998493e-01 1.506713e-04 6.784117e-09 8.400507e-14 
-2.010050e+00 9.998204e-01 1.796393e-04 9.643788e-09 1.423781e-13 
-1.834171e+00 9.997858e-01 2.141756e-04 1.370880e-08 2.413118e-13 
-1.658291e+00 9.997446e-01 2.553498e-04 1.948716e-08 4.089885e-13 
-1.482412e+00 9.996955e-01 3.044371e-04 2.770092e-08 6.931706e-13 
-1.306533e+00 9.996370e-01 3.629574e-04 3.937636e-08 1.174803e-12 
-1.130653e+00 9.995672e-01 4.327218e-04 5.597218e-08 1.991063e-12 
-9.547739e-01 9.994840e-01 5.158887e-04 7.956150e-08 3.374421e-12 
-7.788945e-01 9.993849e-01 6.150302e-04 1.130907e-07 5.718821e-12 
-6.030151e-01 9.992666e-01 7.332102e-04 1.607468e-07 9.691824e-12 
-4.271357e-01 9.991257e-01 8.740790e-04 2.284799e-07 1.642459e-11 
-2.512563e-01 9.989577e-01 1.041984e-03 3.247445e-07 2.783376e-11 
-7.537688e-02 9.987574e-01 1.242103e-03 4.615531e-07 4.716667e-11 
1.005025e-01 9.985187e-01 1.480598e-03 6.559712e-07 7.992484e-11 
2.763819e-01 9.982343e-01 1.764805e-03 9.322403e-07 1.354280e-10 
4.522613e-01 9.978952e-01 2.103453e-03 1.324791e-06 2.294622e-10 
6.281407e-01 9.974912e-01 2.506919e-03 1.882514e-06 3.887637e-10 
8.040201e-01 9.970098e-01 2.987543e-03 2.674826e-06 6.586071e-10 
9.798995e-01 9.964362e-01 3.559981e-03 3.800253e-06 1.115647e-09 
1.155779e+00 9.957530e-01 4.241634e-03 5.398605e-06 1.889641e-09 
1.331658e+00 9.949392e-01 5.053143e-03 7.668199e-06 3.200181e-09 
1.507538e+00 9.939701e-01 6.018966e-03 1.089023e-05 5.418783e-09 
1.683417e+00 9.928165e-01 7.168049e-03 1.546321e-05 9.173767e-09 
1.859296e+00 9.914434e-01 8.534604e-03 2.195157e-05 1.552734e-08 
2.035176e+00 9.898098e-01 1.015899e-02 3.115417e-05 2.627430e-08 
2.211055e+00 9.878670e-01 1.208873e-02 4.420077e-05 4.444555e-08 
2.386935e+00 9.855576e-01 1.437963e-02 6.268740e-05 7.515574e-08 
2.562814e+00 9.828140e-01 1.709703e-02 8.886618e-05 1.270287e-07 
2.738693e+00 9.795567e-01 2.031713e-02 1.259104e-04 2.145905e-07 
2.914573e+00 9.756929e-01 2.412844e-02 1.782839e-04 3.622800e-07 
3.090452e+00 9.711139e-01 2.863319e-02 2.522528e-04 6.111556e-07 
3.266332e+00 9.656937e-01 3.394865e-02 3.565925e-04 1.030081e-06 
3.442211e+00 9.592865e-01 4.020822e-02 5.035563e-04 1.734326e-06 
3.618090e+00 9.517248e-01 4.756213e-02 7.101956e-04 2.916379e-06 
3.793970e+00 9.428176e-01 5.617733e-02 1.000141e-03 4.896781e-06 
3.969849e+00 9.323496e-01 6.623623e-02 1.405980e-03 8.207523e-06 
4.145729e+00 9.200801e-01 7.793381e-02 1.972391e-03 1.372807e-05 
4.321608e+00 9.057446e-01 9.147228e-02 2.760196e-03 2.290550e-05 
4.497487e+00 8.890578e-01 1.070526e-01 3.851511e-03 3.810785e-05 
4.673367e+00 8.697189e-01 1.248618e-01 5.356078e-03 6.318496e-05 
4.849246e+00 8.474215e-01 1.450553e-01 7.418813e-03 1.043481e-04 
5.025126e+00 8.218670e-01 1.677332e-01 1.022830e-02 1.715288e-04 
5.201005e+00 7.927835e-01 1.929104e-01 1.402566e-02 2.804403e-04 
5.376884e+00 7.599512e-01 2.204805e-01 1.911267e-02 4.556401e-04 
5.552764e+00 7.232320e-01 2.501759e-01 2.585712e-02 7.349608e-04 
5.728643e+00 6.826043e-01 2.815272e-01 3.469273e-02 1.175725e-03 
5.904523e+00 6.381994e-01 3.138277e-01 4.610975e-02 1.863132e-03 
6.080402e+00 5.903349e-01 3.461121e-01 6.063197e-02 2.921030e-03 
6.256281e+00 5.395396e-01 3.771595e-01 7.877592e-02 4.524924e-03 
6.432161e+00 4.865630e-01 4.055312e-01 1.009895e-01 6.916357e-03 
6.608040e+00 4.323616e-01 4.296509e-01 1.275707e-01 1.041683e-02 
6.783920e+00 3.780582e-01 4.479305e-01 1.585731e-01 1.543823e-02 
6.959799e+00 3.248727e-01 4.589324e-01 1.937095e-01 2.248550e-02 
7.135678e+00 2.740300e-01 4.615481e-01 2.322751e-01 3.214680e-02 
7.311558e+00 2.266561e-01 4.551661e-01 2.731109e-01 4.506689e-02 
7.487437e+00 1.836792e-01 4.397906e-01 3.146288e-01 6.190140e-02 
7.663317e+00 1.457514e-01 4.160850e-01 3.549099e-01 8.325370e-02 
7.839196e+00 1.132064e-01 3.853220e-01 3.918712e-01 1.096004e-01 
8.015075e+00 8.605852e-02 3.492449e-01 4.234801e-01 1.412165e-01 
8.190955e+00 6.404034e-02 3.098656e-01 4.479811e-01 1.781130e-01 
8.366834e+00 4.666936e-02 2.692371e-01 4.640928e-01 2.200007e-01 
8.542714e+00 3.332806e-02 2.292433e-01 4.711400e-01 2.662887e-01 
8.718593e+00 2.334308e-02 1.914380e-01 4.690995e-01 3.161194e-01 
8.894472e+00 1.605165e-02 1.569543e-01 4.585572e-01 3.684369e-01 
9.070352e+00 1.084916e-02 1.264833e-01 4.405923e-01 4.220753e-01 
9.246231e+00 7.216558e-03 1.003114e-01 4.166176e-01 4.758544e-01 
9.422111e+00 4.730296e-03 7.839569e-02 3.882064e-01 5.286676e-01 
9.597990e+00 3.059475e-03 6.045528e-02 3.569343e-01 5.795510e-01 
9.773869e+00 1.955135e-03 4.606251e-02 3.242538e-01 6.277286e-01 
9.949749e+00 1.236038e-03 3.472051e-02 2.914117e-01 6.726317e-01 
1.012563e+01 7.739975e-04 2.592252e-02 2.594069e-01 7.138966e-01 
1.030151e+01 4.806106e-04 1.919175e-02 2.289825e-01 7.513452e-01 
1.047739e+01 2.962435e-04 1.410436e-02 2.006433e-01 7.849561e-01 
1.065327e+01 1.814349e-04 1.029932e-02 1.746882e-01 8.148311e-01 
1.082915e+01 1.105051e-04 7.479175e-03 1.512488e-01 8.411616e-01 
1.100503e+01 6.698320e-05 5.405312e-03 1.303294e-01 8.641983e-01 
1.118090e+01 4.043574e-05 3.890485e-03 1.118430e-01 8.842261e-01 
1.135678e+01 2.432419e-05 2.790359e-03 9.564200e-02 9.015433e-01 
1.153266e+01 1.458844e-05 1.995327e-03 8.154288e-02 9.164472e-01 
1.170854e+01 8.727122e-06 1.423180e-03 6.934500e-02 9.292231e-01 
1.188442e+01 5.209454e-06 1.012895e-03 5.884414e-02 9.401378e-01 
1.206030e+01 3.103958e-06 7.195673e-04 4.984180e-02 9.494355e-01 
1.223618e+01 1.846565e-06 5.103918e-04 4.215115e-02 9.573366e-01 
1.241206e+01 1.097093e-06 3.615479e-04 3.560041e-02 9.640369e-01 
1.258794e+01 6.510896e-07 2.558272e-04 3.003443e-02 9.697091e-01 
1.276382e+01 3.860401e-07 1.808514e-04 2.531500e-02 9.745038e-01 
1.293970e+01 2.287085e-07 1.277483e-04 2.132037e-02 9.785517e-01 
1.311558e+01 1.354080e-07 9.017803e-05 1.794419e-02 9.819655e-01 
1.329146e+01 8.012434e-08 6.362155e-05 1.509422e-02 9.848421e-01 
1.346734e+01 4.738936e-08 4.486463e-05 1.269095e-02 9.872641e-01 
1.364322e+01 2.801729e-08 3.162517e-05 1.066611e-02 9.893022e-01 
1.381910e+01 1.655875e-08 2.228526e-05 8.961373e-03 9.910163e-01 
1.399497e+01 9.783815e-09 1.569936e-05 7.527004e-03 9.924573e-01 
1.417085e+01 5.779463e-09 1.105718e-05 6.320744e-03 9.936682e-01 
1.434673e+01 3.413355e-09 7.786136e-06 5.306756e-03 9.946855e-01 
1.452261e+01 2.015598e-09 5.481860e-06 4.454701e-03 9.955398e-01 
1.469849e+01 1.190053e-09 3.858992e-06 3.738935e-03 9.962572e-01 
1.487437e+01 7.025522e-10 2.716248e-06 3.137812e-03 9.968595e-01 
1.505025e+01 4.147137e-10 1.911713e-06 2.633078e-03 9.973650e-01 
1.522613e+01 2.447839e-10 1.345366e-06 2.209352e-03 9.977893e-01 
1.540201e+01 1.444732e-10 9.467353e-07 1.853687e-03 9.981454e-01 
1.557789e+01 8.526426e-11 6.661801e-07 1.555188e-03 9.984441e-01 
1.575377e+01 5.031827e-11 4.687419e-07 1.304694e-03 9.986948e-01 
1.592965e+01 2.969387e-11 3.298058e-07 1.094502e-03 9.989052e-01 
1.610553e+01 1.752238e-11 2.320428e-07 9.181420e-04 9.990816e-01 
1.628141e+01 1.033968e-11 1.632547e-07 7.701773e-04 9.992297e-01 
1.645729e+01 6.101137e-12 1.148557e-07 6.460428e-04 9.993538e-01 
1.663317e+01 3.600026e-12 8.080366e-08 5.419049e-04 9.994580e-01 
1.680905e+01 2.124190e-12 5.684628e-08 4.545457e-04 9.995454e-01 
1.698492e+01 1.253357e-12 3.999144e-08 3.812642e-04 9.996187e-01 
1.716080e+01 7.395220e-13 2.813370e-08 3.197932e-04 9.996802e-01 
1.733668e+01 4.363381e-13 1.979167e-08 2.682305e-04 9.997317e-01 
1.751256e+01 2.574492e-13 1.392304e-08 2.249798e-04 9.997750e-01 
1.768844e+01 1.518997e-13 9.794518e-09 1.887017e-04 9.998113e-01 
1.786432e+01 8.962308e-14 6.890161e-09 1.582726e-04 9.998417e-01 
1.804020e+01 5.287868e-14 4.847006e-09 1.327496e-04 9.998672e-01 
1.821608e+01 3.119892e-14 3.409698e-09 1.113420e-04 9.998887e-01 
1.839196e+01 1.840759e-14 2.398595e-09 9.338636e-05 9.999066e-01 
1.856784e+01 1.086058e-14 1.687316e-09 7.832611e-05 9.999217e-01 
1.874372e+01 6.407791e-15 1.186957e-09 6.569443e-05 9.999343e-01 
1.891960e+01 3.780616e-15 8.349737e-10 5.509976e-05 9.999449e-01 
1.909548e+01 2.230571e-15 5.873673e-10 4.621363e-05 9.999538e-01 
1.927136e+01 1.316040e-15 4.131865e-10 3.876055e-05 9.999612e-01 
1.944724e+01 7.764640e-16 2.906577e-10 3.250942e-05 9.999675e-01 
1.962312e+01 4.581136e-16 2.044642e-10 2.726641e-05 9.999727e-01 
1.979899e+01 2.702868e-16 1.438309e-10 2.286896e-05 9.999771e-01 
1.997487e+01 1.594689e-16 1.011782e-10 1.918071e-05 9.999808e-01 
2.015075e+01 9.408644e-17 7.117401e-11 1.608728e-05 9.999839e-01 
2.032663e+01 5.551084e-17 5.006747e-11 1.349274e-05 9.999865e-01 
2.050251e+01 3.275129e-17 3.522003e-11 1.131664e-05 9.999887e-01 
2.067839e+01 1.932319e-17 2.477556e-11 9.491504e-06 9.999905e-01 
2.085427e+01 1.140064e-17 1.742839e-11 7.960718e-06 9.999920e-01 
2.103015e+01 6.726348e-18 1.226001e-11 6.676815e-06 9.999933e-01 
2.120603e+01 3.968528e-18 8.624314e-12 5.599978e-06 9.999944e-01 
2.138191e+01 2.341421e-18 6.066777e-12 4.696813e-06 9.999953e-01 
2.155779e+01 1.381432e-18 4.267676e-12 3.939310e-06 9.999961e-01 
2.173367e+01 8.150409e-19 3.002098e-12 3.303977e-06 9.999967e-01 
2.190955e+01 4.808717e-19 2.111826e-12 2.771110e-06 9.999972e-01 
2.208543e+01 2.837129e-19 1.485564e-12 2.324184e-06 9.999977e-01 
2.226131e+01 1.673898e-19 1.045020e-12 1.949338e-06 9.999981e-01 
2.243719e+01 9.875946e-20 7.351195e-13 1.634948e-06 9.999984e-01 
2.261307e+01 5.826778e-20 5.171198e-13 1.371262e-06 9.999986e-01 
2.278894e+01 3.437781e-20 3.637679e-13 1.150104e-06 9.999988e-01 
2.296482e+01 2.028280e-20 2.558925e-13 9.646146e-07 9.999990e-01 
2.314070e+01 1.196679e-20 1.800075e-13 8.090409e-07 9.999992e-01 
2.331658e+01 7.060368e-21 1.266263e-13 6.785581e-07 9.999993e-01 
2.349246e+01 4.165595e-21 8.907524e-14 5.691198e-07 9.999994e-01 
2.366834e+01 2.457688e-21 6.265996e-14 4.773317e-07 9.999995e-01 
2.384422e+01 1.450028e-21 4.407814e-14 4.003472e-07 9.999996e-01 
2.402010e+01 8.555119e-22 3.100676e-14 3.357789e-07 9.999997e-01 
2.419598e+01 5.047493e-22 2.181170e-14 2.816242e-07 9.999997e-01 
2.437186e+01 2.978005e-22 1.534344e-14 2.362036e-07 9.999998e-01 
2.454774e+01 1.757013e-22 1.079334e-14 1.981085e-07 9.999998e-01 
2.472362e+01 1.036632e-22 7.592571e-15 1.661574e-07 9.999998e-01 
2.489950e+01 6.116097e-23 5.340992e-15 1.393594e-07 9.999999e-01 
2.507538e+01 3.608478e-23 3.757120e-15 1.168834e-07 9.999999e-01 
2.525126e+01 2.128990e-23 2.642945e-15 9.803234e-08 9.999999e-01 
2.542714e+01 1.256097e-23 1.859179e-15 8.222160e-08 9.999999e-01 
2.560302e+01 7.410935e-24 1.307839e-15 6.896083e-08 9.999999e-01 
2.577889e+01 4.372428e-24 9.199992e-16 5.783877e-08 9.999999e-01 
2.595477e+01 2.579718e-24 6.471733e-16 4.851048e-08 1.000000e+00 
2.613065e+01 1.522026e-24 4.552539e-16 4.068667e-08 1.000000e+00 
2.630653e+01 8.979902e-25 3.202483e-16 3.412469e-08 1.000000e+00 
2.648241e+01 5.298113e-25 2.252786e-16 2.862103e-08 1.000000e+00 
2.665829e+01 3.125870e-25 1.584722e-16 2.400500e-08 1.000000e+00 
2.683417e+01 1.844253e-25 1.114772e-16 2.013346e-08 1.000000e+00 
2.701005e+01 1.088103e-25 7.841861e-17 1.688631e-08 1.000000e+00 
2.718593e+01 6.419775e-26 5.516356e-17 1.416287e-08 1.000000e+00 
2.736181e+01 3.787647e-26 3.880479e-17 1.187867e-08 1.000000e+00 
2.753769e+01 2.234699e-26 2.729722e-17 9.962871e-09 1.000000e+00 
2.771357e+01 1.318465e-26 1.920223e-17 8.356051e-09 1.000000e+00 
2.788945e+01 7.778904e-27 1.350780e-17 7.008380e-09 1.000000e+00 
2.806533e+01 4.589528e-27 9.502060e-18 5.878062e-09 1.000000e+00 
2.824121e+01 2.707807e-27 6.684222e-18 4.930043e-09 1.000000e+00 
2.841709e+01 1.597597e-27 4.702014e-18 4.134921e-09 1.000000e+00 
2.859296e+01 9.425773e-28 3.307631e-18 3.468038e-09 1.000000e+00 
2.876884e+01 5.561176e-28 2.326752e-18 2.908710e-09 1.000000e+00 
2.894472e+01 3.281076e-28 1.636753e-18 2.439590e-09 1.000000e+00 
2.912060e+01 1.935824e-28 1.151374e-18 2.046131e-09 1.000000e+00 
2.929648e+01 1.142130e-28 8.099336e-19 1.716129e-09 1.000000e+00 
2.947236e+01 6.738531e-29 5.697476e-19 1.439350e-09 1.000000e+00 
2.964824e+01 3.975711e-29 4.007888e-19 1.207211e-09 1.000000e+00 
2.982412e+01 2.345657e-29 2.819348e-19 1.012511e-09 1.000000e+00 
3.000000e+01 1.383930e-29 1.983270e-19 8.492122e-10 1.000000e+00 
