#E                   6            7            8 
-5.000000e+00 9.999980e-01 2.040302e-06 9.773320e-13 
-4.824121e+00 9.999976e-01 2.432639e-06 1.389341e-12 
-4.648241e+00 9.999971e-01 2.900420e-06 1.975038e-12 
-4.472362e+00 9.999965e-01 3.458153e-06 2.807645e-12 
-4.296482e+00 9.999959e-01 4.123133e-06 3.991249e-12 
-4.120603e+00 9.999951e-01 4.915984e-06 5.673818e-12 
-3.944724e+00 9.999941e-01 5.861293e-06 8.065697e-12 
-3.768844e+00 9.999930e-01 6.988379e-06 1.146590e-11 
-3.592965e+00 9.999917e-01 8.332192e-06 1.629951e-11 
-3.417085e+00 9.999901e-01 9.934409e-06 2.317079e-11 
-3.241206e+00 9.999882e-01 1.184472e-05 3.293873e-11 
-3.065327e+00 9.999859e-01 1.412236e-05 4.682446e-11 
-2.889447e+00 9.999832e-01 1.683796e-05 6.656387e-11 
-2.713568e+00 9.999799e-01 2.007573e-05 9.462460e-11 
-2.537688e+00 9.999761e-01 2.393609e-05 1.345146e-10 
-2.361809e+00 9.999715e-01 2.853873e-05 1.912204e-10 
-2.185930e+00 9.999660e-01 3.402638e-05 2.718308e-10 
-2.010050e+00 9.999594e-01 4.056919e-05 3.864228e-10 
-1.834171e+00 9.999516e-01 4.837004e-05 5.493211e-10 
-1.658291e+00 9.999423e-01 5.767078e-05 7.808887e-10 
-1.482412e+00 9.999312e-01 6.875978e-05 1.110072e-09 
-1.306533e+00 9.999180e-01 8.198080e-05 1.578020e-09 
-1.130653e+00 9.999023e-01 9.774370e-05 2.243223e-09 
-9.547739e-01 9.998835e-01 1.165371e-04 3.188829e-09 
-7.788945e-01 9.998611e-01 1.389434e-04 4.533027e-09 
-6.030151e-01 9.998343e-01 1.656569e-04 6.443824e-09 
-4.271357e-01 9.998025e-01 1.975055e-04 9.160026e-09 
-2.512563e-01 9.997645e-01 2.354758e-04 1.302108e-08 
-7.537688e-02 9.997192e-01 2.807437e-04 1.850949e-08 
1.005025e-01 9.996653e-01 3.347110e-04 2.631103e-08 
2.763819e-01 9.996009e-01 3.990483e-04 3.740044e-08 
4.522613e-01 9.995242e-01 4.757465e-04 5.316310e-08 
6.281407e-01 9.994327e-01 5.671779e-04 7.556792e-08 
8.040201e-01 9.993237e-01 6.761692e-04 1.074130e-07 
9.798995e-01 9.991938e-01 8.060878e-04 1.526748e-07 
1.155779e+00 9.990388e-01 9.609449e-04 2.170036e-07 
1.331658e+00 9.988542e-01 1.145517e-03 3.084279e-07 
1.507538e+00 9.986341e-01 1.365493e-03 4.383538e-07 
1.683417e+00 9.983717e-01 1.627641e-03 6.229850e-07 
1.859296e+00 9.980591e-01 1.940020e-03 8.853368e-07 
2.035176e+00 9.976865e-01 2.312211e-03 1.258094e-06 
2.211055e+00 9.972426e-01 2.755609e-03 1.787668e-06 
2.386935e+00 9.967137e-01 3.283755e-03 2.539940e-06 
2.562814e+00 9.960837e-01 3.912727e-03 3.608408e-06 
2.738693e+00 9.953333e-01 4.661607e-03 5.125725e-06 
2.914573e+00 9.944397e-01 5.553018e-03 7.280012e-06 
3.090452e+00 9.933759e-01 6.613749e-03 1.033794e-05 
3.266332e+00 9.921098e-01 7.875484e-03 1.467734e-05 
3.442211e+00 9.906035e-01 9.375638e-03 2.083312e-05 
3.618090e+00 9.888121e-01 1.115830e-02 2.956208e-05 
3.793970e+00 9.866827e-01 1.327533e-02 4.193394e-05 
3.969849e+00 9.841530e-01 1.578752e-02 5.945901e-05 
4.145729e+00 9.811498e-01 1.876593e-02 8.426696e-05 
4.321608e+00 9.775874e-01 2.229327e-02 1.193561e-04 
4.497487e+00 9.733657e-01 2.646535e-02 1.689397e-04 
4.673367e+00 9.683686e-01 3.139249e-02 2.389260e-04 
4.849246e+00 9.624616e-01 3.720078e-02 3.375771e-04 
5.025126e+00 9.554906e-01 4.403302e-02 4.764122e-04 
5.201005e+00 9.472794e-01 5.204914e-02 6.714312e-04 
5.376884e+00 9.376295e-01 6.142571e-02 9.447602e-04 
5.552764e+00 9.263191e-01 7.235408e-02 1.326838e-03 
5.728643e+00 9.131041e-01 8.503665e-02 1.859278e-03 
5.904523e+00 8.977209e-01 9.968059e-02 2.598557e-03 
6.080402e+00 8.798912e-01 1.164881e-01 3.620653e-03 
6.256281e+00 8.593306e-01 1.356427e-01 5.026724e-03 
6.432161e+00 8.357601e-01 1.572901e-01 6.949817e-03 
6.608040e+00 8.089235e-01 1.815142e-01 9.562381e-03 
6.783920e+00 7.786081e-01 2.083078e-01 1.308412e-02 
6.959799e+00 7.446718e-01 2.375390e-01 1.778924e-02 
7.135678e+00 7.070720e-01 2.689163e-01 2.401170e-02 
7.311558e+00 6.658972e-01 3.019563e-01 3.214648e-02 
7.487437e+00 6.213952e-01 3.359605e-01 4.264430e-02 
7.663317e+00 5.739944e-01 3.700083e-01 5.599737e-02 
7.839196e+00 5.243121e-01 4.029741e-01 7.271380e-02 
8.015075e+00 4.731447e-01 4.335755e-01 9.327985e-02 
8.190955e+00 4.214355e-01 4.604530e-01 1.181114e-01 
8.366834e+00 3.702213e-01 4.822797e-01 1.474990e-01 
8.542714e+00 3.205601e-01 4.978867e-01 1.815532e-01 
8.718593e+00 2.734507e-01 5.063882e-01 2.201611e-01 
8.894472e+00 2.297542e-01 5.072844e-01 2.629613e-01 
9.070352e+00 1.901304e-01 5.005219e-01 3.093477e-01 
9.246231e+00 1.549988e-01 4.865003e-01 3.585010e-01 
9.422111e+00 1.245287e-01 4.660235e-01 4.094478e-01 
9.597990e+00 9.865826e-02 4.402053e-01 4.611365e-01 
9.773869e+00 7.713413e-02 4.103475e-01 5.125184e-01 
9.949749e+00 5.956452e-02 3.778125e-01 5.626230e-01 
1.012563e+01 4.547488e-02 3.439091e-01 6.106160e-01 
1.030151e+01 3.435835e-02 3.098046e-01 6.558370e-01 
1.047739e+01 2.571633e-02 2.764700e-01 6.978137e-01 
1.065327e+01 1.908677e-02 2.446555e-01 7.362577e-01 
1.082915e+01 1.406100e-02 2.148929e-01 7.710461e-01 
1.100503e+01 1.029077e-02 1.875156e-01 8.021936e-01 
1.118090e+01 7.488363e-03 1.626896e-01 8.298221e-01 
1.135678e+01 5.421994e-03 1.404479e-01 8.541301e-01 
1.153266e+01 3.908929e-03 1.207251e-01 8.753660e-01 
1.170854e+01 2.807657e-03 1.033873e-01 8.938050e-01 
1.188442e+01 2.010239e-03 8.825804e-02 9.097317e-01 
1.206030e+01 1.435389e-03 7.513804e-02 9.234266e-01 
1.223618e+01 1.022551e-03 6.382027e-02 9.351572e-01 
1.241206e+01 7.270171e-04 5.410054e-02 9.451724e-01 
1.258794e+01 5.160339e-04 4.578452e-02 9.536994e-01 
1.276382e+01 3.657607e-04 3.869198e-02 9.609423e-01 
1.293970e+01 2.589382e-04 3.265905e-02 9.670820e-01 
1.311558e+01 1.831287e-04 2.753894e-02 9.722779e-01 
1.329146e+01 1.294036e-04 2.320174e-02 9.766689e-01 
1.346734e+01 9.137437e-05 1.953359e-02 9.803750e-01 
1.364322e+01 6.448217e-05 1.643542e-02 9.835001e-01 
1.381910e+01 4.548140e-05 1.382160e-02 9.861329e-01 
1.399497e+01 3.206579e-05 1.161850e-02 9.883494e-01 
1.417085e+01 2.259924e-05 9.763045e-03 9.902144e-01 
1.434673e+01 1.592261e-05 8.201421e-03 9.917827e-01 
1.452261e+01 1.121564e-05 6.887832e-03 9.931010e-01 
1.469849e+01 7.898441e-06 5.783400e-03 9.942087e-01 
1.487437e+01 5.561357e-06 4.855189e-03 9.951393e-01 
1.505025e+01 3.915208e-06 4.075337e-03 9.959207e-01 
1.522613e+01 2.755967e-06 3.420316e-03 9.965769e-01 
1.540201e+01 1.939756e-06 2.870270e-03 9.971278e-01 
1.557789e+01 1.365153e-06 2.408466e-03 9.975902e-01 
1.575377e+01 9.606905e-07 2.020813e-03 9.979782e-01 
1.592965e+01 6.760180e-07 1.695447e-03 9.983039e-01 
1.610553e+01 4.756749e-07 1.422393e-03 9.985771e-01 
1.628141e+01 3.346902e-07 1.193262e-03 9.988064e-01 
1.645729e+01 2.354831e-07 1.001005e-03 9.989988e-01 
1.663317e+01 1.656773e-07 8.396974e-04 9.991601e-01 
1.680905e+01 1.165614e-07 7.043657e-04 9.992955e-01 
1.698492e+01 8.200444e-08 5.908322e-04 9.994091e-01 
1.716080e+01 5.769151e-08 4.955895e-04 9.995044e-01 
1.733668e+01 4.058632e-08 4.156936e-04 9.995843e-01 
1.751256e+01 2.855235e-08 3.486736e-04 9.996513e-01 
1.768844e+01 2.008628e-08 2.924556e-04 9.997075e-01 
1.786432e+01 1.413035e-08 2.452997e-04 9.997547e-01 
1.804020e+01 9.940387e-09 2.057457e-04 9.997942e-01 
1.821608e+01 6.992795e-09 1.725686e-04 9.998274e-01 
1.839196e+01 4.919217e-09 1.447406e-04 9.998553e-01 
1.856784e+01 3.460503e-09 1.213995e-04 9.998786e-01 
1.874372e+01 2.434338e-09 1.018221e-04 9.998982e-01 
1.891960e+01 1.712462e-09 8.540155e-05 9.999146e-01 
1.909548e+01 1.204648e-09 7.162890e-05 9.999284e-01 
1.927136e+01 8.474191e-10 6.007723e-05 9.999399e-01 
1.944724e+01 5.961226e-10 5.038841e-05 9.999496e-01 
1.962312e+01 4.193457e-10 4.226206e-05 9.999577e-01 
1.979899e+01 2.949906e-10 3.544624e-05 9.999646e-01 
1.997487e+01 2.075123e-10 2.972961e-05 9.999703e-01 
2.015075e+01 1.459752e-10 2.493491e-05 9.999751e-01 
2.032663e+01 1.026866e-10 2.091347e-05 9.999791e-01 
2.050251e+01 7.223512e-11 1.754059e-05 9.999825e-01 
2.067839e+01 5.081392e-11 1.471167e-05 9.999853e-01 
2.085427e+01 3.574513e-11 1.233899e-05 9.999877e-01 
2.103015e+01 2.514495e-11 1.034897e-05 9.999897e-01 
2.120603e+01 1.768824e-11 8.679890e-06 9.999913e-01 
2.138191e+01 1.244281e-11 7.280000e-06 9.999927e-01 
2.155779e+01 8.752900e-12 6.105882e-06 9.999939e-01 
2.173367e+01 6.157231e-12 5.121125e-06 9.999949e-01 
2.190955e+01 4.331307e-12 4.295189e-06 9.999957e-01 
2.208543e+01 3.046859e-12 3.602460e-06 9.999964e-01 
2.226131e+01 2.143313e-12 3.021454e-06 9.999970e-01 
2.243719e+01 1.507714e-12 2.534152e-06 9.999975e-01 
2.261307e+01 1.060602e-12 2.125443e-06 9.999979e-01 
2.278894e+01 7.460802e-13 1.782650e-06 9.999982e-01 
2.296482e+01 5.248301e-13 1.495143e-06 9.999985e-01 
2.314070e+01 3.691917e-13 1.254006e-06 9.999987e-01 
2.331658e+01 2.597079e-13 1.051759e-06 9.999989e-01 
2.349246e+01 1.826915e-13 8.821303e-07 9.999991e-01 
2.366834e+01 1.285143e-13 7.398597e-07 9.999993e-01 
2.384422e+01 9.040336e-14 6.205345e-07 9.999994e-01 
2.402010e+01 6.359423e-14 5.204542e-07 9.999995e-01 
2.419598e+01 4.473535e-14 4.365150e-07 9.999996e-01 
2.437186e+01 3.146908e-14 3.661135e-07 9.999996e-01 
2.454774e+01 2.213692e-14 3.070664e-07 9.999997e-01 
2.472362e+01 1.557221e-14 2.575425e-07 9.999997e-01 
2.489950e+01 1.095427e-14 2.160058e-07 9.999998e-01 
2.507538e+01 7.705777e-15 1.811682e-07 9.999998e-01 
2.525126e+01 5.420628e-15 1.519492e-07 9.999998e-01 
2.542714e+01 3.813139e-15 1.274427e-07 9.999999e-01 
2.560302e+01 2.682352e-15 1.068887e-07 9.999999e-01 
2.577889e+01 1.886900e-15 8.964957e-08 9.999999e-01 
2.595477e+01 1.327339e-15 7.519081e-08 9.999999e-01 
2.613065e+01 9.337166e-16 6.306397e-08 9.999999e-01 
2.630653e+01 6.568228e-16 5.289296e-08 9.999999e-01 
2.648241e+01 4.620418e-16 4.436234e-08 1.000000e+00 
2.665829e+01 3.250232e-16 3.720754e-08 1.000000e+00 
2.683417e+01 2.286375e-16 3.120668e-08 1.000000e+00 
2.701005e+01 1.608350e-16 2.617364e-08 1.000000e+00 
2.718593e+01 1.131394e-16 2.195233e-08 1.000000e+00 
2.736181e+01 7.958785e-17 1.841184e-08 1.000000e+00 
2.753769e+01 5.598606e-17 1.544236e-08 1.000000e+00 
2.771357e+01 3.938338e-17 1.295180e-08 1.000000e+00 
2.788945e+01 2.770423e-17 1.086293e-08 1.000000e+00 
2.806533e+01 1.948853e-17 9.110944e-09 1.000000e+00 
2.824121e+01 1.370921e-17 7.641523e-09 1.000000e+00 
2.841709e+01 9.643737e-18 6.409092e-09 1.000000e+00 
2.859296e+01 6.783885e-18 5.375428e-09 1.000000e+00 
2.876884e+01 4.772122e-18 4.508474e-09 1.000000e+00 
2.894472e+01 3.356948e-18 3.781343e-09 1.000000e+00 
2.912060e+01 2.361445e-18 3.171485e-09 1.000000e+00 
2.929648e+01 1.661158e-18 2.659985e-09 1.000000e+00 
2.947236e+01 1.168541e-18 2.230980e-09 1.000000e+00 
2.964824e+01 8.220099e-19 1.871166e-09 1.000000e+00 
2.982412e+01 5.782427e-19 1.569383e-09 1.000000e+00 
3.000000e+01 4.067647e-19 1.316271e-09 1.000000e+00 
