#E                   5            6            7            8 
-5.000000e+00 1.000000e+00 4.582819e-09 5.058763e-18 1.961970e-27 
-4.824121e+00 1.000000e+00 5.464069e-09 7.191363e-18 3.325392e-27 
-4.648241e+00 1.000000e+00 6.514778e-09 1.022299e-17 5.636288e-27 
-4.472362e+00 1.000000e+00 7.767533e-09 1.453266e-17 9.553082e-27 
-4.296482e+00 1.000000e+00 9.261185e-09 2.065912e-17 1.619175e-26 
-4.120603e+00 1.000000e+00 1.104206e-08 2.936830e-17 2.744380e-26 
-3.944724e+00 1.000000e+00 1.316538e-08 4.174896e-17 4.651517e-26 
-3.768844e+00 1.000000e+00 1.569701e-08 5.934889e-17 7.883970e-26 
-3.592965e+00 1.000000e+00 1.871545e-08 8.436834e-17 1.336273e-25 
-3.417085e+00 1.000000e+00 2.231433e-08 1.199351e-16 2.264882e-25 
-3.241206e+00 1.000000e+00 2.660524e-08 1.704957e-16 3.838805e-25 
-3.065327e+00 1.000000e+00 3.172128e-08 2.423708e-16 6.506484e-25 
-2.889447e+00 1.000000e+00 3.782110e-08 3.445459e-16 1.102800e-24 
-2.713568e+00 1.000000e+00 4.509388e-08 4.897946e-16 1.869162e-24 
-2.537688e+00 9.999999e-01 5.376517e-08 6.962752e-16 3.168089e-24 
-2.361809e+00 9.999999e-01 6.410391e-08 9.898008e-16 5.369672e-24 
-2.185930e+00 9.999999e-01 7.643072e-08 1.407067e-15 9.101188e-24 
-2.010050e+00 9.999999e-01 9.112791e-08 2.000238e-15 1.542583e-23 
-1.834171e+00 9.999999e-01 1.086513e-07 2.843469e-15 2.614561e-23 
-1.658291e+00 9.999999e-01 1.295443e-07 4.042178e-15 4.431484e-23 
-1.482412e+00 9.999998e-01 1.544549e-07 5.746221e-15 7.511030e-23 
-1.306533e+00 9.999998e-01 1.841557e-07 8.168629e-15 1.273063e-22 
-1.130653e+00 9.999998e-01 2.195678e-07 1.161224e-14 2.157745e-22 
-9.547739e-01 9.999997e-01 2.617894e-07 1.650756e-14 3.657215e-22 
-7.788945e-01 9.999997e-01 3.121300e-07 2.346658e-14 6.198703e-22 
-6.030151e-01 9.999996e-01 3.721507e-07 3.335928e-14 1.050633e-21 
-4.271357e-01 9.999996e-01 4.437132e-07 4.742241e-14 1.780744e-21 
-2.512563e-01 9.999995e-01 5.290366e-07 6.741406e-14 3.018226e-21 
-7.537688e-02 9.999994e-01 6.307672e-07 9.583349e-14 5.115665e-21 
1.005025e-01 9.999992e-01 7.520601e-07 1.362336e-13 8.670665e-21 
2.763819e-01 9.999991e-01 8.966768e-07 1.936649e-13 1.469612e-20 
4.522613e-01 9.999989e-01 1.069102e-06 2.753074e-13 2.490881e-20 
6.281407e-01 9.999987e-01 1.274684e-06 3.913674e-13 4.221854e-20 
8.040201e-01 9.999985e-01 1.519798e-06 5.563543e-13 7.155723e-20 
9.798995e-01 9.999982e-01 1.812046e-06 7.908939e-13 1.212841e-19 
1.155779e+00 9.999978e-01 2.160492e-06 1.124307e-12 2.055673e-19 
1.331658e+00 9.999974e-01 2.575941e-06 1.598276e-12 3.484208e-19 
1.507538e+00 9.999969e-01 3.071278e-06 2.272053e-12 5.905467e-19 
1.683417e+00 9.999963e-01 3.661865e-06 3.229870e-12 1.000931e-18 
1.859296e+00 9.999956e-01 4.366017e-06 4.591469e-12 1.696502e-18 
2.035176e+00 9.999948e-01 5.205573e-06 6.527068e-12 2.875441e-18 
2.211055e+00 9.999938e-01 6.206569e-06 9.278647e-12 4.873650e-18 
2.386935e+00 9.999926e-01 7.400047e-06 1.319019e-11 8.260458e-18 
2.562814e+00 9.999912e-01 8.823022e-06 1.875069e-11 1.400083e-17 
2.738693e+00 9.999895e-01 1.051962e-05 2.665529e-11 2.373031e-17 
2.914573e+00 9.999875e-01 1.254246e-05 3.789217e-11 4.022101e-17 
3.090452e+00 9.999850e-01 1.495426e-05 5.386608e-11 6.817141e-17 
3.266332e+00 9.999822e-01 1.782983e-05 7.657394e-11 1.155451e-16 
3.442211e+00 9.999787e-01 2.125833e-05 1.088545e-10 1.958395e-16 
3.618090e+00 9.999747e-01 2.534608e-05 1.547432e-10 3.319318e-16 
3.793970e+00 9.999698e-01 3.021984e-05 2.199765e-10 5.625966e-16 
3.969849e+00 9.999640e-01 3.603074e-05 3.127092e-10 9.535532e-16 
4.145729e+00 9.999570e-01 4.295894e-05 4.445336e-10 1.616189e-15 
4.321608e+00 9.999488e-01 5.121928e-05 6.319285e-10 2.739296e-15 
4.497487e+00 9.999389e-01 6.106785e-05 8.983189e-10 4.642855e-15 
4.673367e+00 9.999272e-01 7.280999e-05 1.277004e-09 7.869196e-15 
4.849246e+00 9.999132e-01 8.680972e-05 1.815320e-09 1.333751e-14 
5.025126e+00 9.998965e-01 1.035010e-04 2.580553e-09 2.260569e-14 
5.201005e+00 9.998766e-01 1.234012e-04 3.668353e-09 3.831417e-14 
5.376884e+00 9.998529e-01 1.471270e-04 5.214680e-09 6.493809e-14 
5.552764e+00 9.998246e-01 1.754138e-04 7.412800e-09 1.100620e-13 
5.728643e+00 9.997909e-01 2.091378e-04 1.053743e-08 1.865406e-13 
5.904523e+00 9.997506e-01 2.493437e-04 1.497904e-08 3.161594e-13 
6.080402e+00 9.997027e-01 2.972768e-04 2.129267e-08 5.358407e-13 
6.256281e+00 9.996455e-01 3.544212e-04 3.026719e-08 9.081576e-13 
6.432161e+00 9.995774e-01 4.225456e-04 4.302387e-08 1.539154e-12 
6.608040e+00 9.994962e-01 5.037577e-04 6.115628e-08 2.608537e-12 
6.783920e+00 9.993993e-01 6.005692e-04 8.692924e-08 4.420845e-12 
6.959799e+00 9.992839e-01 7.159725e-04 1.235613e-07 7.492133e-12 
7.135678e+00 9.991463e-01 8.535324e-04 1.756264e-07 1.269685e-11 
7.311558e+00 9.989823e-01 1.017495e-03 2.496234e-07 2.151667e-11 
7.487437e+00 9.987867e-01 1.212916e-03 3.547866e-07 3.646199e-11 
7.663317e+00 9.985537e-01 1.445815e-03 5.042347e-07 6.178591e-11 
7.839196e+00 9.982759e-01 1.723357e-03 7.166033e-07 1.046933e-10 
8.015075e+00 9.979449e-01 2.054068e-03 1.018361e-06 1.773884e-10 
8.190955e+00 9.975505e-01 2.448085e-03 1.447095e-06 3.005412e-10 
8.366834e+00 9.970805e-01 2.917463e-03 2.056171e-06 5.091546e-10 
8.542714e+00 9.965206e-01 3.476520e-03 2.921340e-06 8.624939e-10 
8.718593e+00 9.958536e-01 4.142261e-03 4.150097e-06 1.460884e-09 
8.894472e+00 9.950592e-01 4.934855e-03 5.894929e-06 2.474112e-09 
9.070352e+00 9.941134e-01 5.878206e-03 8.372063e-06 4.189448e-09 
9.246231e+00 9.929875e-01 7.000614e-03 1.188796e-05 7.092755e-09 
9.422111e+00 9.916476e-01 8.335529e-03 1.687671e-05 1.200546e-08 
9.597990e+00 9.900536e-01 9.922428e-03 2.395278e-05 2.031564e-08 
9.773869e+00 9.881582e-01 1.180780e-02 3.398526e-05 3.436756e-08 
9.949749e+00 9.859055e-01 1.404628e-02 4.820214e-05 5.811763e-08 
1.012563e+01 9.832297e-01 1.670185e-02 6.833654e-05 9.823765e-08 
1.030151e+01 9.800538e-01 1.984920e-02 9.683108e-05 1.659676e-07 
1.047739e+01 9.762875e-01 2.357514e-02 1.371227e-04 2.802215e-07 
1.065327e+01 9.718255e-01 2.798003e-02 1.940381e-04 4.727835e-07 
1.082915e+01 9.665457e-01 3.317919e-02 2.743393e-04 7.969788e-07 
1.100503e+01 9.603072e-01 3.930402e-02 3.874741e-04 1.342100e-06 
1.118090e+01 9.529483e-01 4.650286e-02 5.465989e-04 2.257327e-06 
1.135678e+01 9.442852e-01 5.494105e-02 7.699623e-04 3.791217e-06 
1.153266e+01 9.341108e-01 6.480009e-02 1.082758e-03 6.356590e-06 
1.170854e+01 9.221946e-01 7.627518e-02 1.519577e-03 1.063650e-05 
1.188442e+01 9.082840e-01 8.957066e-02 2.127594e-03 1.775612e-05 
1.206030e+01 8.921072e-01 1.048925e-01 2.970646e-03 2.955929e-05 
1.223618e+01 8.733793e-01 1.224373e-01 4.134316e-03 4.904900e-05 
1.241206e+01 8.518106e-01 1.423762e-01 5.732060e-03 8.108129e-05 
1.258794e+01 8.271203e-01 1.648339e-01 7.912310e-03 1.334433e-04 
1.276382e+01 7.990536e-01 1.898617e-01 1.086619e-02 2.185014e-04 
1.293970e+01 7.674044e-01 2.174048e-01 1.483518e-02 3.556747e-04 
1.311558e+01 7.320417e-01 2.472658e-01 2.011737e-02 5.750622e-04 
1.329146e+01 6.929404e-01 2.790664e-01 2.707061e-02 9.226250e-04 
1.346734e+01 6.502110e-01 3.122119e-01 3.610967e-02 1.467351e-03 
1.364322e+01 6.041288e-01 3.458662e-01 4.769420e-02 2.310785e-03 
1.381910e+01 5.551531e-01 3.789438e-01 6.230397e-02 3.599094e-03 
1.399497e+01 5.039356e-01 4.101291e-01 8.039793e-02 5.537399e-03 
1.417085e+01 4.513099e-01 4.379291e-01 1.023556e-01 8.405354e-03 
1.434673e+01 3.982608e-01 4.607655e-01 1.284018e-01 1.257185e-02 
1.452261e+01 3.458720e-01 4.771020e-01 1.585207e-01 1.850535e-02 
1.469849e+01 2.952560e-01 4.855994e-01 1.923695e-01 2.677509e-02 
1.487437e+01 2.474736e-01 4.852792e-01 2.292098e-01 3.803745e-02 
1.505025e+01 2.034515e-01 4.756714e-01 2.678749e-01 5.300218e-02 
1.522613e+01 1.639114e-01 4.569186e-01 3.067943e-01 7.237564e-02 
1.540201e+01 1.293194e-01 4.298104e-01 3.440875e-01 9.678263e-02 
1.557789e+01 9.986349e-02 3.957340e-01 3.777276e-01 1.266749e-01 
1.575377e+01 7.546186e-02 3.565394e-01 4.057573e-01 1.622414e-01 
1.592965e+01 5.580015e-02 3.143394e-01 4.265217e-01 2.033387e-01 
1.610553e+01 4.038930e-02 2.712772e-01 4.388732e-01 2.494603e-01 
1.628141e+01 2.863403e-02 2.293047e-01 4.423053e-01 2.997560e-01 
1.645729e+01 1.990047e-02 1.900103e-01 4.369882e-01 3.531010e-01 
1.663317e+01 1.357341e-02 1.545206e-01 4.237039e-01 4.082021e-01 
1.680905e+01 9.097450e-03 1.234811e-01 4.037011e-01 4.637203e-01 
1.698492e+01 6.000237e-03 9.710299e-02 3.785085e-01 5.183883e-01 
1.716080e+01 3.900109e-03 7.525310e-02 3.497445e-01 5.711023e-01 
1.733668e+01 2.502020e-03 5.756015e-02 3.189568e-01 6.209811e-01 
1.751256e+01 1.586505e-03 4.351669e-02 2.875075e-01 6.673893e-01 
1.768844e+01 9.956998e-04 3.256315e-02 2.565094e-01 7.099318e-01 
1.786432e+01 6.193140e-04 2.414862e-02 2.268050e-01 7.484271e-01 
1.804020e+01 3.822083e-04 1.776909e-02 1.989797e-01 7.828690e-01 
1.821608e+01 2.342918e-04 1.298690e-02 1.733934e-01 8.133854e-01 
1.839196e+01 1.427881e-04 9.436781e-03 1.502223e-01 8.401981e-01 
1.856784e+01 8.658981e-05 6.823105e-03 1.295019e-01 8.635884e-01 
1.874372e+01 5.228745e-05 4.912428e-03 1.111664e-01 8.838688e-01 
1.891960e+01 3.145998e-05 3.524038e-03 9.508271e-02 9.013618e-01 
1.909548e+01 1.887063e-05 2.520299e-03 8.107678e-02 9.163841e-01 
1.927136e+01 1.128976e-05 1.797769e-03 6.895437e-02 9.292366e-01 
1.944724e+01 6.739499e-06 1.279558e-03 5.851557e-02 9.401981e-01 
1.962312e+01 4.015716e-06 9.090315e-04 4.956484e-02 9.495221e-01 
1.979899e+01 2.389005e-06 6.447872e-04 4.191743e-02 9.574354e-01 
1.997487e+01 1.419373e-06 4.567511e-04 3.540310e-02 9.641387e-01 
2.015075e+01 8.423501e-07 3.231908e-04 2.986786e-02 9.698081e-01 
2.032663e+01 4.994377e-07 2.284710e-04 2.517443e-02 9.745966e-01 
2.050251e+01 2.958881e-07 1.613841e-04 2.120180e-02 9.786365e-01 
2.067839e+01 1.751805e-07 1.139206e-04 1.784423e-02 9.820417e-01 
2.085427e+01 1.036577e-07 8.037146e-05 1.501000e-02 9.849095e-01 
2.103015e+01 6.130761e-08 5.667584e-05 1.262003e-02 9.873232e-01 
2.120603e+01 3.624568e-08 3.995059e-05 1.060643e-02 9.893536e-01 
2.138191e+01 2.142173e-08 2.815173e-05 8.911162e-03 9.910607e-01 
2.155779e+01 1.265705e-08 1.983199e-05 7.484782e-03 9.924954e-01 
2.173367e+01 7.476688e-09 1.396776e-05 6.285254e-03 9.937008e-01 
2.190955e+01 4.415716e-09 9.835626e-06 5.276934e-03 9.947132e-01 
2.208543e+01 2.607485e-09 6.924782e-06 4.429648e-03 9.955634e-01 
2.226131e+01 1.539511e-09 4.874729e-06 3.717894e-03 9.962772e-01 
2.243719e+01 9.088527e-10 3.431190e-06 3.120145e-03 9.968764e-01 
2.261307e+01 5.364907e-10 2.414887e-06 2.618245e-03 9.973793e-01 
2.278894e+01 3.166617e-10 1.699471e-06 2.196902e-03 9.978014e-01 
2.296482e+01 1.868957e-10 1.195917e-06 1.843237e-03 9.981556e-01 
2.314070e+01 1.103007e-10 8.415178e-07 1.546419e-03 9.984527e-01 
2.331658e+01 6.509331e-11 5.921133e-07 1.297335e-03 9.987021e-01 
2.349246e+01 3.841289e-11 4.166092e-07 1.088327e-03 9.989113e-01 
2.366834e+01 2.266746e-11 2.931152e-07 9.129614e-04 9.990867e-01 
2.384422e+01 1.337570e-11 2.062222e-07 7.658310e-04 9.992340e-01 
2.402010e+01 7.892596e-12 1.450849e-07 6.423965e-04 9.993575e-01 
2.419598e+01 4.657089e-12 1.020705e-07 5.388461e-04 9.994611e-01 
2.437186e+01 2.747906e-12 7.180771e-08 4.519798e-04 9.995479e-01 
2.454774e+01 1.621374e-12 5.051680e-08 3.791118e-04 9.996208e-01 
2.472362e+01 9.566640e-13 3.553821e-08 3.179877e-04 9.996820e-01 
2.489950e+01 5.644577e-13 2.500063e-08 2.667161e-04 9.997333e-01 
2.507538e+01 3.330425e-13 1.758744e-08 2.237095e-04 9.997763e-01 
2.525126e+01 1.965011e-13 1.237233e-08 1.876362e-04 9.998124e-01 
2.542714e+01 1.159385e-13 8.703575e-09 1.573788e-04 9.998426e-01 
2.560302e+01 6.840510e-14 6.122683e-09 1.320000e-04 9.998680e-01 
2.577889e+01 4.035965e-14 4.307092e-09 1.107133e-04 9.998893e-01 
2.595477e+01 2.381249e-14 3.029877e-09 9.285900e-05 9.999071e-01 
2.613065e+01 1.404950e-14 2.131398e-09 7.788379e-05 9.999221e-01 
2.630653e+01 8.289265e-15 1.499350e-09 6.532345e-05 9.999347e-01 
2.648241e+01 4.890691e-15 1.054729e-09 5.478860e-05 9.999452e-01 
2.665829e+01 2.885518e-15 7.419553e-10 4.595265e-05 9.999540e-01 
2.683417e+01 1.702459e-15 5.219322e-10 3.854165e-05 9.999615e-01 
2.701005e+01 1.004451e-15 3.671554e-10 3.232582e-05 9.999677e-01 
2.718593e+01 5.926262e-16 2.582767e-10 2.711243e-05 9.999729e-01 
2.736181e+01 3.496491e-16 1.816855e-10 2.273981e-05 9.999773e-01 
2.753769e+01 2.062926e-16 1.278071e-10 1.907239e-05 9.999809e-01 
2.771357e+01 1.217123e-16 8.990614e-11 1.599642e-05 9.999840e-01 
2.788945e+01 7.181007e-17 6.324462e-11 1.341654e-05 9.999866e-01 
2.806533e+01 4.236780e-17 4.448951e-11 1.125273e-05 9.999887e-01 
2.824121e+01 2.499691e-17 3.129619e-11 9.437900e-06 9.999906e-01 
2.841709e+01 1.474812e-17 2.201533e-11 7.915760e-06 9.999921e-01 
2.859296e+01 8.701355e-18 1.548670e-11 6.639107e-06 9.999934e-01 
2.876884e+01 5.133777e-18 1.089413e-11 5.568352e-06 9.999944e-01 
2.894472e+01 3.028915e-18 7.663479e-12 4.670288e-06 9.999953e-01 
2.912060e+01 1.787051e-18 5.390876e-12 3.917063e-06 9.999961e-01 
2.929648e+01 1.054355e-18 3.792213e-12 3.285318e-06 9.999967e-01 
2.947236e+01 6.220665e-19 2.667633e-12 2.755460e-06 9.999972e-01 
2.964824e+01 3.670174e-19 1.876547e-12 2.311058e-06 9.999977e-01 
2.982412e+01 2.165392e-19 1.320057e-12 1.938329e-06 9.999981e-01 
3.000000e+01 1.277574e-19 9.285940e-13 1.625714e-06 9.999984e-01 
