#E                   2            3            4            5            6            7            8 
-5.000000e+00 9.999954e-01 4.553685e-06 5.278102e-12 1.923777e-18 1.630738e-25 3.154946e-33 1.811007e-41 
-4.824121e+00 9.999946e-01 5.429328e-06 7.503161e-12 3.260654e-18 3.295471e-25 7.601665e-33 5.202601e-41 
-4.648241e+00 9.999935e-01 6.473350e-06 1.066622e-11 5.526557e-18 6.659642e-25 1.831579e-32 1.494586e-40 
-4.472362e+00 9.999923e-01 7.718128e-06 1.516272e-11 9.367085e-18 1.345811e-24 4.413085e-32 4.293594e-40 
-4.296482e+00 9.999908e-01 9.202266e-06 2.155477e-11 1.587648e-17 2.719677e-24 1.063308e-31 1.233448e-39 
-4.120603e+00 9.999890e-01 1.097179e-05 3.064146e-11 2.690939e-17 5.496046e-24 2.561978e-31 3.543406e-39 
-3.944724e+00 9.999869e-01 1.308157e-05 4.355876e-11 4.560928e-17 1.110665e-23 6.172935e-31 1.017937e-38 
-3.768844e+00 9.999844e-01 1.559705e-05 6.192147e-11 7.730409e-17 2.244481e-23 1.487332e-30 2.924290e-38 
-3.592965e+00 9.999814e-01 1.859621e-05 8.802517e-11 1.310242e-16 4.535743e-23 3.583636e-30 8.400783e-38 
-3.417085e+00 9.999778e-01 2.217208e-05 1.251331e-10 2.220753e-16 9.166018e-23 8.634547e-30 2.413342e-37 
-3.241206e+00 9.999736e-01 2.643553e-05 1.778842e-10 3.763993e-16 1.852306e-22 2.080439e-29 6.932946e-37 
-3.065327e+00 9.999685e-01 3.151877e-05 2.528727e-10 6.379652e-16 3.743210e-22 5.012680e-29 1.991665e-36 
-2.889447e+00 9.999624e-01 3.757942e-05 3.594730e-10 1.081296e-15 7.564416e-22 1.207771e-28 5.721559e-36 
-2.713568e+00 9.999552e-01 4.480540e-05 5.110107e-10 1.832702e-15 1.528643e-21 2.910039e-28 1.643660e-35 
-2.537688e+00 9.999466e-01 5.342076e-05 7.264290e-10 3.106265e-15 3.089130e-21 7.011521e-28 4.721814e-35 
-2.361809e+00 9.999363e-01 6.369261e-05 1.032656e-09 5.264831e-15 6.242600e-21 1.689371e-27 1.356454e-34 
-2.185930e+00 9.999241e-01 7.593941e-05 1.467970e-09 8.923382e-15 1.261520e-20 4.070399e-27 3.896732e-34 
-2.010050e+00 9.999095e-01 9.054080e-05 2.086785e-09 1.512424e-14 2.549303e-20 9.807265e-27 1.119425e-33 
-1.834171e+00 9.998920e-01 1.079494e-04 2.966451e-09 2.563399e-14 5.151666e-20 2.362967e-26 3.215793e-33 
-1.658291e+00 9.998713e-01 1.287048e-04 4.216916e-09 4.344678e-14 1.041052e-19 5.693323e-26 9.238038e-33 
-1.482412e+00 9.998465e-01 1.534502e-04 5.994475e-09 7.363719e-14 2.103757e-19 1.371742e-25 2.653809e-32 
-1.306533e+00 9.998170e-01 1.829523e-04 8.521288e-09 1.248058e-13 4.251249e-19 3.305041e-25 7.623556e-32 
-1.130653e+00 9.997819e-01 2.181254e-04 1.211314e-08 2.115290e-13 8.590828e-19 7.963038e-25 2.189995e-31 
-9.547739e-01 9.997399e-01 2.600587e-04 1.721891e-08 3.585106e-13 1.736004e-18 1.918571e-24 6.291085e-31 
-7.788945e-01 9.996899e-01 3.100510e-04 2.447658e-08 6.076180e-13 3.508025e-18 4.622462e-24 1.807193e-30 
-6.030151e-01 9.996303e-01 3.696500e-04 3.479299e-08 1.029805e-12 7.088766e-18 1.113691e-23 5.191338e-30 
-4.271357e-01 9.995593e-01 4.407002e-04 4.945700e-08 1.745318e-12 1.432431e-17 2.683188e-23 1.491246e-29 
-2.512563e-01 9.994745e-01 5.253998e-04 7.030041e-08 2.957931e-12 2.894480e-17 6.464449e-23 4.283641e-29 
-7.537688e-02 9.993735e-01 6.263678e-04 9.992654e-08 5.012964e-12 5.848715e-17 1.557417e-22 1.230467e-28 
1.005025e-01 9.992531e-01 7.467248e-04 1.420350e-07 8.495571e-12 1.181794e-16 3.752061e-22 3.534421e-28 
2.763819e-01 9.991096e-01 8.901878e-04 2.018831e-07 1.439728e-11 2.387885e-16 9.039090e-22 1.015212e-27 
4.522613e-01 9.989385e-01 1.061184e-03 2.869409e-07 2.439813e-11 4.824728e-16 2.177547e-21 2.915969e-27 
6.281407e-01 9.987346e-01 1.264985e-03 4.078221e-07 4.134455e-11 9.748055e-16 5.245612e-21 8.375196e-27 
8.040201e-01 9.984916e-01 1.507868e-03 5.796048e-07 7.005883e-11 1.969455e-15 1.263595e-20 2.405415e-26 
9.798995e-01 9.982019e-01 1.797301e-03 8.237071e-07 1.187100e-10 3.978816e-15 3.043680e-20 6.908196e-26 
1.155779e+00 9.978567e-01 2.142170e-03 1.170549e-06 2.011349e-10 8.037804e-15 7.331048e-20 1.983879e-25 
1.331658e+00 9.974453e-01 2.553044e-03 1.663326e-06 3.407679e-10 1.623649e-14 1.765648e-19 5.696876e-25 
1.507538e+00 9.969552e-01 3.042484e-03 2.363365e-06 5.772920e-10 3.279537e-14 4.252144e-19 1.635777e-24 
1.683417e+00 9.963712e-01 3.625411e-03 3.357710e-06 9.778932e-10 6.623566e-14 1.023931e-18 4.696457e-24 
1.859296e+00 9.956757e-01 4.319540e-03 4.769874e-06 1.656298e-09 1.337588e-13 2.465385e-18 1.348242e-23 
2.035176e+00 9.948473e-01 5.145878e-03 6.775047e-06 2.804965e-09 2.700814e-13 5.935272e-18 3.869965e-23 
2.211055e+00 9.938611e-01 6.129318e-03 9.621625e-06 4.749490e-09 5.452527e-13 1.428654e-17 1.110649e-22 
2.386935e+00 9.926870e-01 7.299318e-03 1.366161e-05 8.040518e-09 1.100571e-12 3.438199e-17 3.186870e-22 
2.562814e+00 9.912899e-01 8.690686e-03 1.939355e-05 1.360889e-08 2.220958e-12 8.272497e-17 9.142256e-22 
2.738693e+00 9.896280e-01 1.034448e-02 2.752298e-05 2.302737e-08 4.480696e-12 1.989872e-16 2.621956e-21 
2.914573e+00 9.876519e-01 1.230904e-02 3.904759e-05 3.895172e-08 9.036728e-12 4.784916e-16 7.517233e-21 
3.090452e+00 9.853035e-01 1.464110e-02 5.537673e-05 6.586324e-08 1.821844e-11 1.150159e-15 2.154392e-20 
3.266332e+00 9.825143e-01 1.740709e-02 7.849881e-05 1.113172e-07 3.671249e-11 2.763401e-15 6.171552e-20 
3.442211e+00 9.792042e-01 2.068445e-02 1.112152e-04 1.880386e-07 7.394044e-11 6.635833e-15 1.766971e-19 
3.618090e+00 9.752791e-01 2.456309e-02 1.574660e-04 3.174337e-07 1.488235e-10 1.592460e-14 5.055753e-19 
3.793970e+00 9.706299e-01 2.914682e-02 2.227812e-04 5.354614e-07 2.993161e-10 3.818655e-14 1.445477e-18 
3.969849e+00 9.651295e-01 3.455466e-02 3.149034e-04 9.024237e-07 6.014448e-10 9.148705e-14 4.128991e-18 
4.145729e+00 9.586319e-01 4.092195e-02 4.446421e-04 1.519242e-06 1.207246e-09 2.189491e-13 1.178178e-17 
4.321608e+00 9.509694e-01 4.840101e-02 6.270355e-04 2.554419e-06 2.420161e-09 5.233293e-13 3.357580e-17 
4.497487e+00 9.419518e-01 5.716103e-02 8.829196e-04 4.288492e-06 4.844403e-09 1.248977e-12 9.554086e-17 
4.673367e+00 9.313650e-01 6.738678e-02 1.241022e-03 7.186976e-06 9.679776e-09 2.975521e-12 2.713820e-16 
4.849246e+00 9.189715e-01 7.927574e-02 1.740718e-03 1.201929e-05 1.930106e-08 7.073956e-12 7.692437e-16 
5.025126e+00 9.045116e-01 9.303274e-02 2.435608e-03 2.005123e-05 3.839080e-08 1.677613e-11 2.175088e-15 
5.201005e+00 8.877069e-01 1.088616e-01 3.398050e-03 3.335392e-05 7.614062e-08 3.967020e-11 6.132435e-15 
5.376884e+00 8.682671e-01 1.269527e-01 4.724767e-03 5.529439e-05 1.504991e-07 9.349005e-11 1.723127e-14 
5.552764e+00 8.458993e-01 1.474656e-01 6.543537e-03 9.130545e-05 2.963010e-07 2.194563e-10 4.822624e-14 
5.728643e+00 8.203224e-01 1.705062e-01 9.020807e-03 1.500766e-04 5.806746e-07 5.127801e-10 1.343538e-13 
5.904523e+00 7.912861e-01 1.960977e-01 1.236976e-02 2.453648e-04 1.131920e-06 1.191783e-09 3.723057e-13 
6.080402e+00 7.585946e-01 2.241466e-01 1.685793e-02 3.986932e-04 2.192934e-06 2.752903e-09 1.025361e-12 
6.256281e+00 7.221353e-01 2.544043e-01 2.281288e-02 6.432771e-04 4.218599e-06 6.314180e-09 2.804053e-12 
6.432161e+00 6.819101e-01 2.864287e-01 3.062355e-02 1.029573e-03 8.050273e-06 1.436623e-08 7.606685e-12 
6.608040e+00 6.380672e-01 3.195503e-01 4.073444e-02 1.632851e-03 1.522242e-05 3.238913e-08 2.044727e-11 
6.783920e+00 5.909287e-01 3.528510e-01 5.362871e-02 2.563100e-03 2.848959e-05 7.227452e-08 5.440074e-11 
6.959799e+00 5.410099e-01 3.851633e-01 6.979662e-02 3.977280e-03 5.270965e-05 1.594309e-07 1.430789e-10 
7.135678e+00 4.890236e-01 4.151002e-01 8.968624e-02 6.093419e-03 9.628275e-05 3.472277e-07 3.715360e-10 
7.311558e+00 4.358641e-01 4.411210e-01 1.136355e-01 9.205190e-03 1.734218e-04 7.456809e-07 9.513120e-10 
7.487437e+00 3.825702e-01 4.616376e-01 1.417885e-01 1.369440e-02 3.076079e-04 1.576995e-06 2.398743e-09 
7.663317e+00 3.302642e-01 4.751547e-01 1.740036e-01 2.003751e-02 5.366383e-04 3.280182e-06 5.948875e-09 
7.839196e+00 2.800747e-01 4.804308e-01 2.097672e-01 2.880093e-02 9.196611e-04 6.702357e-06 1.449265e-08 
8.015075e+00 2.330504e-01 4.766397e-01 2.481306e-01 4.061934e-02 1.546456e-03 1.343757e-05 3.464372e-08 
8.190955e+00 1.900771e-01 4.635041e-01 2.876917e-01 5.615173e-02 2.548891e-03 2.640693e-05 8.117180e-08 
8.366834e+00 1.518102e-01 4.413755e-01 3.266369e-01 7.601244e-02 4.113924e-03 5.081669e-05 1.862417e-07 
8.542714e+00 1.186325e-01 4.112392e-01 3.628567e-01 1.006788e-01 6.496702e-03 9.568118e-05 4.181004e-07 
8.718593e+00 9.064369e-02 3.746379e-01 3.941266e-01 1.303833e-01 1.003138e-02 1.761479e-04 9.177303e-07 
8.894472e+00 6.768051e-02 3.335195e-01 4.183393e-01 1.650055e-01 1.513632e-02 3.168990e-04 1.968529e-06 
9.070352e+00 4.936364e-02 2.900336e-01 4.337497e-01 2.039822e-01 2.230990e-02 5.569057e-04 4.124640e-06 
9.246231e+00 3.516065e-02 2.463096e-01 4.391933e-01 2.462591e-01 3.211303e-02 9.557594e-04 8.439885e-06 
9.422111e+00 2.445465e-02 2.042535e-01 4.342375e-01 2.903002e-01 4.513565e-02 1.601661e-03 1.686327e-05 
9.597990e+00 1.660826e-02 1.653925e-01 4.192344e-01 3.341646e-01 6.194642e-02 2.620900e-03 3.290071e-05 
9.773869e+00 1.101525e-02 1.307884e-01 3.952702e-01 3.756480e-01 8.302717e-02 4.188302e-03 6.268682e-05 
9.949749e+00 7.136043e-03 1.010220e-01 3.640189e-01 4.124719e-01 1.086969e-01 6.537598e-03 1.166648e-04 
1.012563e+01 4.516721e-03 7.623688e-02 3.275342e-01 4.424973e-01 1.390326e-01 9.970142e-03 2.121322e-04 
1.030151e+01 2.793929e-03 5.622644e-02 2.880153e-01 4.639305e-01 1.737971e-01 1.485972e-02 3.769634e-04 
1.047739e+01 1.689505e-03 4.053855e-02 2.475864e-01 4.754967e-01 2.123834e-01 2.165070e-02 6.548534e-04 
1.065327e+01 9.990234e-04 2.858037e-02 2.081181e-01 4.765560e-01 2.537876e-01 3.084647e-02 1.112400e-03 
1.082915e+01 5.777907e-04 1.970816e-02 1.711085e-01 4.671531e-01 2.966191e-01 4.298507e-02 1.848232e-03 
1.100503e+01 3.269140e-04 1.329513e-02 1.376263e-01 4.479943e-01 3.391532e-01 5.860002e-02 3.004140e-03 
1.118090e+01 1.809813e-04 8.775588e-03 1.083100e-01 4.203617e-01 3.794285e-01 7.816553e-02 4.777725e-03 
1.135678e+01 9.804376e-05 5.668210e-03 8.341069e-02 3.859755e-01 4.153842e-01 1.020279e-01 7.435465e-03 
1.153266e+01 5.197816e-05 3.582864e-03 6.286220e-02 3.468255e-01 4.450254e-01 1.303278e-01 1.132426e-02 
1.170854e+01 2.696790e-05 2.216359e-03 4.636419e-02 3.049914e-01 4.666001e-01 1.629223e-01 1.687861e-02 
1.188442e+01 1.369286e-05 1.341747e-03 3.346546e-02 2.624733e-01 4.787687e-01 1.993173e-01 2.461980e-02 
1.206030e+01 6.803740e-06 7.948908e-04 2.363834e-02 2.210492e-01 4.807430e-01 2.386248e-01 3.514299e-02 
1.223618e+01 3.308182e-06 4.608214e-04 1.633901e-02 1.821717e-01 4.723768e-01 2.795597e-01 4.908866e-02 
1.241206e+01 1.574011e-06 2.614173e-04 1.105124e-02 1.469094e-01 4.541931e-01 3.204867e-01 6.709653e-02 
1.258794e+01 7.328384e-07 1.451170e-04 7.314393e-03 1.159312e-01 4.273414e-01 3.595240e-01 8.974316e-02 
1.276382e+01 3.339092e-07 7.883552e-05 4.737676e-03 8.953049e-02 3.934856e-01 3.946983e-01 1.174687e-01 
1.293970e+01 1.489192e-07 4.192064e-05 3.003687e-03 6.767742e-02 3.546379e-01 4.241359e-01 1.505031e-01 
1.311558e+01 6.503050e-08 2.182617e-05 1.864609e-03 5.009108e-02 3.129574e-01 4.462605e-01 1.888045e-01 
1.329146e+01 2.781876e-08 1.113222e-05 1.133902e-03 3.631879e-02 2.705451e-01 4.599667e-01 2.320244e-01 
1.346734e+01 1.166536e-08 5.565775e-06 6.759318e-04 2.581323e-02 2.292630e-01 4.647338e-01 2.795085e-01 
1.364322e+01 4.799101e-09 2.730051e-06 3.953042e-04 1.799925e-02 1.906029e-01 4.606628e-01 3.303371e-01 
1.381910e+01 1.938893e-09 1.315067e-06 2.270346e-04 1.232533e-02 1.556170e-01 4.484295e-01 3.833998e-01 
1.399497e+01 7.701417e-10 6.227996e-07 1.281964e-04 8.297852e-03 1.249130e-01 4.291690e-01 4.374913e-01 
1.417085e+01 3.011249e-10 2.903407e-07 7.125558e-05 5.499107e-03 9.870012e-02 4.043167e-01 4.914125e-01 
1.434673e+01 1.160505e-10 1.334110e-07 3.903788e-05 3.592055e-03 7.686911e-02 3.754390e-01 5.440607e-01 
1.452261e+01 4.414170e-11 6.050303e-08 2.110839e-05 2.315769e-03 5.908641e-02 3.440793e-01 5.944974e-01 
1.469849e+01 1.659304e-11 2.711674e-08 1.127973e-05 1.475443e-03 4.488469e-02 3.116396e-01 6.419889e-01 
1.487437e+01 6.172117e-12 1.202622e-08 5.964499e-06 9.302100e-04 3.373963e-02 2.793046e-01 6.860196e-01 
1.505025e+01 2.274585e-12 5.284217e-09 3.124704e-06 5.810312e-04 2.512709e-02 2.480067e-01 7.262820e-01 
1.522613e+01 8.314252e-13 2.302953e-09 1.623666e-06 3.599737e-04 1.856081e-02 2.184247e-01 7.626529e-01 
1.540201e+01 3.017517e-13 9.965406e-10 8.377032e-07 2.214357e-04 1.361311e-02 1.910053e-01 7.951593e-01 
1.557789e+01 1.088408e-13 4.285688e-10 4.295356e-07 1.353755e-04 9.922776e-03 1.659988e-01 8.239427e-01 
1.575377e+01 3.904961e-14 1.833281e-10 2.190741e-07 8.232189e-05 7.194356e-03 1.434984e-01 8.492247e-01 
1.592965e+01 1.394601e-14 7.806307e-11 1.112221e-07 4.983092e-05 5.192290e-03 1.234802e-01 8.712775e-01 
1.610553e+01 4.961093e-15 3.310980e-11 5.624520e-08 3.004531e-05 3.732675e-03 1.058381e-01 8.903991e-01 
1.628141e+01 1.758931e-15 1.399624e-11 2.834809e-08 1.805504e-05 2.674394e-03 9.041299e-02 9.068945e-01 
1.645729e+01 6.218426e-16 5.899654e-12 1.424697e-08 1.081884e-05 1.910693e-03 7.701579e-02 9.210627e-01 
1.663317e+01 2.193104e-16 2.480782e-12 7.142792e-09 6.467100e-06 1.361769e-03 6.544489e-02 9.331869e-01 
1.680905e+01 7.718720e-17 1.041018e-12 3.573724e-09 3.857856e-06 9.685528e-04 5.549823e-02 9.435294e-01 
1.698492e+01 2.711914e-17 4.360862e-13 1.784919e-09 2.297349e-06 6.876822e-04 4.698151e-02 9.523285e-01 
1.716080e+01 9.514110e-18 1.824097e-13 8.901797e-10 1.366060e-06 4.875440e-04 3.971335e-02 9.597977e-01 
1.733668e+01 3.333661e-18 7.620523e-14 4.434023e-10 8.112847e-07 3.452240e-04 3.352796e-02 9.661260e-01 
1.751256e+01 1.166864e-18 3.180293e-14 2.206296e-10 4.813075e-07 2.441933e-04 2.827635e-02 9.714790e-01 
1.768844e+01 4.080717e-19 1.326071e-14 1.096849e-10 2.852916e-07 1.725773e-04 2.382630e-02 9.760008e-01 
1.786432e+01 1.426035e-19 5.525148e-15 5.448882e-11 1.689791e-07 1.218740e-04 2.006169e-02 9.798163e-01 
1.804020e+01 4.980269e-20 2.300646e-15 2.705184e-11 1.000244e-07 8.601366e-05 1.688136e-02 9.830325e-01 
1.821608e+01 1.738390e-20 9.574758e-16 1.342327e-11 5.917671e-08 6.067303e-05 1.419774e-02 9.857415e-01 
1.839196e+01 6.065267e-21 3.983034e-16 6.657755e-12 3.499483e-08 4.277916e-05 1.193546e-02 9.880217e-01 
1.856784e+01 2.115395e-21 1.656300e-16 3.300930e-12 2.068692e-08 3.015141e-05 1.002993e-02 9.899399e-01 
1.874372e+01 7.375609e-22 6.885394e-17 1.636099e-12 1.222510e-08 2.124456e-05 8.426001e-03 9.915527e-01 
1.891960e+01 2.570931e-22 2.861573e-17 8.107166e-13 7.222632e-09 1.496491e-05 7.076710e-03 9.929083e-01 
1.909548e+01 8.959580e-23 1.189010e-17 4.016365e-13 4.266218e-09 1.053914e-05 5.942181e-03 9.940473e-01 
1.927136e+01 3.121797e-23 4.939534e-18 1.989377e-13 2.519477e-09 7.420891e-06 4.988617e-03 9.950040e-01 
1.944724e+01 1.087563e-23 2.051726e-18 9.852213e-14 1.487684e-09 5.224439e-06 4.187427e-03 9.958073e-01 
1.962312e+01 3.788331e-24 8.521108e-19 4.878587e-14 8.783231e-10 3.677620e-06 3.514454e-03 9.964819e-01 
1.979899e+01 1.319453e-24 3.538552e-19 2.415500e-14 5.185023e-10 2.588491e-06 2.949315e-03 9.970481e-01 
1.997487e+01 4.595155e-25 1.469316e-19 1.195859e-14 3.060605e-10 1.821741e-06 2.474826e-03 9.975234e-01 
2.015075e+01 1.600196e-25 6.100586e-20 5.919976e-15 1.806469e-10 1.282016e-06 2.076514e-03 9.979222e-01 
2.032663e+01 5.572088e-26 2.532795e-20 2.930433e-15 1.066168e-10 9.021363e-07 1.742196e-03 9.982569e-01 
2.050251e+01 1.940168e-26 1.051489e-20 1.450508e-15 6.292129e-11 6.347861e-07 1.461624e-03 9.985377e-01 
2.067839e+01 6.755246e-27 4.365059e-21 7.179411e-16 3.713212e-11 4.466455e-07 1.226181e-03 9.987734e-01 
2.085427e+01 2.351941e-27 1.812002e-21 3.553374e-16 2.191217e-11 3.142549e-07 1.028625e-03 9.989711e-01 
2.103015e+01 8.188377e-28 7.521659e-22 1.758649e-16 1.293026e-11 2.210992e-07 8.628709e-04 9.991369e-01 
2.120603e+01 2.850740e-28 3.122172e-22 8.703740e-17 7.629871e-12 1.555539e-07 7.238071e-04 9.992760e-01 
2.138191e+01 9.924476e-29 1.295956e-22 4.307475e-17 4.502125e-12 1.094371e-07 6.071418e-04 9.993927e-01 
2.155779e+01 3.455011e-29 5.379174e-23 2.131727e-17 2.656500e-12 7.699105e-08 5.092713e-04 9.994907e-01 
2.173367e+01 1.202775e-29 2.232719e-23 1.054954e-17 1.567455e-12 5.416379e-08 4.271707e-04 9.995728e-01 
2.190955e+01 4.187103e-30 9.267160e-24 5.220710e-18 9.248572e-13 3.810413e-08 3.583009e-04 9.996417e-01 
2.208543e+01 1.457599e-30 3.846401e-24 2.583574e-18 5.456943e-13 2.680589e-08 3.005312e-04 9.996994e-01 
2.226131e+01 5.074092e-31 1.596461e-24 1.278522e-18 3.219735e-13 1.885751e-08 2.520735e-04 9.997479e-01 
2.243719e+01 1.766344e-31 6.626111e-25 6.326914e-19 1.899710e-13 1.326585e-08 2.114275e-04 9.997886e-01 
2.261307e+01 6.148786e-32 2.750149e-25 3.130927e-19 1.120861e-13 9.332179e-09 1.773343e-04 9.998227e-01 
2.278894e+01 2.140430e-32 1.141436e-25 1.549357e-19 6.613235e-14 6.564907e-09 1.487379e-04 9.998513e-01 
2.296482e+01 7.450936e-33 4.737449e-26 7.667048e-20 3.901881e-14 4.618193e-09 1.247523e-04 9.998752e-01 
2.314070e+01 2.593695e-33 1.966238e-26 3.794050e-20 2.302143e-14 3.248732e-09 1.046343e-04 9.998954e-01 
2.331658e+01 9.028705e-34 8.160676e-27 1.877486e-20 1.358280e-14 2.285359e-09 8.776025e-05 9.999122e-01 
2.349246e+01 3.142903e-34 3.386999e-27 9.290711e-21 8.013923e-15 1.607658e-09 7.360724e-05 9.999264e-01 
2.366834e+01 1.094045e-34 1.405733e-27 4.597485e-21 4.728245e-15 1.130920e-09 6.173653e-05 9.999383e-01 
2.384422e+01 3.808369e-35 5.834317e-28 2.275049e-21 2.789677e-15 7.955533e-10 5.178013e-05 9.999482e-01 
2.402010e+01 1.325690e-35 2.421455e-28 1.125798e-21 1.645914e-15 5.596364e-10 4.342935e-05 9.999566e-01 
2.419598e+01 4.614708e-36 1.004991e-28 5.570958e-22 9.710909e-16 3.936789e-10 3.642528e-05 9.999636e-01 
2.437186e+01 1.606372e-36 4.171070e-29 2.756758e-22 5.729439e-16 2.769350e-10 3.055076e-05 9.999694e-01 
2.454774e+01 5.591747e-37 1.731141e-29 1.364165e-22 3.380367e-16 1.948108e-10 2.562363e-05 9.999744e-01 
2.472362e+01 1.946474e-37 7.184836e-30 6.750485e-23 1.994414e-16 1.370402e-10 2.149112e-05 9.999785e-01 
2.489950e+01 6.775625e-38 2.981955e-30 3.340432e-23 1.176702e-16 9.640122e-11 1.802507e-05 9.999820e-01 
2.507538e+01 2.358576e-38 1.237614e-30 1.652990e-23 6.942524e-17 6.781361e-11 1.511802e-05 9.999849e-01 
2.525126e+01 8.210135e-39 5.136519e-31 8.179700e-24 4.096077e-17 4.770359e-11 1.267980e-05 9.999873e-01 
2.542714e+01 2.857923e-39 2.131830e-31 4.047664e-24 2.416677e-17 3.355715e-11 1.063481e-05 9.999894e-01 
2.560302e+01 9.948337e-40 8.847815e-32 2.002956e-24 1.425834e-17 2.360581e-11 8.919638e-06 9.999911e-01 
2.577889e+01 3.462983e-40 3.672141e-32 9.911473e-25 8.412387e-18 1.660552e-11 7.481082e-06 9.999925e-01 
2.595477e+01 1.205453e-40 1.524062e-32 4.904615e-25 4.963287e-18 1.168117e-11 6.274534e-06 9.999937e-01 
2.613065e+01 4.196140e-41 6.325369e-33 2.427010e-25 2.928327e-18 8.217122e-12 5.262577e-06 9.999947e-01 
2.630653e+01 1.460662e-41 2.625240e-33 1.200986e-25 1.727705e-18 5.780337e-12 4.413828e-06 9.999956e-01 
2.648241e+01 5.084511e-42 1.089562e-33 5.942985e-26 1.019341e-18 4.066180e-12 3.701964e-06 9.999963e-01 
2.665829e+01 1.769900e-42 4.522046e-34 2.940838e-26 6.014083e-19 2.860355e-12 3.104910e-06 9.999969e-01 
2.683417e+01 6.160958e-43 1.876800e-34 1.455250e-26 3.548291e-19 2.012117e-12 2.604149e-06 9.999974e-01 
2.701005e+01 2.144607e-43 7.789344e-35 7.201183e-27 2.093481e-19 1.415424e-12 2.184150e-06 9.999978e-01 
2.718593e+01 7.465299e-44 3.232837e-35 3.563446e-27 1.235148e-19 9.956800e-13 1.831889e-06 9.999982e-01 
2.736181e+01 2.598643e-44 1.341735e-35 1.763342e-27 7.287334e-20 7.004111e-13 1.536441e-06 9.999985e-01 
2.753769e+01 9.045780e-45 5.568645e-36 8.725751e-28 4.299504e-20 4.927042e-13 1.288643e-06 9.999987e-01 
2.771357e+01 3.148802e-45 2.311172e-36 4.317865e-28 2.536694e-20 3.465927e-13 1.080810e-06 9.999989e-01 
2.788945e+01 1.096086e-45 9.592132e-37 2.136660e-28 1.496642e-20 2.438106e-13 9.064959e-07 9.999991e-01 
2.806533e+01 3.815435e-46 3.981053e-37 1.057308e-28 8.830140e-21 1.715085e-13 7.602955e-07 9.999992e-01 
2.824121e+01 1.328139e-46 1.652269e-37 5.232002e-29 5.209755e-21 1.206477e-13 6.376745e-07 9.999994e-01 
2.841709e+01 4.623201e-47 6.857464e-38 2.589012e-29 3.073739e-21 8.486958e-14 5.348298e-07 9.999995e-01 
2.859296e+01 1.609319e-47 2.846075e-38 1.281151e-29 1.813496e-21 5.970149e-14 4.485721e-07 9.999996e-01 
2.876884e+01 5.601978e-48 1.181215e-38 6.339669e-30 1.069957e-21 4.199700e-14 3.762260e-07 9.999996e-01 
2.894472e+01 1.950028e-48 4.902435e-39 3.137132e-30 6.312712e-22 2.954278e-14 3.155480e-07 9.999997e-01 
2.912060e+01 6.787972e-49 2.034673e-39 1.552383e-30 3.724480e-22 2.078187e-14 2.646561e-07 9.999997e-01 
2.929648e+01 2.362867e-49 8.444567e-40 7.681839e-31 2.197431e-22 1.461900e-14 2.219722e-07 9.999998e-01 
2.947236e+01 8.225052e-50 3.504775e-40 3.801294e-31 1.296477e-22 1.028373e-14 1.861723e-07 9.999998e-01 
2.964824e+01 2.863110e-50 1.454598e-40 1.881038e-31 7.649176e-23 7.234090e-15 1.561463e-07 9.999998e-01 
2.982412e+01 9.966376e-51 6.037062e-41 9.308160e-32 4.512989e-23 5.088819e-15 1.309629e-07 9.999999e-01 
3.000000e+01 3.469258e-51 2.505581e-41 4.606065e-32 2.662649e-23 3.579729e-15 1.098411e-07 9.999999e-01 
