#E                   5            6            7            8 
-5.000000e+00 9.999842e-01 1.583388e-05 7.211585e-11 9.738595e-17 
-4.824121e+00 9.999811e-01 1.887859e-05 1.025171e-10 1.650613e-16 
-4.648241e+00 9.999775e-01 2.250875e-05 1.457343e-10 2.797655e-16 
-4.472362e+00 9.999732e-01 2.683694e-05 2.071699e-10 4.741793e-16 
-4.296482e+00 9.999680e-01 3.199736e-05 2.945041e-10 8.036940e-16 
-4.120603e+00 9.999618e-01 3.815003e-05 4.186543e-10 1.362192e-15 
-3.944724e+00 9.999545e-01 4.548573e-05 5.951402e-10 2.308796e-15 
-3.768844e+00 9.999458e-01 5.423190e-05 8.460234e-10 3.913201e-15 
-3.592965e+00 9.999353e-01 6.465971e-05 1.202665e-09 6.632510e-15 
-3.417085e+00 9.999229e-01 7.709244e-05 1.709646e-09 1.124146e-14 
-3.241206e+00 9.999081e-01 9.191552e-05 2.430338e-09 1.905315e-14 
-3.065327e+00 9.998904e-01 1.095884e-04 3.454824e-09 3.229308e-14 
-2.889447e+00 9.998693e-01 1.306589e-04 4.911156e-09 5.473318e-14 
-2.713568e+00 9.998442e-01 1.557799e-04 6.981355e-09 9.276628e-14 
-2.537688e+00 9.998143e-01 1.857299e-04 9.924156e-09 1.572271e-13 
-2.361809e+00 9.997785e-01 2.214368e-04 1.410734e-08 2.664786e-13 
-2.185930e+00 9.997360e-01 2.640066e-04 2.005365e-08 4.516419e-13 
-2.010050e+00 9.996852e-01 3.147576e-04 2.850613e-08 7.654600e-13 
-1.834171e+00 9.996247e-01 3.752609e-04 4.052088e-08 1.297318e-12 
-1.658291e+00 9.995526e-01 4.473891e-04 5.759893e-08 2.198698e-12 
-1.482412e+00 9.994665e-01 5.333736e-04 8.187361e-08 3.726306e-12 
-1.306533e+00 9.993640e-01 6.358731e-04 1.163768e-07 6.315160e-12 
-1.130653e+00 9.992418e-01 7.580551e-04 1.654170e-07 1.070241e-11 
-9.547739e-01 9.990961e-01 9.036929e-04 2.351168e-07 1.813713e-11 
-7.788945e-01 9.989224e-01 1.077281e-03 3.341758e-07 3.073572e-11 
-6.030151e-01 9.987154e-01 1.284169e-03 4.749544e-07 5.208393e-11 
-4.271357e-01 9.984686e-01 1.530729e-03 6.750120e-07 8.825652e-11 
-2.512563e-01 9.981745e-01 1.824542e-03 9.592912e-07 1.495441e-10 
-7.537688e-02 9.978240e-01 2.174627e-03 1.363217e-06 2.533769e-10 
1.005025e-01 9.974064e-01 2.591710e-03 1.937091e-06 4.292750e-10 
2.763819e-01 9.969087e-01 3.088540e-03 2.752327e-06 7.272257e-10 
4.522613e-01 9.963158e-01 3.680258e-03 3.910287e-06 1.231860e-09 
6.281407e-01 9.956096e-01 4.384840e-03 5.554789e-06 2.086429e-09 
8.040201e-01 9.947685e-01 5.223603e-03 7.889826e-06 3.533352e-09 
9.798995e-01 9.937670e-01 6.221801e-03 1.120461e-05 5.982736e-09 
1.155779e+00 9.925748e-01 7.409319e-03 1.590898e-05 1.012812e-08 
1.331658e+00 9.911559e-01 8.821460e-03 2.258334e-05 1.714186e-08 
1.507538e+00 9.894681e-01 1.049987e-02 3.204902e-05 2.900468e-08 
1.683417e+00 9.874609e-01 1.249353e-02 4.546737e-05 4.906102e-08 
1.859296e+00 9.850755e-01 1.485998e-02 6.447871e-05 8.295384e-08 
2.035176e+00 9.822420e-01 1.766651e-02 9.139706e-05 1.401961e-07 
2.211055e+00 9.788787e-01 2.099156e-02 1.294820e-04 2.368081e-07 
2.386935e+00 9.748902e-01 2.492613e-02 1.833172e-04 3.997365e-07 
2.562814e+00 9.701648e-01 2.957523e-02 2.593343e-04 6.742391e-07 
2.738693e+00 9.645732e-01 3.505914e-02 3.665359e-04 1.136198e-06 
2.914573e+00 9.579661e-01 4.151449e-02 5.174858e-04 1.912579e-06 
3.090452e+00 9.501723e-01 4.909479e-02 7.296550e-04 3.215303e-06 
3.266332e+00 9.409972e-01 5.797020e-02 1.027236e-03 5.397072e-06 
3.442211e+00 9.302214e-01 6.832603e-02 1.443561e-03 9.042875e-06 
3.618090e+00 9.176011e-01 8.035951e-02 2.024276e-03 1.511905e-05 
3.793970e+00 9.028694e-01 9.427396e-02 2.831442e-03 2.521424e-05 
3.969849e+00 8.857396e-01 1.102697e-01 3.948715e-03 4.192541e-05 
4.145729e+00 8.659120e-01 1.285309e-01 5.487699e-03 6.946969e-05 
4.321608e+00 8.430834e-01 1.492065e-01 7.595459e-03 1.146417e-04 
4.497487e+00 8.169625e-01 1.723863e-01 1.046291e-02 1.882888e-04 
4.673367e+00 7.872891e-01 1.980698e-01 1.433348e-02 3.075438e-04 
4.849246e+00 7.538600e-01 2.261300e-01 1.951079e-02 4.991301e-04 
5.025126e+00 7.165592e-01 2.562731e-01 2.636351e-02 8.041286e-04 
5.201005e+00 6.753923e-01 2.879987e-01 3.532434e-02 1.284635e-03 
5.376884e+00 6.305214e-01 3.205662e-01 4.687969e-02 2.032703e-03 
5.552764e+00 5.822965e-01 3.529763e-01 6.154546e-02 3.181769e-03 
5.728643e+00 5.312770e-01 3.839775e-01 7.982515e-02 4.920348e-03 
5.904523e+00 4.782369e-01 4.121083e-01 1.021477e-01 7.507033e-03 
6.080402e+00 4.241476e-01 4.357814e-01 1.287863e-01 1.128477e-02 
6.256281e+00 3.701332e-01 4.534122e-01 1.597635e-01 1.669106e-02 
6.432161e+00 3.174008e-01 4.635820e-01 1.947576e-01 2.425963e-02 
6.608040e+00 2.671486e-01 4.652163e-01 2.330269e-01 3.460824e-02 
6.783920e+00 2.204661e-01 4.577488e-01 2.733769e-01 4.840817e-02 
6.959799e+00 1.782395e-01 4.412381e-01 3.141891e-01 6.633327e-02 
7.135678e+00 1.410798e-01 4.164062e-01 3.535238e-01 8.899025e-02 
7.311558e+00 1.092839e-01 3.845847e-01 3.892934e-01 1.168380e-01 
7.487437e+00 8.283729e-02 3.475723e-01 4.194823e-01 1.501081e-01 
7.663317e+00 6.145248e-02 3.074271e-01 4.423786e-01 1.887418e-01 
7.839196e+00 4.463528e-02 2.662346e-01 4.567723e-01 2.323578e-01 
8.015075e+00 3.176377e-02 2.258924e-01 4.620835e-01 2.802602e-01 
8.190955e+00 2.216599e-02 1.879491e-01 4.583977e-01 3.314873e-01 
8.366834e+00 1.518484e-02 1.535135e-01 4.464084e-01 3.848932e-01 
8.542714e+00 1.022423e-02 1.232397e-01 4.272869e-01 4.392492e-01 
8.718593e+00 6.775171e-03 9.736968e-02 4.025097e-01 4.933455e-01 
8.894472e+00 4.424614e-03 7.581625e-02 3.736787e-01 5.460804e-01 
9.070352e+00 2.851658e-03 5.825963e-02 3.423633e-01 5.965254e-01 
9.246231e+00 1.816259e-03 4.424169e-02 3.099807e-01 6.439614e-01 
9.422111e+00 1.144685e-03 3.324477e-02 2.777216e-01 6.878889e-01 
9.597990e+00 7.147574e-04 2.475024e-02 2.465184e-01 7.280166e-01 
9.773869e+00 4.426840e-04 1.827671e-02 2.170458e-01 7.642348e-01 
9.949749e+00 2.722368e-04 1.340092e-02 1.897454e-01 7.965815e-01 
1.012563e+01 1.663906e-04 9.765620e-03 1.648618e-01 8.252062e-01 
1.030151e+01 1.011595e-04 7.078826e-03 1.424836e-01 8.503364e-01 
1.047739e+01 6.122171e-05 5.107912e-03 1.225831e-01 8.722478e-01 
1.065327e+01 3.690711e-05 3.671398e-03 1.050514e-01 8.912402e-01 
1.082915e+01 2.217527e-05 2.630109e-03 8.972795e-02 9.076198e-01 
1.100503e+01 1.328609e-05 1.878821e-03 7.642279e-02 9.216851e-01 
1.118090e+01 7.941095e-06 1.338912e-03 6.493414e-02 9.337190e-01 
1.135678e+01 4.736722e-06 9.522109e-04 5.506017e-02 9.439829e-01 
1.153266e+01 2.820499e-06 6.760280e-04 4.660715e-02 9.527140e-01 
1.170854e+01 1.677030e-06 4.792508e-04 3.939437e-02 9.601247e-01 
1.188442e+01 9.959119e-07 3.393333e-04 3.325686e-02 9.664028e-01 
1.206030e+01 5.908135e-07 2.400156e-04 2.804643e-02 9.717130e-01 
1.223618e+01 3.501871e-07 1.696183e-04 2.363166e-02 9.761984e-01 
1.241206e+01 2.074102e-07 1.197805e-04 1.989716e-02 9.799828e-01 
1.258794e+01 1.227697e-07 8.453384e-05 1.674246e-02 9.831729e-01 
1.276382e+01 7.263168e-08 5.962782e-05 1.408059e-02 9.858597e-01 
1.293970e+01 4.295076e-08 4.204140e-05 1.183675e-02 9.881212e-01 
1.311558e+01 2.538960e-08 2.963095e-05 9.946824e-03 9.900235e-01 
1.329146e+01 1.500398e-08 2.087756e-05 8.356070e-03 9.916230e-01 
1.346734e+01 8.864302e-09 1.470622e-05 7.017897e-03 9.929674e-01 
1.364322e+01 5.235859e-09 1.035686e-05 5.892740e-03 9.940969e-01 
1.381910e+01 3.092088e-09 7.292483e-06 4.947071e-03 9.950456e-01 
1.399497e+01 1.825783e-09 5.134003e-06 4.152525e-03 9.958423e-01 
1.417085e+01 1.077929e-09 3.613939e-06 3.485141e-03 9.965112e-01 
1.434673e+01 6.363333e-10 2.543657e-06 2.924702e-03 9.970728e-01 
1.452261e+01 3.756121e-10 1.790181e-06 2.454163e-03 9.975440e-01 
1.469849e+01 2.216978e-10 1.259802e-06 2.059170e-03 9.979396e-01 
1.487437e+01 1.308445e-10 8.865019e-07 1.727639e-03 9.982715e-01 
1.505025e+01 7.721936e-11 6.237835e-07 1.449408e-03 9.985500e-01 
1.522613e+01 4.556983e-11 4.389030e-07 1.215931e-03 9.987836e-01 
1.540201e+01 2.689133e-11 3.088069e-07 1.020025e-03 9.989797e-01 
1.557789e+01 1.586841e-11 2.172659e-07 8.556551e-04 9.991441e-01 
1.575377e+01 9.363604e-12 1.528567e-07 7.177534e-04 9.992821e-01 
1.592965e+01 5.525136e-12 1.075395e-07 6.020632e-04 9.993978e-01 
1.610553e+01 3.260129e-12 7.565598e-08 5.050110e-04 9.994949e-01 
1.628141e+01 1.923623e-12 5.322452e-08 4.235969e-04 9.995763e-01 
1.645729e+01 1.135009e-12 3.744333e-08 3.553031e-04 9.996447e-01 
1.663317e+01 6.696899e-13 2.634101e-08 2.980166e-04 9.997020e-01 
1.680905e+01 3.951339e-13 1.853047e-08 2.499642e-04 9.997500e-01 
1.698492e+01 2.331371e-13 1.303578e-08 2.096582e-04 9.997903e-01 
1.716080e+01 1.375548e-13 9.170328e-09 1.758503e-04 9.998241e-01 
1.733668e+01 8.115919e-14 6.451048e-09 1.474932e-04 9.998525e-01 
1.751256e+01 4.788480e-14 4.538096e-09 1.237083e-04 9.998763e-01 
1.768844e+01 2.825244e-14 3.192387e-09 1.037586e-04 9.998962e-01 
1.786432e+01 1.666913e-14 2.245721e-09 8.702578e-05 9.999130e-01 
1.804020e+01 9.834870e-15 1.579774e-09 7.299121e-05 9.999270e-01 
1.821608e+01 5.802610e-15 1.111305e-09 6.121985e-05 9.999388e-01 
1.839196e+01 3.423555e-15 7.817549e-10 5.134676e-05 9.999487e-01 
1.856784e+01 2.019903e-15 5.499299e-10 4.306587e-05 9.999569e-01 
1.874372e+01 1.191745e-15 3.868507e-10 3.612042e-05 9.999639e-01 
1.891960e+01 7.031296e-16 2.721317e-10 3.029506e-05 9.999697e-01 
1.909548e+01 4.148463e-16 1.914319e-10 2.540917e-05 9.999746e-01 
1.927136e+01 2.447590e-16 1.346633e-10 2.131125e-05 9.999787e-01 
1.944724e+01 1.444075e-16 9.472917e-11 1.787421e-05 9.999821e-01 
1.962312e+01 8.520020e-17 6.663741e-11 1.499149e-05 9.999850e-01 
1.979899e+01 5.026797e-17 4.687618e-11 1.257368e-05 9.999874e-01 
1.997487e+01 2.965800e-17 3.297511e-11 1.054580e-05 9.999895e-01 
2.015075e+01 1.749815e-17 2.319637e-11 8.844983e-06 9.999912e-01 
2.032663e+01 1.032387e-17 1.631751e-11 7.418467e-06 9.999926e-01 
2.050251e+01 6.091057e-18 1.147856e-11 6.222018e-06 9.999938e-01 
2.067839e+01 3.593708e-18 8.074598e-12 5.218531e-06 9.999948e-01 
2.085427e+01 2.120278e-18 5.680079e-12 4.376885e-06 9.999956e-01 
2.103015e+01 1.250958e-18 3.995653e-12 3.670980e-06 9.999963e-01 
2.120603e+01 7.380616e-19 2.810743e-12 3.078923e-06 9.999969e-01 
2.138191e+01 4.354542e-19 1.977218e-12 2.582353e-06 9.999974e-01 
2.155779e+01 2.569167e-19 1.390874e-12 2.165870e-06 9.999978e-01 
2.173367e+01 1.515801e-19 9.784102e-13 1.816557e-06 9.999982e-01 
2.190955e+01 8.943178e-20 6.882626e-13 1.523581e-06 9.999985e-01 
2.208543e+01 5.276448e-20 4.841583e-13 1.277857e-06 9.999987e-01 
2.226131e+01 3.113088e-20 3.405811e-13 1.071764e-06 9.999989e-01 
2.243719e+01 1.836712e-20 2.395818e-13 8.989087e-07 9.999991e-01 
2.261307e+01 1.083654e-20 1.685338e-13 7.539321e-07 9.999992e-01 
2.278894e+01 6.393527e-21 1.185551e-13 6.323373e-07 9.999994e-01 
2.296482e+01 3.772161e-21 8.339753e-14 5.303535e-07 9.999995e-01 
2.314070e+01 2.225563e-21 5.866598e-14 4.448176e-07 9.999996e-01 
2.331658e+01 1.313075e-21 4.126857e-14 3.730771e-07 9.999996e-01 
2.349246e+01 7.747101e-22 2.903037e-14 3.129069e-07 9.999997e-01 
2.366834e+01 4.570765e-22 2.042141e-14 2.624410e-07 9.999997e-01 
2.384422e+01 2.696737e-22 1.436544e-14 2.201143e-07 9.999998e-01 
2.402010e+01 1.591066e-22 1.010536e-14 1.846141e-07 9.999998e-01 
2.419598e+01 9.387239e-23 7.108616e-15 1.548394e-07 9.999998e-01 
2.437186e+01 5.538441e-23 5.000554e-15 1.298667e-07 9.999999e-01 
2.454774e+01 3.267662e-23 3.517639e-15 1.089217e-07 9.999999e-01 
2.472362e+01 1.927910e-23 2.474482e-15 9.135474e-08 9.999999e-01 
2.489950e+01 1.137461e-23 1.740674e-15 7.662097e-08 9.999999e-01 
2.507538e+01 6.710983e-24 1.224477e-15 6.426347e-08 9.999999e-01 
2.525126e+01 3.959458e-24 8.613580e-16 5.389900e-08 9.999999e-01 
2.542714e+01 2.336068e-24 6.059221e-16 4.520613e-08 1.000000e+00 
2.560302e+01 1.378272e-24 4.262358e-16 3.791524e-08 1.000000e+00 
2.577889e+01 8.131763e-25 2.998354e-16 3.180024e-08 1.000000e+00 
2.595477e+01 4.797714e-25 2.109192e-16 2.667147e-08 1.000000e+00 
2.613065e+01 2.830636e-25 1.483711e-16 2.236987e-08 1.000000e+00 
2.630653e+01 1.670066e-25 1.043716e-16 1.876204e-08 1.000000e+00 
2.648241e+01 9.853336e-26 7.342017e-17 1.573608e-08 1.000000e+00 
2.665829e+01 5.813437e-26 5.164740e-17 1.319815e-08 1.000000e+00 
2.683417e+01 3.429909e-26 3.633135e-17 1.106954e-08 1.000000e+00 
2.701005e+01 2.023635e-26 2.555728e-17 9.284237e-09 1.000000e+00 
2.718593e+01 1.193938e-26 1.797826e-17 7.786868e-09 1.000000e+00 
2.736181e+01 7.044198e-27 1.264681e-17 6.530995e-09 1.000000e+00 
2.753769e+01 4.156054e-27 8.896393e-18 5.477670e-09 1.000000e+00 
2.771357e+01 2.452058e-27 6.258166e-18 4.594227e-09 1.000000e+00 
2.788945e+01 1.446707e-27 4.402305e-18 3.853266e-09 1.000000e+00 
2.806533e+01 8.535523e-28 3.096801e-18 3.231808e-09 1.000000e+00 
2.824121e+01 5.035931e-28 2.178444e-18 2.710579e-09 1.000000e+00 
2.841709e+01 2.971183e-28 1.532426e-18 2.273415e-09 1.000000e+00 
2.859296e+01 1.752988e-28 1.077985e-18 1.906756e-09 1.000000e+00 
2.876884e+01 1.034258e-28 7.583080e-19 1.599233e-09 1.000000e+00 
2.894472e+01 6.102086e-29 5.334316e-19 1.341307e-09 1.000000e+00 
2.912060e+01 3.600211e-29 3.752423e-19 1.124980e-09 1.000000e+00 
2.929648e+01 2.124113e-29 2.639641e-19 9.435423e-10 1.000000e+00 
2.947236e+01 1.253220e-29 1.856855e-19 7.913670e-10 1.000000e+00 
2.964824e+01 7.393957e-30 1.306204e-19 6.637346e-10 1.000000e+00 
2.982412e+01 4.362411e-30 9.188491e-20 5.566869e-10 1.000000e+00 
3.000000e+01 2.573808e-30 6.463642e-20 4.669040e-10 1.000000e+00 
