#E                   6            7            8 
-5.000000e+00 9.999999e-01 1.442371e-07 4.745450e-15 
-4.824121e+00 9.999998e-01 1.719731e-07 6.745968e-15 
-4.648241e+00 9.999998e-01 2.050425e-07 9.589836e-15 
-4.472362e+00 9.999998e-01 2.444710e-07 1.363258e-14 
-4.296482e+00 9.999997e-01 2.914814e-07 1.937961e-14 
-4.120603e+00 9.999997e-01 3.475315e-07 2.754938e-14 
-3.944724e+00 9.999996e-01 4.143598e-07 3.916325e-14 
-3.768844e+00 9.999995e-01 4.940388e-07 5.567312e-14 
-3.592965e+00 9.999994e-01 5.890396e-07 7.914298e-14 
-3.417085e+00 9.999993e-01 7.023084e-07 1.125069e-13 
-3.241206e+00 9.999992e-01 8.373582e-07 1.599360e-13 
-3.065327e+00 9.999990e-01 9.983772e-07 2.273594e-13 
-2.889447e+00 9.999988e-01 1.190359e-06 3.232063e-13 
-2.713568e+00 9.999986e-01 1.419258e-06 4.594588e-13 
-2.537688e+00 9.999983e-01 1.692173e-06 6.531506e-13 
-2.361809e+00 9.999980e-01 2.017567e-06 9.284962e-13 
-2.185930e+00 9.999976e-01 2.405533e-06 1.319918e-12 
-2.010050e+00 9.999971e-01 2.868102e-06 1.876349e-12 
-1.834171e+00 9.999966e-01 3.419619e-06 2.667351e-12 
-1.658291e+00 9.999959e-01 4.077190e-06 3.791812e-12 
-1.482412e+00 9.999951e-01 4.861206e-06 5.390306e-12 
-1.306533e+00 9.999942e-01 5.795983e-06 7.662666e-12 
-1.130653e+00 9.999931e-01 6.910509e-06 1.089297e-11 
-9.547739e-01 9.999918e-01 8.239350e-06 1.548505e-11 
-7.788945e-01 9.999902e-01 9.823714e-06 2.201298e-11 
-6.030151e-01 9.999883e-01 1.171274e-05 3.129284e-11 
-4.271357e-01 9.999860e-01 1.396500e-05 4.448472e-11 
-2.512563e-01 9.999833e-01 1.665034e-05 6.323778e-11 
-7.537688e-02 9.999801e-01 1.985204e-05 8.989636e-11 
1.005025e-01 9.999763e-01 2.366938e-05 1.277931e-10 
2.763819e-01 9.999718e-01 2.822074e-05 1.816654e-10 
4.522613e-01 9.999664e-01 3.364725e-05 2.582479e-10 
6.281407e-01 9.999599e-01 4.011716e-05 3.671140e-10 
8.040201e-01 9.999522e-01 4.783109e-05 5.218726e-10 
9.798995e-01 9.999430e-01 5.702821e-05 7.418693e-10 
1.155779e+00 9.999320e-01 6.799366e-05 1.054604e-09 
1.331658e+00 9.999189e-01 8.106739e-05 1.499170e-09 
1.507538e+00 9.999033e-01 9.665467e-05 2.131135e-09 
1.683417e+00 9.998848e-01 1.152387e-04 3.029491e-09 
1.859296e+00 9.998626e-01 1.373954e-04 4.306525e-09 
2.035176e+00 9.998362e-01 1.638114e-04 6.121846e-09 
2.211055e+00 9.998047e-01 1.953052e-04 8.702332e-09 
2.386935e+00 9.997671e-01 2.328525e-04 1.237047e-08 
2.562814e+00 9.997224e-01 2.776163e-04 1.758465e-08 
2.738693e+00 9.996690e-01 3.309826e-04 2.499640e-08 
2.914573e+00 9.996054e-01 3.946036e-04 3.553176e-08 
3.090452e+00 9.995295e-01 4.704479e-04 5.050689e-08 
3.266332e+00 9.994391e-01 5.608616e-04 7.179236e-08 
3.442211e+00 9.993313e-01 6.686399e-04 1.020465e-07 
3.618090e+00 9.992027e-01 7.971130e-04 1.450472e-07 
3.793970e+00 9.990495e-01 9.502475e-04 2.061625e-07 
3.969849e+00 9.988669e-01 1.132768e-03 2.930199e-07 
4.145729e+00 9.986493e-01 1.350298e-03 4.164563e-07 
4.321608e+00 9.983899e-01 1.609534e-03 5.918661e-07 
4.497487e+00 9.980807e-01 1.918444e-03 8.411160e-07 
4.673367e+00 9.977123e-01 2.286506e-03 1.195260e-06 
4.849246e+00 9.972733e-01 2.724988e-03 1.698393e-06 
5.025126e+00 9.967503e-01 3.247284e-03 2.413111e-06 
5.201005e+00 9.961273e-01 3.869298e-03 3.428251e-06 
5.376884e+00 9.953852e-01 4.609905e-03 4.869854e-06 
5.552764e+00 9.945016e-01 5.491484e-03 6.916671e-06 
5.728643e+00 9.934496e-01 6.540539e-03 9.822101e-06 
5.904523e+00 9.921976e-01 7.788419e-03 1.394516e-05 
6.080402e+00 9.907081e-01 9.272146e-03 1.979420e-05 
6.256281e+00 9.889366e-01 1.103536e-02 2.808844e-05 
6.432161e+00 9.868308e-01 1.312938e-02 3.984454e-05 
6.608040e+00 9.843291e-01 1.561440e-02 5.649804e-05 
6.783920e+00 9.813591e-01 1.856079e-02 8.007334e-05 
6.959799e+00 9.778361e-01 2.205047e-02 1.134209e-04 
7.135678e+00 9.736611e-01 2.617840e-02 1.605468e-04 
7.311558e+00 9.687190e-01 3.105393e-02 2.270693e-04 
7.487437e+00 9.628770e-01 3.680213e-02 3.208473e-04 
7.663317e+00 9.559824e-01 4.356478e-02 4.528396e-04 
7.839196e+00 9.478610e-01 5.150077e-02 6.382723e-04 
8.015075e+00 9.383161e-01 6.078574e-02 8.982090e-04 
8.190955e+00 9.271280e-01 7.161034e-02 1.261638e-03 
8.366834e+00 9.140551e-01 8.417669e-02 1.768213e-03 
8.542714e+00 8.988359e-01 9.869231e-02 2.471778e-03 
8.718593e+00 8.811944e-01 1.153608e-01 3.444829e-03 
8.894472e+00 8.608479e-01 1.343681e-01 4.783979e-03 
9.070352e+00 8.375188e-01 1.558647e-01 6.616439e-03 
9.246231e+00 8.109511e-01 1.799415e-01 9.107335e-03 
9.422111e+00 7.809313e-01 2.066013e-01 1.246741e-02 
9.597990e+00 7.473141e-01 2.357256e-01 1.696030e-02 
9.773869e+00 7.100516e-01 2.670404e-01 2.290800e-02 
9.949749e+00 6.692239e-01 3.000834e-01 3.069274e-02 
1.012563e+01 6.250671e-01 3.341801e-01 4.075283e-02 
1.030151e+01 5.779947e-01 3.684353e-01 5.357003e-02 
1.047739e+01 5.286063e-01 4.017475e-01 6.964617e-02 
1.065327e+01 4.776790e-01 4.328530e-01 8.946804e-02 
1.082915e+01 4.261369e-01 4.604017e-01 1.134613e-01 
1.100503e+01 3.750004e-01 4.830621e-01 1.419376e-01 
1.118090e+01 3.253161e-01 4.996435e-01 1.750403e-01 
1.135678e+01 2.780790e-01 5.092210e-01 2.127001e-01 
1.153266e+01 2.341546e-01 5.112393e-01 2.546062e-01 
1.170854e+01 1.942157e-01 5.055795e-01 3.002048e-01 
1.188442e+01 1.587020e-01 4.925734e-01 3.487246e-01 
1.206030e+01 1.278073e-01 4.729633e-01 3.992294e-01 
1.223618e+01 1.014948e-01 4.478155e-01 4.506897e-01 
1.241206e+01 7.953466e-02 4.184034e-01 5.020619e-01 
1.258794e+01 6.155416e-02 3.860821e-01 5.523637e-01 
1.276382e+01 4.709220e-02 3.521719e-01 6.007359e-01 
1.293970e+01 3.564970e-02 3.178667e-01 6.464835e-01 
1.311558e+01 2.673074e-02 2.841736e-01 6.890957e-01 
1.329146e+01 1.987203e-02 2.518827e-01 7.282452e-01 
1.346734e+01 1.466096e-02 2.215654e-01 7.637736e-01 
1.364322e+01 1.074388e-02 1.935906e-01 7.956655e-01 
1.381910e+01 7.827103e-03 1.681541e-01 8.240188e-01 
1.399497e+01 5.672993e-03 1.453122e-01 8.490148e-01 
1.417085e+01 4.093488e-03 1.250164e-01 8.708902e-01 
1.434673e+01 2.942463e-03 1.071440e-01 8.899135e-01 
1.452261e+01 2.108144e-03 9.152516e-02 9.063667e-01 
1.469849e+01 1.506148e-03 7.796348e-02 9.205304e-01 
1.487437e+01 1.073477e-03 6.625211e-02 9.326744e-01 
1.505025e+01 7.635385e-04 5.618515e-02 9.430513e-01 
1.522613e+01 5.421464e-04 4.756535e-02 9.518925e-01 
1.540201e+01 3.843833e-04 4.020889e-02 9.594067e-01 
1.557789e+01 2.721905e-04 3.394798e-02 9.657798e-01 
1.575377e+01 1.925421e-04 2.863190e-02 9.711756e-01 
1.592965e+01 1.360799e-04 2.412691e-02 9.757370e-01 
1.610553e+01 9.610318e-05 2.031557e-02 9.795883e-01 
1.628141e+01 6.782794e-05 1.709556e-02 9.828366e-01 
1.645729e+01 4.784643e-05 1.437831e-02 9.855738e-01 
1.663317e+01 3.373627e-05 1.208756e-02 9.878787e-01 
1.680905e+01 2.377837e-05 1.015798e-02 9.898182e-01 
1.698492e+01 1.675445e-05 8.533729e-03 9.914495e-01 
1.716080e+01 1.180222e-05 7.167302e-03 9.928209e-01 
1.733668e+01 8.311905e-06 6.018331e-03 9.939734e-01 
1.751256e+01 5.852703e-06 5.052606e-03 9.949415e-01 
1.768844e+01 4.120448e-06 4.241181e-03 9.957547e-01 
1.786432e+01 2.900516e-06 3.559599e-03 9.964375e-01 
1.804020e+01 2.041541e-06 2.987221e-03 9.970107e-01 
1.821608e+01 1.436815e-06 2.506649e-03 9.974919e-01 
1.839196e+01 1.011136e-06 2.103225e-03 9.978958e-01 
1.856784e+01 7.115250e-07 1.764614e-03 9.982347e-01 
1.874372e+01 5.006647e-07 1.480438e-03 9.985191e-01 
1.891960e+01 3.522766e-07 1.241968e-03 9.987577e-01 
1.909548e+01 2.478586e-07 1.041871e-03 9.989579e-01 
1.927136e+01 1.743854e-07 8.739841e-04 9.991258e-01 
1.944724e+01 1.226887e-07 7.331306e-04 9.992667e-01 
1.962312e+01 8.631552e-08 6.149634e-04 9.993850e-01 
1.979899e+01 6.072466e-08 5.158327e-04 9.994841e-01 
1.997487e+01 4.272030e-08 4.326748e-04 9.995673e-01 
2.015075e+01 3.005369e-08 3.629180e-04 9.996371e-01 
2.032663e+01 2.114250e-08 3.044040e-04 9.996956e-01 
2.050251e+01 1.487341e-08 2.553220e-04 9.997447e-01 
2.067839e+01 1.046313e-08 2.141523e-04 9.997858e-01 
2.085427e+01 7.360542e-09 1.796198e-04 9.998204e-01 
2.103015e+01 5.177921e-09 1.506550e-04 9.998493e-01 
2.120603e+01 3.642496e-09 1.263603e-04 9.998736e-01 
2.138191e+01 2.562365e-09 1.059829e-04 9.998940e-01 
2.155779e+01 1.802526e-09 8.889143e-05 9.999111e-01 
2.173367e+01 1.268005e-09 7.455601e-05 9.999254e-01 
2.190955e+01 8.919884e-10 6.253230e-05 9.999375e-01 
2.208543e+01 6.274754e-10 5.244757e-05 9.999476e-01 
2.226131e+01 4.414011e-10 4.398915e-05 9.999560e-01 
2.243719e+01 3.105057e-10 3.689480e-05 9.999631e-01 
2.261307e+01 2.184265e-10 3.094456e-05 9.999691e-01 
2.278894e+01 1.536528e-10 2.595393e-05 9.999740e-01 
2.296482e+01 1.080875e-10 2.176815e-05 9.999782e-01 
2.314070e+01 7.603440e-11 1.825742e-05 9.999817e-01 
2.331658e+01 5.348654e-11 1.531290e-05 9.999847e-01 
2.349246e+01 3.762519e-11 1.284325e-05 9.999872e-01 
2.366834e+01 2.646748e-11 1.077190e-05 9.999892e-01 
2.384422e+01 1.861858e-11 9.034616e-06 9.999910e-01 
2.402010e+01 1.309725e-11 7.577516e-06 9.999924e-01 
2.419598e+01 9.213271e-12 6.355416e-06 9.999936e-01 
2.437186e+01 6.481080e-12 5.330414e-06 9.999947e-01 
2.454774e+01 4.559118e-12 4.470724e-06 9.999955e-01 
2.472362e+01 3.207113e-12 3.749685e-06 9.999963e-01 
2.489950e+01 2.256044e-12 3.144934e-06 9.999969e-01 
2.507538e+01 1.587015e-12 2.637718e-06 9.999974e-01 
2.525126e+01 1.116386e-12 2.212305e-06 9.999978e-01 
2.542714e+01 7.853215e-13 1.855503e-06 9.999981e-01 
2.560302e+01 5.524344e-13 1.556247e-06 9.999984e-01 
2.577889e+01 3.886100e-13 1.305254e-06 9.999987e-01 
2.595477e+01 2.733677e-13 1.094742e-06 9.999989e-01 
2.613065e+01 1.923004e-13 9.181811e-07 9.999991e-01 
2.630653e+01 1.352737e-13 7.700962e-07 9.999992e-01 
2.648241e+01 9.515828e-14 6.458945e-07 9.999994e-01 
2.665829e+01 6.693908e-14 5.417241e-07 9.999995e-01 
2.683417e+01 4.708829e-14 4.543544e-07 9.999995e-01 
2.701005e+01 3.312425e-14 3.810758e-07 9.999996e-01 
2.718593e+01 2.330125e-14 3.196156e-07 9.999997e-01 
2.736181e+01 1.639126e-14 2.680677e-07 9.999997e-01 
2.753769e+01 1.153043e-14 2.248335e-07 9.999998e-01 
2.771357e+01 8.111076e-15 1.885722e-07 9.999998e-01 
2.788945e+01 5.705735e-15 1.581591e-07 9.999998e-01 
2.806533e+01 4.013698e-15 1.326511e-07 9.999999e-01 
2.824121e+01 2.823435e-15 1.112570e-07 9.999999e-01 
2.841709e+01 1.986145e-15 9.331336e-08 9.999999e-01 
2.859296e+01 1.397153e-15 7.826370e-08 9.999999e-01 
2.876884e+01 9.828271e-16 6.564127e-08 9.999999e-01 
2.894472e+01 6.913695e-16 5.505459e-08 9.999999e-01 
2.912060e+01 4.863437e-16 4.617534e-08 1.000000e+00 
2.929648e+01 3.421184e-16 3.872814e-08 1.000000e+00 
2.947236e+01 2.406631e-16 3.248203e-08 1.000000e+00 
2.964824e+01 1.692944e-16 2.724330e-08 1.000000e+00 
2.982412e+01 1.190901e-16 2.284948e-08 1.000000e+00 
3.000000e+01 8.377392e-17 1.916429e-08 1.000000e+00 
