#E                   3            4            5            6            7            8 
-5.000000e+00 9.999996e-01 3.963361e-07 3.975318e-14 1.095267e-21 8.981998e-31 1.810004e-40 
-4.824121e+00 9.999995e-01 4.725492e-07 5.651175e-14 1.856395e-21 1.815126e-30 4.361108e-40 
-4.648241e+00 9.999994e-01 5.634177e-07 8.033515e-14 3.146450e-21 3.668094e-30 1.050785e-39 
-4.472362e+00 9.999993e-01 6.717596e-07 1.142017e-13 5.332994e-21 7.412663e-30 2.531811e-39 
-4.296482e+00 9.999992e-01 8.009350e-07 1.623451e-13 9.039022e-21 1.497987e-29 6.100262e-39 
-4.120603e+00 9.999990e-01 9.549500e-07 2.307842e-13 1.532046e-20 3.027204e-29 1.469825e-38 
-3.944724e+00 9.999989e-01 1.138581e-06 3.280749e-13 2.596701e-20 6.117521e-29 3.541464e-38 
-3.768844e+00 9.999986e-01 1.357524e-06 4.663798e-13 4.401212e-20 1.236258e-28 8.532966e-38 
-3.592965e+00 9.999984e-01 1.618567e-06 6.629893e-13 7.459719e-20 2.498290e-28 2.055972e-37 
-3.417085e+00 9.999981e-01 1.929808e-06 9.424825e-13 1.264366e-19 5.048665e-28 4.953752e-37 
-3.241206e+00 9.999977e-01 2.300898e-06 1.339800e-12 2.143004e-19 1.020258e-27 1.193580e-36 
-3.065327e+00 9.999973e-01 2.743346e-06 1.904613e-12 3.632228e-19 2.061787e-27 2.875865e-36 
-2.889447e+00 9.999967e-01 3.270874e-06 2.707531e-12 6.156348e-19 4.166558e-27 6.929238e-36 
-2.713568e+00 9.999961e-01 3.899842e-06 3.848931e-12 1.043454e-18 8.419977e-27 1.669562e-35 
-2.537688e+00 9.999954e-01 4.649755e-06 5.471503e-12 1.768574e-18 1.701549e-26 4.022716e-35 
-2.361809e+00 9.999945e-01 5.543872e-06 7.778094e-12 2.997597e-18 3.438570e-26 9.692510e-35 
-2.185930e+00 9.999934e-01 6.609919e-06 1.105706e-11 5.080695e-18 6.948822e-26 2.335356e-34 
-2.010050e+00 9.999921e-01 7.880959e-06 1.571831e-11 8.611384e-18 1.404250e-25 5.626907e-34 
-1.834171e+00 9.999906e-01 9.396407e-06 2.234458e-11 1.459562e-17 2.837772e-25 1.355771e-33 
-1.658291e+00 9.999888e-01 1.120326e-05 3.176423e-11 2.473844e-17 5.734699e-25 3.266652e-33 
-1.482412e+00 9.999866e-01 1.335756e-05 4.515484e-11 4.192969e-17 1.158893e-24 7.870805e-33 
-1.306533e+00 9.999841e-01 1.592610e-05 6.419040e-11 7.106748e-17 2.341942e-24 1.896423e-32 
-1.130653e+00 9.999810e-01 1.898854e-05 9.125058e-11 1.204536e-16 4.732696e-24 4.569316e-32 
-9.547739e-01 9.999774e-01 2.263984e-05 1.297182e-10 2.041591e-16 9.564028e-24 1.100948e-31 
-7.788945e-01 9.999730e-01 2.699323e-05 1.844021e-10 3.460327e-16 1.932737e-23 2.652664e-31 
-6.030151e-01 9.999678e-01 3.218371e-05 2.621384e-10 5.864963e-16 3.905749e-23 6.391419e-31 
-4.271357e-01 9.999616e-01 3.837221e-05 3.726446e-10 9.940607e-16 7.892879e-23 1.539968e-30 
-2.512563e-01 9.999542e-01 4.575063e-05 5.297348e-10 1.684845e-15 1.595020e-22 3.710444e-30 
-7.537688e-02 9.999455e-01 5.454774e-05 7.530462e-10 2.855661e-15 3.223265e-22 8.940037e-30 
1.005025e-01 9.999350e-01 6.503627e-05 1.070493e-09 4.840078e-15 6.513663e-22 2.154031e-29 
2.763819e-01 9.999225e-01 7.754140e-05 1.521757e-09 8.203465e-15 1.316296e-21 5.189958e-29 
4.522613e-01 9.999075e-01 9.245079e-05 2.163246e-09 1.390405e-14 2.659996e-21 1.250474e-28 
6.281407e-01 9.998898e-01 1.102266e-04 3.075141e-09 2.356589e-14 5.375354e-21 3.012896e-28 
8.040201e-01 9.998686e-01 1.314197e-04 4.371422e-09 3.994156e-14 1.086255e-20 7.259258e-28 
9.798995e-01 9.998433e-01 1.566870e-04 6.214106e-09 6.769621e-14 2.195101e-20 1.749035e-27 
1.155779e+00 9.998132e-01 1.868114e-04 8.833493e-09 1.147365e-13 4.435833e-20 4.214079e-27 
1.331658e+00 9.997773e-01 2.227262e-04 1.255694e-08 1.944627e-13 8.963826e-20 1.015323e-26 
1.507538e+00 9.997344e-01 2.655438e-04 1.784975e-08 3.295855e-13 1.811376e-19 2.446262e-26 
1.683417e+00 9.996834e-01 3.165902e-04 2.537329e-08 5.585941e-13 3.660330e-19 5.893836e-26 
1.859296e+00 9.996225e-01 3.774457e-04 3.606760e-08 9.467171e-13 7.396523e-19 1.420002e-25 
2.035176e+00 9.995500e-01 4.499936e-04 5.126874e-08 1.604498e-12 1.494617e-18 3.421170e-25 
2.211055e+00 9.994634e-01 5.364784e-04 7.287557e-08 2.719267e-12 3.020133e-18 8.242411e-25 
2.386935e+00 9.993603e-01 6.395741e-04 1.035867e-07 4.608476e-12 6.102603e-18 1.985760e-24 
2.562814e+00 9.992374e-01 7.624667e-04 1.472372e-07 7.810058e-12 1.233092e-17 4.783993e-24 
2.738693e+00 9.990908e-01 9.089514e-04 2.092766e-07 1.323552e-11 2.491527e-17 1.152508e-23 
2.914573e+00 9.989162e-01 1.083548e-03 2.974484e-07 2.242928e-11 5.034119e-17 2.776422e-23 
3.090452e+00 9.987079e-01 1.291639e-03 4.227543e-07 3.800801e-11 1.017107e-16 6.688245e-23 
3.266332e+00 9.984598e-01 1.539631e-03 6.008237e-07 6.440471e-11 2.054909e-16 1.611096e-22 
3.442211e+00 9.981640e-01 1.835149e-03 8.538573e-07 1.091288e-10 4.151430e-16 3.880700e-22 
3.618090e+00 9.978115e-01 2.187265e-03 1.213385e-06 1.848997e-10 8.386450e-16 9.347037e-22 
3.793970e+00 9.973915e-01 2.606766e-03 1.724181e-06 3.132591e-10 1.694061e-15 2.251170e-21 
3.969849e+00 9.968911e-01 3.106473e-03 2.449807e-06 5.306842e-10 3.421724e-15 5.421353e-21 
4.145729e+00 9.962949e-01 3.701614e-03 3.480478e-06 8.989317e-10 6.910651e-15 1.305465e-20 
4.321608e+00 9.955848e-01 4.410268e-03 4.944201e-06 1.522535e-09 1.395543e-14 3.143205e-20 
4.497487e+00 9.947391e-01 5.253871e-03 7.022536e-06 2.578391e-09 2.817785e-14 7.566951e-20 
4.673367e+00 9.937322e-01 6.257819e-03 9.972891e-06 4.365754e-09 5.688554e-14 1.821371e-19 
4.849246e+00 9.925337e-01 7.452163e-03 1.416002e-05 7.390698e-09 1.148184e-13 4.383202e-19 
5.025126e+00 9.911075e-01 8.872404e-03 2.010047e-05 1.250868e-08 2.316972e-13 1.054591e-18 
5.201005e+00 9.894110e-01 1.056041e-02 2.852523e-05 2.116497e-08 4.674236e-13 2.536632e-18 
5.376884e+00 9.873940e-01 1.256545e-02 4.046782e-05 3.579990e-08 9.426668e-13 6.099420e-18 
5.552764e+00 9.849972e-01 1.494534e-02 5.738802e-05 6.053083e-08 1.900363e-12 1.466055e-17 
5.728643e+00 9.821508e-01 1.776775e-02 8.134508e-05 1.022987e-07 3.829248e-12 3.522173e-17 
5.904523e+00 9.787731e-01 2.111153e-02 1.152397e-04 1.727923e-07 7.711718e-12 8.457301e-17 
6.080402e+00 9.747684e-01 2.506817e-02 1.631505e-04 2.916716e-07 1.552045e-11 2.029404e-16 
6.256281e+00 9.700255e-01 2.974321e-02 2.308006e-04 4.919559e-07 3.121188e-11 4.865948e-16 
6.432161e+00 9.644154e-01 3.525756e-02 3.262007e-04 8.290058e-07 6.270970e-11 1.165643e-15 
6.608040e+00 9.577895e-01 4.174858e-02 4.605298e-04 1.395449e-06 1.258561e-10 2.789259e-15 
6.783920e+00 9.499777e-01 4.937061e-02 6.493337e-04 2.345889e-06 2.522619e-10 6.665757e-15 
6.959799e+00 9.407871e-01 5.829481e-02 9.141402e-04 3.937638e-06 5.048511e-10 1.590540e-14 
7.135678e+00 9.300011e-01 6.870770e-02 1.284611e-03 6.597483e-06 1.008531e-09 3.788384e-14 
7.311558e+00 9.173796e-01 8.080802e-02 1.801376e-03 1.103048e-05 2.010429e-09 9.004030e-14 
7.487437e+00 9.026608e-01 9.480111e-02 2.519688e-03 1.839586e-05 3.997587e-09 2.134665e-13 
7.663317e+00 8.855652e-01 1.108901e-01 3.514063e-03 3.058908e-05 7.925520e-09 5.045950e-13 
7.839196e+00 8.658022e-01 1.292631e-01 4.883989e-03 5.068914e-05 1.565884e-08 1.188662e-12 
8.015075e+00 8.430806e-01 1.500750e-01 6.760705e-03 8.365959e-05 3.081370e-08 2.788855e-12 
8.190955e+00 8.171232e-01 1.734244e-01 9.314881e-03 1.374309e-04 6.035263e-08 6.512709e-12 
8.366834e+00 7.876867e-01 1.993240e-01 1.276469e-02 2.245437e-04 1.175698e-07 1.512672e-11 
8.542714e+00 7.545859e-01 2.276660e-01 1.738330e-02 3.645913e-04 2.276066e-07 3.491542e-11 
8.718593e+00 7.177231e-01 2.581844e-01 2.350430e-02 5.877667e-04 4.374888e-07 8.001711e-11 
8.894472e+00 6.771197e-01 2.904169e-01 3.152266e-02 9.398615e-04 8.340831e-07 1.818899e-10 
9.070352e+00 6.329474e-01 3.236738e-01 4.188822e-02 1.489074e-03 1.575597e-06 4.096642e-10 
9.246231e+00 5.855551e-01 3.570188e-01 5.508824e-02 2.334892e-03 2.945637e-06 9.131570e-10 
9.422111e+00 5.354863e-01 3.892738e-01 7.161540e-02 3.619077e-03 5.443693e-06 2.012071e-09 
9.597990e+00 4.834801e-01 4.190530e-01 9.191865e-02 5.538325e-03 9.932480e-06 4.377144e-09 
9.773869e+00 4.304526e-01 4.448352e-01 1.163368e-01 8.357484e-03 1.787056e-05 9.389767e-09 
9.949749e+00 3.774546e-01 4.650739e-01 1.450185e-01 1.242125e-02 3.166733e-05 1.983862e-08 
1.012563e+01 3.256081e-01 4.783390e-01 1.778365e-01 1.816126e-02 5.520464e-05 4.123435e-08 
1.030151e+01 2.760259e-01 4.834749e-01 2.143100e-01 2.609462e-02 9.457233e-05 8.422306e-08 
1.047739e+01 2.297257e-01 4.797523e-01 2.535532e-01 3.680960e-02 1.590588e-04 1.688916e-07 
1.065327e+01 1.875487e-01 4.669873e-01 2.942663e-01 5.093496e-02 2.624194e-04 3.322231e-07 
1.082915e+01 1.500971e-01 4.456016e-01 3.347847e-01 6.909150e-02 4.244124e-04 6.406271e-07 
1.100503e+01 1.176985e-01 4.166091e-01 3.731910e-01 9.182766e-02 6.725436e-04 1.210378e-06 
1.118090e+01 9.040256e-02 3.815242e-01 4.074815e-01 1.195456e-01 1.043912e-03 2.240001e-06 
1.135678e+01 6.800820e-02 3.422048e-01 4.357680e-01 1.524280e-01 1.587005e-03 4.060187e-06 
1.153266e+01 5.011435e-02 3.006563e-01 4.564813e-01 1.903776e-01 2.363268e-03 7.208819e-06 
1.170854e+01 3.618437e-02 2.588289e-01 4.685424e-01 2.329835e-01 3.448306e-03 1.254124e-05 
1.188442e+01 2.561297e-02 2.184415e-01 4.714706e-01 2.795209e-01 4.932629e-03 2.138930e-05 
1.206030e+01 1.778589e-02 1.808565e-01 4.654116e-01 3.289882e-01 6.921942e-03 3.578734e-05 
1.223618e+01 1.212632e-02 1.470182e-01 4.510841e-01 3.801755e-01 9.537074e-03 5.878954e-05 
1.241206e+01 8.125140e-03 1.174509e-01 4.296614e-01 4.317540e-01 1.291370e-02 9.491158e-05 
1.258794e+01 5.355816e-03 9.230699e-02 4.026132e-01 4.823713e-01 1.720202e-02 1.507409e-04 
1.276382e+01 3.476758e-03 7.144418e-02 3.715384e-01 5.307385e-01 2.256639e-02 2.357747e-04 
1.293970e+01 2.225042e-03 5.451475e-02 3.380137e-01 5.756980e-01 2.918499e-02 3.635618e-04 
1.311558e+01 1.405274e-03 4.105069e-02 3.034759e-01 6.162658e-01 3.724915e-02 5.532463e-04 
1.329146e+01 8.767116e-04 3.053511e-02 2.691452e-01 6.516494e-01 4.696191e-02 8.316323e-04 
1.346734e+01 5.407479e-04 2.245541e-02 2.359890e-01 6.812437e-01 5.853528e-02 1.235910e-03 
1.364322e+01 3.299832e-04 1.633810e-02 2.047178e-01 7.046117e-01 7.218525e-02 1.817193e-03 
1.381910e+01 1.993438e-04 1.176782e-02 1.758059e-01 7.214581e-01 8.812380e-02 2.645021e-03 
1.399497e+01 1.192658e-04 8.394456e-03 1.495249e-01 7.316017e-01 1.065468e-01 3.812937e-03 
1.417085e+01 7.068866e-05 5.932117e-03 1.259837e-01 7.349516e-01 1.276168e-01 5.445160e-03 
1.434673e+01 4.150980e-05 4.153308e-03 1.051676e-01 7.314927e-01 1.514406e-01 7.704222e-03 
1.452261e+01 2.414873e-05 2.880854e-03 8.697463e-02 7.212802e-01 1.780410e-01 1.079915e-02 
1.469849e+01 1.391514e-05 1.979238e-03 7.124473e-02 7.044459e-01 2.073228e-01 1.499340e-02 
1.487437e+01 7.939127e-06 1.346377e-03 5.778363e-02 6.812134e-01 2.390375e-01 2.061117e-02 
1.505025e+01 4.482643e-06 9.063823e-04 4.638025e-02 6.519209e-01 2.727478e-01 2.804021e-02 
1.522613e+01 2.503266e-06 6.034867e-04 3.681907e-02 6.170468e-01 3.077994e-01 3.772866e-02 
1.540201e+01 1.381621e-06 3.971305e-04 2.888829e-02 5.772322e-01 3.433079e-01 5.017308e-02 
1.557789e+01 7.531041e-07 2.580968e-04 2.238488e-02 5.332942e-01 3.781669e-01 6.589523e-02 
1.575377e+01 4.051097e-07 1.655327e-04 1.711746e-02 4.862223e-01 4.110882e-01 8.540611e-02 
1.592965e+01 2.148930e-07 1.046928e-04 1.290790e-02 4.371543e-01 4.406749e-01 1.091580e-01 
1.610553e+01 1.123350e-07 6.525188e-05 9.592138e-03 3.873272e-01 4.655270e-01 1.374883e-01 
1.628141e+01 5.783801e-08 4.005667e-05 7.020704e-03 3.380077e-01 4.843698e-01 1.705616e-01 
1.645729e+01 2.931887e-08 2.420985e-05 5.059195e-03 2.904095e-01 4.961863e-01 2.083207e-01 
1.663317e+01 1.462946e-08 1.440312e-05 3.588636e-03 2.456078e-01 5.003335e-01 2.504556e-01 
1.680905e+01 7.185523e-09 8.434710e-06 2.505684e-03 2.044668e-01 4.966192e-01 2.964000e-01 
1.698492e+01 3.474826e-09 4.863269e-06 1.722535e-03 1.675899e-01 4.853243e-01 3.453585e-01 
1.716080e+01 1.655155e-09 2.761960e-06 1.166381e-03 1.353018e-01 4.671662e-01 3.963628e-01 
1.733668e+01 7.770407e-10 1.545987e-06 7.784173e-04 1.076612e-01 4.432108e-01 4.483481e-01 
1.751256e+01 3.598213e-10 8.535568e-07 5.124157e-04 8.449920e-02 4.147507e-01 5.002368e-01 
1.768844e+01 1.644979e-10 4.652532e-07 3.330143e-04 6.547514e-02 3.831726e-01 5.510188e-01 
1.786432e+01 7.431797e-11 2.506146e-07 2.138766e-04 5.013723e-02 3.498338e-01 5.998148e-01 
1.804020e+01 3.321524e-11 1.335468e-07 1.358857e-04 3.797994e-02 3.159651e-01 6.459189e-01 
1.821608e+01 1.470097e-11 7.047343e-08 8.549668e-05 2.849136e-02 2.826061e-01 6.888170e-01 
1.839196e+01 6.450102e-12 3.686629e-08 5.332572e-05 2.118772e-02 2.505740e-01 7.281849e-01 
1.856784e+01 2.808199e-12 1.913702e-08 3.300388e-05 1.563492e-02 2.204606e-01 7.638714e-01 
1.874372e+01 1.214319e-12 9.866485e-09 2.028788e-05 1.145911e-02 1.926503e-01 7.958703e-01 
1.891960e+01 5.219789e-13 5.056688e-09 1.239721e-05 8.348752e-03 1.673492e-01 8.242896e-01 
1.909548e+01 2.232170e-13 2.578243e-09 7.536418e-06 6.051265e-03 1.446212e-01 8.493200e-01 
1.927136e+01 9.502980e-14 1.308699e-09 4.561046e-06 4.366456e-03 1.244223e-01 8.712067e-01 
1.944724e+01 4.030150e-14 6.617360e-10 2.749747e-06 3.138636e-03 1.066334e-01 8.902252e-01 
1.962312e+01 1.703530e-14 3.335008e-10 1.652298e-06 2.248640e-03 9.108690e-02 9.066628e-01 
1.979899e+01 7.180494e-15 1.676042e-10 9.900558e-07 1.606478e-03 7.758793e-02 9.208046e-01 
1.997487e+01 3.019365e-15 8.402907e-11 5.918176e-07 1.144950e-03 6.593094e-02 9.329235e-01 
2.015075e+01 1.267040e-15 4.204242e-11 3.530445e-07 8.143505e-04 5.591106e-02 9.432742e-01 
2.032663e+01 5.307780e-16 2.099876e-11 2.102418e-07 5.782083e-04 4.733192e-02 9.520897e-01 
2.050251e+01 2.220234e-16 1.047281e-11 1.250178e-07 4.099402e-04 4.001048e-02 9.595795e-01 
2.067839e+01 9.275690e-17 5.216677e-12 7.424823e-08 2.902808e-04 3.377964e-02 9.659300e-01 
2.085427e+01 3.871142e-17 2.595794e-12 4.404999e-08 2.053343e-04 2.848930e-02 9.713053e-01 
2.103015e+01 1.614167e-17 1.290515e-12 2.611092e-08 1.451180e-04 2.400628e-02 9.758486e-01 
2.120603e+01 6.725657e-18 6.411104e-13 1.546590e-08 1.024844e-04 2.021366e-02 9.796838e-01 
2.138191e+01 2.800586e-18 3.182954e-13 9.154958e-09 7.233066e-05 1.700955e-02 9.829181e-01 
2.155779e+01 1.165558e-18 1.579425e-13 5.416371e-09 5.102205e-05 1.430579e-02 9.856432e-01 
2.173367e+01 4.848713e-19 7.833844e-14 3.203080e-09 3.597500e-05 1.202647e-02 9.879376e-01 
2.190955e+01 2.016309e-19 3.884087e-14 1.893500e-09 2.535606e-05 1.010654e-02 9.898681e-01 
2.208543e+01 8.382075e-20 1.925160e-14 1.118991e-09 1.786597e-05 8.490453e-03 9.914917e-01 
2.226131e+01 3.483628e-20 9.539607e-15 6.611100e-10 1.258511e-05 7.130908e-03 9.928565e-01 
2.243719e+01 1.447491e-20 4.726047e-15 3.905033e-10 8.863220e-06 5.987738e-03 9.940034e-01 
2.261307e+01 6.013389e-21 2.340912e-15 2.306190e-10 6.240873e-06 5.026898e-03 9.949669e-01 
2.278894e+01 2.497785e-21 1.159322e-15 1.361751e-10 4.393711e-06 4.219584e-03 9.957760e-01 
2.296482e+01 1.037371e-21 5.740724e-16 8.039772e-11 3.092864e-06 3.541461e-03 9.964554e-01 
2.314070e+01 4.307897e-22 2.842375e-16 4.746155e-11 2.176920e-06 2.971991e-03 9.970258e-01 
2.331658e+01 1.788779e-22 1.407201e-16 2.801561e-11 1.532089e-06 2.493863e-03 9.975046e-01 
2.349246e+01 7.427014e-23 6.966220e-17 1.653578e-11 1.078182e-06 2.092493e-03 9.979064e-01 
2.366834e+01 3.083498e-23 3.448340e-17 9.759351e-12 7.587032e-07 1.755607e-03 9.982436e-01 
2.384422e+01 1.280117e-23 1.706866e-17 5.759618e-12 5.338608e-07 1.472878e-03 9.985266e-01 
2.402010e+01 5.314171e-24 8.448290e-18 3.398964e-12 3.756336e-07 1.235625e-03 9.987640e-01 
2.419598e+01 2.205997e-24 4.181399e-18 2.005778e-12 2.642921e-07 1.036549e-03 9.989632e-01 
2.437186e+01 9.157149e-25 2.069476e-18 1.183600e-12 1.859473e-07 8.695190e-04 9.991303e-01 
2.454774e+01 3.801053e-25 1.024207e-18 6.984184e-13 1.308229e-07 7.293845e-04 9.992705e-01 
2.472362e+01 1.577749e-25 5.068797e-19 4.121131e-13 9.203819e-08 6.118207e-04 9.993881e-01 
2.489950e+01 6.548825e-26 2.508499e-19 2.431694e-13 6.475064e-08 5.131964e-04 9.994867e-01 
2.507538e+01 2.718204e-26 1.241412e-19 1.434811e-13 4.555259e-08 4.304633e-04 9.995695e-01 
2.525126e+01 1.128223e-26 6.143452e-20 8.465924e-14 3.204619e-08 3.610629e-04 9.996389e-01 
2.542714e+01 4.682772e-27 3.040213e-20 4.995159e-14 2.254420e-08 3.028480e-04 9.996971e-01 
2.560302e+01 1.943600e-27 1.504497e-20 2.947272e-14 1.585948e-08 2.540168e-04 9.997460e-01 
2.577889e+01 8.066916e-28 7.445182e-21 1.738952e-14 1.115681e-08 2.130575e-04 9.997869e-01 
2.595477e+01 3.348152e-28 3.684313e-21 1.026011e-14 7.848524e-09 1.787015e-04 9.998213e-01 
2.613065e+01 1.389634e-28 1.823204e-21 6.053609e-15 5.521201e-09 1.498847e-04 9.998501e-01 
2.630653e+01 5.767581e-29 9.022188e-22 3.571696e-15 3.883982e-09 1.257142e-04 9.998743e-01 
2.648241e+01 2.393786e-29 4.464644e-22 2.107332e-15 2.732242e-09 1.054410e-04 9.998946e-01 
2.665829e+01 9.935171e-30 2.209329e-22 1.243340e-15 1.922027e-09 8.843693e-05 9.999116e-01 
2.683417e+01 4.123484e-30 1.093284e-22 7.335772e-16 1.352069e-09 7.417480e-05 9.999258e-01 
2.701005e+01 1.711403e-30 5.410087e-23 4.328133e-16 9.511240e-10 6.221257e-05 9.999378e-01 
2.718593e+01 7.102960e-31 2.677163e-23 2.553610e-16 6.690747e-10 5.217940e-05 9.999478e-01 
2.736181e+01 2.947988e-31 1.324783e-23 1.506635e-16 4.706644e-10 4.376423e-05 9.999562e-01 
2.753769e+01 1.223521e-31 6.555622e-24 8.889159e-17 3.310911e-10 3.670615e-05 9.999633e-01 
2.771357e+01 5.078049e-32 3.244013e-24 5.244606e-17 2.329074e-10 3.078633e-05 9.999692e-01 
2.788945e+01 2.107569e-32 1.605281e-24 3.094316e-17 1.638394e-10 2.582122e-05 9.999742e-01 
2.806533e+01 8.747145e-33 7.943630e-25 1.825644e-17 1.152533e-10 2.165684e-05 9.999783e-01 
2.824121e+01 3.630367e-33 3.930852e-25 1.077128e-17 8.107519e-11 1.816407e-05 9.999818e-01 
2.841709e+01 1.506727e-33 1.945155e-25 6.355039e-18 5.703249e-11 1.523460e-05 9.999848e-01 
2.859296e+01 6.253431e-34 9.625459e-26 3.749462e-18 4.011959e-11 1.277758e-05 9.999872e-01 
2.876884e+01 2.595386e-34 4.763087e-26 2.212175e-18 2.822218e-11 1.071682e-05 9.999893e-01 
2.894472e+01 1.077173e-34 2.356978e-26 1.305178e-18 1.985292e-11 8.988418e-06 9.999910e-01 
2.912060e+01 4.470632e-35 1.166332e-26 7.700521e-19 1.396555e-11 7.538769e-06 9.999925e-01 
2.929648e+01 1.855462e-35 5.771504e-27 4.543288e-19 9.824076e-12 6.322918e-06 9.999937e-01 
2.947236e+01 7.700791e-36 2.855983e-27 2.680528e-19 6.910751e-12 5.303158e-06 9.999947e-01 
2.964824e+01 3.196086e-36 1.413260e-27 1.581504e-19 4.861370e-12 4.447863e-06 9.999956e-01 
2.982412e+01 1.326482e-36 6.993406e-28 9.330832e-20 3.419732e-12 3.730511e-06 9.999963e-01 
3.000000e+01 5.505345e-37 3.460630e-28 5.505164e-20 2.405611e-12 3.128853e-06 9.999969e-01 
