#E                   5            6            7            8 
-5.000000e+00 9.999996e-01 3.921199e-07 4.646148e-14 2.091135e-21 
-4.824121e+00 9.999995e-01 4.675223e-07 6.604803e-14 3.544315e-21 
-4.648241e+00 9.999994e-01 5.574241e-07 9.389160e-14 6.007346e-21 
-4.472362e+00 9.999993e-01 6.646135e-07 1.334731e-13 1.018200e-20 
-4.296482e+00 9.999992e-01 7.924148e-07 1.897407e-13 1.725771e-20 
-4.120603e+00 9.999991e-01 9.447914e-07 2.697288e-13 2.925052e-20 
-3.944724e+00 9.999989e-01 1.126469e-06 3.834371e-13 4.957741e-20 
-3.768844e+00 9.999987e-01 1.343082e-06 5.450809e-13 8.402994e-20 
-3.592965e+00 9.999984e-01 1.601349e-06 7.748680e-13 1.424244e-19 
-3.417085e+00 9.999981e-01 1.909279e-06 1.101525e-12 2.413985e-19 
-3.241206e+00 9.999977e-01 2.276421e-06 1.565890e-12 4.091521e-19 
-3.065327e+00 9.999973e-01 2.714163e-06 2.226014e-12 6.934815e-19 
-2.889447e+00 9.999968e-01 3.236079e-06 3.164424e-12 1.175398e-18 
-2.713568e+00 9.999961e-01 3.858356e-06 4.498433e-12 1.992210e-18 
-2.537688e+00 9.999954e-01 4.600292e-06 6.394813e-12 3.376643e-18 
-2.361809e+00 9.999945e-01 5.484897e-06 9.090638e-12 5.723150e-18 
-2.185930e+00 9.999935e-01 6.539604e-06 1.292292e-11 9.700297e-18 
-2.010050e+00 9.999922e-01 7.797123e-06 1.837076e-11 1.644125e-17 
-1.834171e+00 9.999907e-01 9.296451e-06 2.611520e-11 2.786663e-17 
-1.658291e+00 9.999889e-01 1.108409e-05 3.712441e-11 4.723176e-17 
-1.482412e+00 9.999868e-01 1.321546e-05 5.277467e-11 8.005409e-17 
-1.306533e+00 9.999842e-01 1.575668e-05 7.502246e-11 1.356853e-16 
-1.130653e+00 9.999812e-01 1.878654e-05 1.066490e-10 2.299756e-16 
-9.547739e-01 9.999776e-01 2.239901e-05 1.516080e-10 3.897899e-16 
-7.788945e-01 9.999733e-01 2.670609e-05 2.155198e-10 6.606616e-16 
-6.030151e-01 9.999682e-01 3.184136e-05 3.063740e-10 1.119766e-15 
-4.271357e-01 9.999620e-01 3.796403e-05 4.355281e-10 1.897907e-15 
-2.512563e-01 9.999547e-01 4.526397e-05 6.191273e-10 3.216785e-15 
-7.537688e-02 9.999460e-01 5.396750e-05 8.801223e-10 5.452161e-15 
1.005025e-01 9.999357e-01 6.434447e-05 1.251139e-09 9.240905e-15 
2.763819e-01 9.999233e-01 7.671660e-05 1.778554e-09 1.566244e-14 
4.522613e-01 9.999085e-01 9.146741e-05 2.528293e-09 2.654627e-14 
6.281407e-01 9.998909e-01 1.090541e-04 3.594072e-09 4.499313e-14 
8.040201e-01 9.998700e-01 1.300219e-04 5.109101e-09 7.625835e-14 
9.798995e-01 9.998450e-01 1.550205e-04 7.262741e-09 1.292489e-13 
1.155779e+00 9.998152e-01 1.848245e-04 1.032416e-08 2.190606e-13 
1.331658e+00 9.997796e-01 2.203574e-04 1.467594e-08 3.712780e-13 
1.507538e+00 9.997373e-01 2.627197e-04 2.086193e-08 6.292615e-13 
1.683417e+00 9.996867e-01 3.132234e-04 2.965510e-08 1.066497e-12 
1.859296e+00 9.996265e-01 3.734320e-04 4.215414e-08 1.807523e-12 
2.035176e+00 9.995547e-01 4.452088e-04 5.992057e-08 3.063395e-12 
2.211055e+00 9.994691e-01 5.307744e-04 8.517372e-08 5.191778e-12 
2.386935e+00 9.993671e-01 6.327747e-04 1.210677e-07 8.798773e-12 
2.562814e+00 9.992455e-01 7.543618e-04 1.720847e-07 1.491144e-11 
2.738693e+00 9.991005e-01 8.992908e-04 2.445942e-07 2.527010e-11 
2.914573e+00 9.989276e-01 1.072034e-03 3.476465e-07 4.282350e-11 
3.090452e+00 9.987216e-01 1.277916e-03 4.941004e-07 7.256763e-11 
3.266332e+00 9.984760e-01 1.523277e-03 7.022234e-07 1.229664e-10 
3.442211e+00 9.981833e-01 1.815662e-03 9.979640e-07 2.083577e-10 
3.618090e+00 9.978345e-01 2.164047e-03 1.418176e-06 3.530271e-10 
3.793970e+00 9.974189e-01 2.579106e-03 2.015190e-06 5.981051e-10 
3.969849e+00 9.969236e-01 3.073527e-03 2.863302e-06 1.013240e-09 
4.145729e+00 9.963336e-01 3.662379e-03 4.067962e-06 1.716348e-09 
4.321608e+00 9.956307e-01 4.363553e-03 5.778796e-06 2.907028e-09 
4.497487e+00 9.947935e-01 5.198265e-03 8.208030e-06 4.923050e-09 
4.673367e+00 9.937967e-01 6.191651e-03 1.165656e-05 8.335837e-09 
4.849246e+00 9.926100e-01 7.373455e-03 1.655078e-05 1.411174e-08 
5.025126e+00 9.911977e-01 8.778819e-03 2.349454e-05 2.388431e-08 
5.201005e+00 9.895174e-01 1.044919e-02 3.334241e-05 4.041348e-08 
5.376884e+00 9.875193e-01 1.243335e-02 4.730271e-05 6.835947e-08 
5.552764e+00 9.851442e-01 1.478856e-02 6.708219e-05 1.155855e-07 
5.728643e+00 9.823229e-01 1.758182e-02 9.508862e-05 1.953476e-07 
5.904523e+00 9.789737e-01 2.089124e-02 1.347138e-04 3.299706e-07 
6.080402e+00 9.750013e-01 2.480743e-02 1.907275e-04 5.570058e-07 
6.256281e+00 9.702943e-01 2.943496e-02 2.698227e-04 9.395250e-07 
6.432161e+00 9.647234e-01 3.489364e-02 3.813684e-04 1.583281e-06 
6.608040e+00 9.581393e-01 4.131955e-02 5.384402e-04 2.665227e-06 
6.783920e+00 9.503707e-01 4.886562e-02 7.592219e-04 4.480732e-06 
6.959799e+00 9.412222e-01 5.770135e-02 1.068894e-03 7.521396e-06 
7.135678e+00 9.304739e-01 6.801136e-02 1.502151e-03 1.260262e-05 
7.311558e+00 9.178804e-01 7.999204e-02 2.106505e-03 2.107139e-05 
7.487437e+00 9.031725e-01 9.384581e-02 2.946551e-03 3.514213e-05 
7.663317e+00 8.860604e-01 1.097718e-01 4.109354e-03 5.843473e-05 
7.839196e+00 8.662395e-01 1.279526e-01 5.711039e-03 9.682691e-05 
8.015075e+00 8.434008e-01 1.485349e-01 7.904566e-03 1.597874e-04 
8.190955e+00 8.172442e-01 1.716050e-01 1.088837e-02 2.624283e-04 
8.366834e+00 7.874995e-01 1.971568e-01 1.491517e-02 4.286071e-04 
8.542714e+00 7.539504e-01 2.250545e-01 2.029960e-02 6.955082e-04 
8.718593e+00 7.164666e-01 2.549907e-01 2.742253e-02 1.120226e-03 
8.894472e+00 6.750381e-01 2.864442e-01 3.672881e-02 1.788910e-03 
9.070352e+00 6.298123e-01 3.186445e-01 4.871431e-02 2.828927e-03 
9.246231e+00 5.811279e-01 3.505504e-01 6.389753e-02 4.424179e-03 
9.422111e+00 5.295400e-01 3.808561e-01 8.277096e-02 6.832978e-03 
9.597990e+00 4.758292e-01 4.080343e-01 1.057298e-01 1.040669e-02 
9.773869e+00 4.209885e-01 4.304268e-01 1.329791e-01 1.560566e-02 
9.949749e+00 3.661812e-01 4.463839e-01 1.644281e-01 2.300691e-02 
1.012563e+01 3.126701e-01 4.544460e-01 1.995874e-01 3.329653e-02 
1.030151e+01 2.617219e-01 4.535441e-01 2.374947e-01 4.723927e-02 
1.047739e+01 2.144978e-01 4.431857e-01 2.766964e-01 6.562001e-02 
1.065327e+01 1.719465e-01 4.235840e-01 3.153122e-01 8.915732e-02 
1.082915e+01 1.347189e-01 3.956929e-01 3.511907e-01 1.183975e-01 
1.100503e+01 1.031209e-01 3.611270e-01 3.821450e-01 1.536071e-01 
1.118090e+01 7.711203e-02 3.219725e-01 4.062285e-01 1.946870e-01 
1.135678e+01 5.634957e-02 2.805244e-01 4.219935e-01 2.411325e-01 
1.153266e+01 4.026666e-02 2.390062e-01 4.286745e-01 2.920526e-01 
1.170854e+01 2.816582e-02 1.993285e-01 4.262569e-01 3.462488e-01 
1.188442e+01 1.930962e-02 1.629312e-01 4.154222e-01 4.023370e-01 
1.206030e+01 1.299390e-02 1.307235e-01 3.973951e-01 4.588875e-01 
1.223618e+01 8.596367e-03 1.031127e-01 3.737358e-01 5.145551e-01 
1.241206e+01 5.600389e-03 8.009381e-02 3.461264e-01 5.681794e-01 
1.258794e+01 3.598855e-03 6.136612e-02 3.161898e-01 6.188452e-01 
1.276382e+01 2.284776e-03 4.645060e-02 2.853606e-01 6.659040e-01 
1.293970e+01 1.435176e-03 3.478854e-02 2.548135e-01 7.089628e-01 
1.311558e+01 8.931967e-04 2.581438e-02 2.254402e-01 7.478522e-01 
1.329146e+01 5.514572e-04 1.900246e-02 1.978622e-01 7.825838e-01 
1.346734e+01 3.381300e-04 1.389202e-02 1.724653e-01 8.133045e-01 
1.364322e+01 2.061062e-04 1.009616e-02 1.494432e-01 8.402546e-01 
1.381910e+01 1.249996e-04 7.300575e-03 1.288429e-01 8.637315e-01 
1.399497e+01 7.548523e-05 5.256466e-03 1.106065e-01 8.840615e-01 
1.417085e+01 4.541846e-05 3.770923e-03 9.460585e-02 9.015778e-01 
1.434673e+01 2.724340e-05 2.696870e-03 8.067033e-02 9.166056e-01 
1.452261e+01 1.629879e-05 1.923701e-03 6.860802e-02 9.294520e-01 
1.469849e+01 9.729509e-06 1.369168e-03 5.822068e-02 9.404004e-01 
1.487437e+01 5.797191e-06 9.726727e-04 4.931407e-02 9.497075e-01 
1.505025e+01 3.448756e-06 6.899142e-04 4.170448e-02 9.576022e-01 
1.522613e+01 2.048959e-06 4.887078e-04 3.522251e-02 9.642867e-01 
1.540201e+01 1.215964e-06 3.457962e-04 2.971493e-02 9.699381e-01 
1.557789e+01 7.209442e-07 2.444469e-04 2.504508e-02 9.747097e-01 
1.575377e+01 4.271111e-07 1.726661e-04 2.109253e-02 9.787344e-01 
1.592965e+01 2.528673e-07 1.218828e-04 1.775201e-02 9.821259e-01 
1.610553e+01 1.496247e-07 8.598777e-05 1.493224e-02 9.849816e-01 
1.628141e+01 8.849349e-08 6.063565e-05 1.255451e-02 9.873848e-01 
1.645729e+01 5.231775e-08 4.274145e-05 1.055126e-02 9.894059e-01 
1.663317e+01 3.092031e-08 3.011810e-05 8.864744e-03 9.911051e-01 
1.680905e+01 1.826917e-08 2.121709e-05 7.445742e-03 9.925330e-01 
1.698492e+01 1.079178e-08 1.494320e-05 6.252434e-03 9.937326e-01 
1.716080e+01 6.373570e-09 1.052245e-05 5.249353e-03 9.947401e-01 
1.733668e+01 3.763584e-09 7.408308e-06 4.406477e-03 9.955861e-01 
1.751256e+01 2.222086e-09 5.215091e-06 3.698433e-03 9.962963e-01 
1.768844e+01 1.311808e-09 3.670750e-06 3.103803e-03 9.968925e-01 
1.786432e+01 7.743512e-10 2.583484e-06 2.604525e-03 9.973929e-01 
1.804020e+01 4.570571e-10 1.818116e-06 2.185385e-03 9.978128e-01 
1.821608e+01 2.697574e-10 1.279405e-06 1.833571e-03 9.981651e-01 
1.839196e+01 1.592032e-10 9.002639e-07 1.538307e-03 9.984608e-01 
1.856784e+01 9.395268e-11 6.334477e-07 1.290528e-03 9.987088e-01 
1.874372e+01 5.544333e-11 4.456915e-07 1.082616e-03 9.989169e-01 
1.891960e+01 3.271710e-11 3.135764e-07 9.081694e-04 9.990915e-01 
1.909548e+01 1.930582e-11 2.206176e-07 7.618107e-04 9.992380e-01 
1.927136e+01 1.139177e-11 1.552125e-07 6.390238e-04 9.993608e-01 
1.944724e+01 6.721800e-12 1.091954e-07 5.360167e-04 9.994639e-01 
1.962312e+01 3.966184e-12 7.682015e-08 4.496064e-04 9.995503e-01 
1.979899e+01 2.340205e-12 5.404304e-08 3.771208e-04 9.996228e-01 
1.997487e+01 1.380798e-12 3.801887e-08 3.163177e-04 9.996836e-01 
2.015075e+01 8.147077e-13 2.674573e-08 2.653152e-04 9.997347e-01 
2.032663e+01 4.806955e-13 1.881509e-08 2.225345e-04 9.997774e-01 
2.050251e+01 2.836190e-13 1.323594e-08 1.866506e-04 9.998133e-01 
2.067839e+01 1.673393e-13 9.311101e-09 1.565522e-04 9.998434e-01 
2.085427e+01 9.873216e-14 6.550058e-09 1.313066e-04 9.998687e-01 
2.103015e+01 5.825289e-14 4.607734e-09 1.101317e-04 9.998899e-01 
2.120603e+01 3.436963e-14 3.241367e-09 9.237121e-05 9.999076e-01 
2.138191e+01 2.027827e-14 2.280173e-09 7.747465e-05 9.999225e-01 
2.155779e+01 1.196427e-14 1.604007e-09 6.498028e-05 9.999350e-01 
2.173367e+01 7.058952e-15 1.128350e-09 5.450078e-05 9.999455e-01 
2.190955e+01 4.164796e-15 7.937448e-10 4.571125e-05 9.999543e-01 
2.208543e+01 2.457234e-15 5.583637e-10 3.833918e-05 9.999617e-01 
2.226131e+01 1.449769e-15 3.927833e-10 3.215600e-05 9.999678e-01 
2.243719e+01 8.553636e-16 2.763047e-10 2.696999e-05 9.999730e-01 
2.261307e+01 5.046640e-16 1.943673e-10 2.262035e-05 9.999774e-01 
2.278894e+01 2.977512e-16 1.367282e-10 1.897219e-05 9.999810e-01 
2.296482e+01 1.756728e-16 9.618169e-11 1.591239e-05 9.999841e-01 
2.314070e+01 1.036466e-16 6.765916e-11 1.334606e-05 9.999867e-01 
2.331658e+01 6.115132e-17 4.759493e-11 1.119362e-05 9.999888e-01 
2.349246e+01 3.607915e-17 3.348070e-11 9.388318e-06 9.999906e-01 
2.366834e+01 2.128661e-17 2.355203e-11 7.874174e-06 9.999921e-01 
2.384422e+01 1.255905e-17 1.656769e-11 6.604229e-06 9.999934e-01 
2.402010e+01 7.409807e-18 1.165455e-11 5.539099e-06 9.999945e-01 
2.419598e+01 4.371766e-18 8.198398e-12 4.645752e-06 9.999954e-01 
2.437186e+01 2.579330e-18 5.767165e-12 3.896484e-06 9.999961e-01 
2.454774e+01 1.521797e-18 4.056914e-12 3.268058e-06 9.999967e-01 
2.472362e+01 8.978560e-19 2.853837e-12 2.740984e-06 9.999973e-01 
2.489950e+01 5.297324e-19 2.007532e-12 2.298917e-06 9.999977e-01 
2.507538e+01 3.125405e-19 1.412198e-12 1.928146e-06 9.999981e-01 
2.525126e+01 1.843980e-19 9.934108e-13 1.617174e-06 9.999984e-01 
2.542714e+01 1.087942e-19 6.988148e-13 1.356355e-06 9.999986e-01 
2.560302e+01 6.418826e-20 4.915812e-13 1.137601e-06 9.999989e-01 
2.577889e+01 3.787087e-20 3.458028e-13 9.541279e-07 9.999990e-01 
2.595477e+01 2.234370e-20 2.432549e-13 8.002454e-07 9.999992e-01 
2.613065e+01 1.318271e-20 1.711176e-13 6.711812e-07 9.999993e-01 
2.630653e+01 7.777758e-21 1.203727e-13 5.629326e-07 9.999994e-01 
2.648241e+01 4.588853e-21 8.467614e-14 4.721424e-07 9.999995e-01 
2.665829e+01 2.707409e-21 5.956542e-14 3.959949e-07 9.999996e-01 
2.683417e+01 1.597362e-21 4.190128e-14 3.321285e-07 9.999997e-01 
2.701005e+01 9.424388e-22 2.947545e-14 2.785625e-07 9.999997e-01 
2.718593e+01 5.560359e-22 2.073450e-14 2.336357e-07 9.999998e-01 
2.736181e+01 3.280594e-22 1.458568e-14 1.959548e-07 9.999998e-01 
2.753769e+01 1.935540e-22 1.026029e-14 1.643510e-07 9.999998e-01 
2.771357e+01 1.141962e-22 7.217601e-15 1.378443e-07 9.999999e-01 
2.788945e+01 6.737541e-23 5.077220e-15 1.156127e-07 9.999999e-01 
2.806533e+01 3.975128e-23 3.571569e-15 9.696658e-08 9.999999e-01 
2.824121e+01 2.345313e-23 2.512420e-15 8.132773e-08 9.999999e-01 
2.841709e+01 1.383727e-23 1.767361e-15 6.821112e-08 9.999999e-01 
2.859296e+01 8.163944e-24 1.243250e-15 5.720997e-08 9.999999e-01 
2.876884e+01 4.816701e-24 8.745638e-16 4.798310e-08 1.000000e+00 
2.894472e+01 2.841838e-24 6.152117e-16 4.024434e-08 1.000000e+00 
2.912060e+01 1.676675e-24 4.327705e-16 3.375370e-08 1.000000e+00 
2.929648e+01 9.892331e-25 3.044323e-16 2.830987e-08 1.000000e+00 
2.947236e+01 5.836443e-25 2.141529e-16 2.374403e-08 1.000000e+00 
2.964824e+01 3.443483e-25 1.506458e-16 1.991458e-08 1.000000e+00 
2.982412e+01 2.031644e-25 1.059717e-16 1.670274e-08 1.000000e+00 
3.000000e+01 1.198663e-25 7.454580e-17 1.400890e-08 1.000000e+00 
