#E                   1            2            3 
-5.000000e+00 1.000000e+00 2.505207e-08 1.099967e-19 
-4.824121e+00 1.000000e+00 2.986943e-08 1.563676e-19 
-4.648241e+00 1.000000e+00 3.561315e-08 2.222867e-19 
-4.472362e+00 1.000000e+00 4.246136e-08 3.159952e-19 
-4.296482e+00 9.999999e-01 5.062643e-08 4.492079e-19 
-4.120603e+00 9.999999e-01 6.036160e-08 6.385784e-19 
-3.944724e+00 9.999999e-01 7.196879e-08 9.077811e-19 
-3.768844e+00 9.999999e-01 8.580798e-08 1.290470e-18 
-3.592965e+00 9.999999e-01 1.023084e-07 1.834488e-18 
-3.417085e+00 9.999999e-01 1.219817e-07 2.607845e-18 
-3.241206e+00 9.999999e-01 1.454380e-07 3.707223e-18 
-3.065327e+00 9.999998e-01 1.734049e-07 5.270061e-18 
-2.889447e+00 9.999998e-01 2.067497e-07 7.491737e-18 
-2.713568e+00 9.999998e-01 2.465065e-07 1.064999e-17 
-2.537688e+00 9.999997e-01 2.939082e-07 1.513967e-17 
-2.361809e+00 9.999996e-01 3.504251e-07 2.152203e-17 
-2.185930e+00 9.999996e-01 4.178098e-07 3.059497e-17 
-2.010050e+00 9.999995e-01 4.981521e-07 4.349275e-17 
-1.834171e+00 9.999994e-01 5.939439e-07 6.182780e-17 
-1.658291e+00 9.999993e-01 7.081558e-07 8.789226e-17 
-1.482412e+00 9.999992e-01 8.443300e-07 1.249446e-16 
-1.306533e+00 9.999990e-01 1.006690e-06 1.776169e-16 
-1.130653e+00 9.999988e-01 1.200270e-06 2.524940e-16 
-9.547739e-01 9.999986e-01 1.431075e-06 3.589367e-16 
-7.788945e-01 9.999983e-01 1.706262e-06 5.102520e-16 
-6.030151e-01 9.999980e-01 2.034365e-06 7.253564e-16 
-4.271357e-01 9.999976e-01 2.425561e-06 1.031141e-15 
-2.512563e-01 9.999971e-01 2.891981e-06 1.465834e-15 
-7.537688e-02 9.999966e-01 3.448091e-06 2.083779e-15 
1.005025e-01 9.999959e-01 4.111136e-06 2.962226e-15 
2.763819e-01 9.999951e-01 4.901680e-06 4.210995e-15 
4.522613e-01 9.999942e-01 5.844240e-06 5.986200e-15 
6.281407e-01 9.999930e-01 6.968045e-06 8.509766e-15 
8.040201e-01 9.999917e-01 8.307949e-06 1.209718e-14 
9.798995e-01 9.999901e-01 9.905504e-06 1.719690e-14 
1.155779e+00 9.999882e-01 1.181025e-05 2.444648e-14 
1.331658e+00 9.999859e-01 1.408127e-05 3.475219e-14 
1.507538e+00 9.999832e-01 1.678897e-05 4.940238e-14 
1.683417e+00 9.999800e-01 2.001732e-05 7.022850e-14 
1.859296e+00 9.999761e-01 2.386645e-05 9.983404e-14 
2.035176e+00 9.999715e-01 2.845570e-05 1.419200e-13 
2.211055e+00 9.999661e-01 3.392738e-05 2.017475e-13 
2.386935e+00 9.999595e-01 4.045116e-05 2.867954e-13 
2.562814e+00 9.999518e-01 4.822931e-05 4.076953e-13 
2.738693e+00 9.999425e-01 5.750299e-05 5.795602e-13 
2.914573e+00 9.999314e-01 6.855973e-05 8.238737e-13 
3.090452e+00 9.999183e-01 8.174229e-05 1.171175e-12 
3.266332e+00 9.999025e-01 9.745933e-05 1.664876e-12 
3.442211e+00 9.998838e-01 1.161980e-04 2.366686e-12 
3.618090e+00 9.998615e-01 1.385391e-04 3.364324e-12 
3.793970e+00 9.998348e-01 1.651750e-04 4.782480e-12 
3.969849e+00 9.998031e-01 1.969310e-04 6.798393e-12 
4.145729e+00 9.997652e-01 2.347908e-04 9.663996e-12 
4.321608e+00 9.997201e-01 2.799271e-04 1.373738e-11 
4.497487e+00 9.996663e-01 3.337375e-04 1.952754e-11 
4.673367e+00 9.996021e-01 3.978877e-04 2.775790e-11 
4.849246e+00 9.995256e-01 4.743630e-04 3.945666e-11 
5.025126e+00 9.994345e-01 5.655287e-04 5.608511e-11 
5.201005e+00 9.993258e-01 6.742032e-04 7.971999e-11 
5.376884e+00 9.991963e-01 8.037445e-04 1.133125e-10 
5.552764e+00 9.990418e-01 9.581518e-04 1.610563e-10 
5.728643e+00 9.988578e-01 1.142188e-03 2.289099e-10 
5.904523e+00 9.986385e-01 1.361526e-03 3.253389e-10 
6.080402e+00 9.983771e-01 1.622914e-03 4.623696e-10 
6.256281e+00 9.980656e-01 1.934388e-03 6.570837e-10 
6.432161e+00 9.976945e-01 2.305502e-03 9.337402e-10 
6.608040e+00 9.972524e-01 2.747619e-03 1.326785e-09 
6.783920e+00 9.967258e-01 3.274240e-03 1.885115e-09 
6.959799e+00 9.960986e-01 3.901401e-03 2.678129e-09 
7.135678e+00 9.953519e-01 4.648131e-03 3.804282e-09 
7.311558e+00 9.944630e-01 5.536991e-03 5.403207e-09 
7.487437e+00 9.934053e-01 6.594701e-03 7.672844e-09 
7.663317e+00 9.921471e-01 7.852865e-03 1.089364e-08 
7.839196e+00 9.906512e-01 9.348809e-03 1.546267e-08 
8.015075e+00 9.888734e-01 1.112653e-02 2.194175e-08 
8.190955e+00 9.867622e-01 1.323777e-02 3.112505e-08 
8.366834e+00 9.842567e-01 1.574324e-02 4.413395e-08 
8.542714e+00 9.812860e-01 1.871393e-02 6.254994e-08 
8.718593e+00 9.777674e-01 2.223250e-02 8.860001e-08 
8.894472e+00 9.736050e-01 2.639484e-02 1.254146e-07 
9.070352e+00 9.686883e-01 3.131149e-02 1.773847e-07 
9.246231e+00 9.628907e-01 3.710907e-02 2.506547e-07 
9.422111e+00 9.560682e-01 4.393144e-02 3.537975e-07 
9.597990e+00 9.480591e-01 5.194042e-02 4.987330e-07 
9.773869e+00 9.386835e-01 6.131584e-02 7.019704e-07 
9.949749e+00 9.277444e-01 7.225457e-02 9.862679e-07 
1.012563e+01 9.150305e-01 8.496811e-02 1.382831e-06 
1.030151e+01 9.003198e-01 9.967830e-02 1.934181e-06 
1.047739e+01 8.833867e-01 1.166106e-01 2.697852e-06 
1.065327e+01 8.640115e-01 1.359848e-01 3.751057e-06 
1.082915e+01 8.419928e-01 1.580020e-01 5.196482e-06 
1.100503e+01 8.171632e-01 1.828296e-01 7.169300e-06 
1.118090e+01 7.894076e-01 2.105826e-01 9.845463e-06 
1.135678e+01 7.586825e-01 2.413040e-01 1.345122e-05 
1.153266e+01 7.250357e-01 2.749460e-01 1.827377e-05 
1.170854e+01 6.886226e-01 3.113527e-01 2.467271e-05 
1.188442e+01 6.497164e-01 3.502505e-01 3.309225e-05 
1.206030e+01 6.087106e-01 3.912454e-01 4.407377e-05 
1.223618e+01 5.661093e-01 4.338325e-01 5.826886e-05 
1.241206e+01 5.225071e-01 4.774165e-01 7.645314e-05 
1.258794e+01 4.785579e-01 5.213426e-01 9.954159e-05 
1.276382e+01 4.349367e-01 5.649347e-01 1.286065e-04 
1.293970e+01 3.922986e-01 6.075365e-01 1.649000e-04 
1.311558e+01 3.512403e-01 6.485498e-01 2.098820e-04 
1.329146e+01 3.122688e-01 6.874659e-01 2.652567e-04 
1.346734e+01 2.757809e-01 7.238860e-01 3.330189e-04 
1.364322e+01 2.420533e-01 7.575311e-01 4.155111e-04 
1.381910e+01 2.112446e-01 7.882399e-01 5.154944e-04 
1.399497e+01 1.834052e-01 8.159585e-01 6.362343e-04 
1.417085e+01 1.584943e-01 8.407241e-01 7.816025e-04 
1.434673e+01 1.363983e-01 8.626455e-01 9.561989e-04 
1.452261e+01 1.169511e-01 8.818834e-01 1.165495e-03 
1.469849e+01 9.995205e-02 8.986319e-01 1.416005e-03 
1.487437e+01 8.518166e-02 9.131029e-01 1.715481e-03 
1.505025e+01 7.241445e-02 9.255124e-01 2.073156e-03 
1.522613e+01 6.142832e-02 9.360717e-01 2.500013e-03 
1.540201e+01 5.201139e-02 9.449795e-01 3.009116e-03 
1.557789e+01 4.396632e-02 9.524177e-01 3.615992e-03 
1.575377e+01 3.711275e-02 9.585482e-01 4.339078e-03 
1.592965e+01 3.128834e-02 9.635114e-01 5.200245e-03 
1.610553e+01 2.634875e-02 9.674258e-01 6.225412e-03 
1.628141e+01 2.216686e-02 9.703879e-01 7.445249e-03 
1.645729e+01 1.863170e-02 9.724723e-01 8.895995e-03 
1.663317e+01 1.564702e-02 9.737326e-01 1.062039e-02 
1.680905e+01 1.312977e-02 9.742015e-01 1.266873e-02 
1.698492e+01 1.100869e-02 9.738913e-01 1.510004e-02 
1.716080e+01 9.222791e-03 9.727938e-01 1.798340e-02 
1.733668e+01 7.720117e-03 9.708805e-01 2.139934e-02 
1.751256e+01 6.456481e-03 9.681022e-01 2.544130e-02 
1.768844e+01 5.394401e-03 9.643885e-01 3.021715e-02 
1.786432e+01 4.502144e-03 9.596472e-01 3.585061e-02 
1.804020e+01 3.752887e-03 9.537647e-01 4.248245e-02 
1.821608e+01 3.123989e-03 9.466047e-01 5.027134e-02 
1.839196e+01 2.596359e-03 9.380096e-01 5.939400e-02 
1.856784e+01 2.153917e-03 9.278016e-01 7.004447e-02 
1.874372e+01 1.783134e-03 9.157849e-01 8.243197e-02 
1.891960e+01 1.472629e-03 9.017504e-01 9.677696e-02 
1.909548e+01 1.212840e-03 8.854822e-01 1.133050e-01 
1.927136e+01 9.957318e-04 8.667667e-01 1.322375e-01 
1.944724e+01 8.145571e-04 8.454051e-01 1.537804e-01 
1.962312e+01 6.636471e-04 8.212284e-01 1.781080e-01 
1.979899e+01 5.382369e-04 7.941156e-01 2.053462e-01 
1.997487e+01 4.343175e-04 7.640134e-01 2.355523e-01 
2.015075e+01 3.485089e-04 7.309557e-01 2.686958e-01 
2.032663e+01 2.779552e-04 6.950809e-01 3.046412e-01 
2.050251e+01 2.202347e-04 6.566436e-01 3.431361e-01 
2.067839e+01 1.732872e-04 6.160187e-01 3.838080e-01 
2.085427e+01 1.353534e-04 5.736938e-01 4.261709e-01 
2.103015e+01 1.049270e-04 5.302512e-01 4.696439e-01 
2.120603e+01 8.071618e-05 4.863383e-01 5.135810e-01 
2.138191e+01 6.161408e-05 4.426304e-01 5.573079e-01 
2.155779e+01 4.667532e-05 3.997901e-01 6.001633e-01 
2.173367e+01 3.509724e-05 3.584274e-01 6.415375e-01 
2.190955e+01 2.620422e-05 3.190677e-01 6.809061e-01 
2.208543e+01 1.943355e-05 2.821286e-01 7.178520e-01 
2.226131e+01 1.432230e-05 2.479084e-01 7.520773e-01 
2.243719e+01 1.049467e-05 2.165862e-01 7.834033e-01 
2.261307e+01 7.649710e-06 1.882307e-01 8.117617e-01 
2.278894e+01 5.549677e-06 1.628158e-01 8.371786e-01 
2.296482e+01 4.009203e-06 1.402395e-01 8.597565e-01 
2.314070e+01 2.885542e-06 1.203436e-01 8.796535e-01 
2.331658e+01 2.070013e-06 1.029324e-01 8.970655e-01 
2.349246e+01 1.480732e-06 8.778884e-02 9.122097e-01 
2.366834e+01 1.056581e-06 7.468769e-02 9.253113e-01 
2.384422e+01 7.523142e-07 6.340578e-02 9.365935e-01 
2.402010e+01 5.346831e-07 5.372909e-02 9.462704e-01 
2.419598e+01 3.794105e-07 4.545754e-02 9.545421e-01 
2.437186e+01 2.688675e-07 3.840769e-02 9.615920e-01 
2.454774e+01 1.903137e-07 3.241406e-02 9.675858e-01 
2.472362e+01 1.345797e-07 2.732916e-02 9.726707e-01 
2.489950e+01 9.508916e-08 2.302297e-02 9.769769e-01 
2.507538e+01 6.713975e-08 1.938177e-02 9.806182e-01 
2.525126e+01 4.737754e-08 1.630684e-02 9.836931e-01 
2.542714e+01 3.341560e-08 1.371292e-02 9.862870e-01 
2.560302e+01 2.355830e-08 1.152678e-02 9.884732e-01 
2.577889e+01 1.660295e-08 9.685739e-03 9.903142e-01 
2.595477e+01 1.169761e-08 8.136325e-03 9.918637e-01 
2.613065e+01 8.239496e-09 6.833058e-03 9.931669e-01 
2.630653e+01 5.802466e-09 5.737339e-03 9.942627e-01 
2.648241e+01 4.085524e-09 4.816473e-03 9.951835e-01 
2.665829e+01 2.876195e-09 4.042808e-03 9.959572e-01 
2.683417e+01 2.024579e-09 3.392993e-03 9.966070e-01 
2.701005e+01 1.424969e-09 2.847326e-03 9.971527e-01 
2.718593e+01 1.002855e-09 2.389204e-03 9.976108e-01 
2.736181e+01 7.057300e-10 2.004644e-03 9.979954e-01 
2.753769e+01 4.966062e-10 1.681877e-03 9.983181e-01 
2.771357e+01 3.494323e-10 1.411005e-03 9.985890e-01 
2.788945e+01 2.458640e-10 1.183706e-03 9.988163e-01 
2.806533e+01 1.729860e-10 9.929867e-04 9.990070e-01 
2.824121e+01 1.217065e-10 8.329703e-04 9.991670e-01 
2.841709e+01 8.562588e-11 6.987220e-04 9.993013e-01 
2.859296e+01 6.024030e-11 5.860976e-04 9.994139e-01 
2.876884e+01 4.238003e-11 4.916177e-04 9.995084e-01 
2.894472e+01 2.981459e-11 4.123619e-04 9.995876e-01 
2.912060e+01 2.097446e-11 3.458788e-04 9.996541e-01 
2.929648e+01 1.475530e-11 2.901113e-04 9.997099e-01 
2.947236e+01 1.038010e-11 2.433333e-04 9.997567e-01 
2.964824e+01 7.302165e-12 2.040963e-04 9.997959e-01 
2.982412e+01 5.136876e-12 1.711851e-04 9.998288e-01 
3.000000e+01 3.613634e-12 1.435802e-04 9.998564e-01 
