#E                   4            5            6            7            8 
-5.000000e+00 9.999498e-01 5.022458e-05 8.138197e-10 5.389478e-15 1.036974e-20 
-4.824121e+00 9.999401e-01 5.988190e-05 1.156887e-09 9.134671e-15 2.095546e-20 
-4.648241e+00 9.999286e-01 7.139603e-05 1.644572e-09 1.548240e-14 4.234734e-20 
-4.472362e+00 9.999149e-01 8.512390e-05 2.337834e-09 2.624114e-14 8.557639e-20 
-4.296482e+00 9.998985e-01 1.014911e-04 3.323331e-09 4.447602e-14 1.729341e-19 
-4.120603e+00 9.998790e-01 1.210049e-04 4.724240e-09 7.538202e-14 3.494668e-19 
-3.944724e+00 9.998557e-01 1.442701e-04 6.715661e-09 1.277639e-13 7.062032e-19 
-3.768844e+00 9.998280e-01 1.720076e-04 9.546488e-09 2.165441e-13 1.427090e-18 
-3.592965e+00 9.997949e-01 2.050769e-04 1.357051e-08 3.670137e-13 2.883838e-18 
-3.417085e+00 9.997555e-01 2.445023e-04 1.929061e-08 6.220360e-13 5.827571e-18 
-3.241206e+00 9.997085e-01 2.915050e-04 2.742158e-08 1.054255e-12 1.177608e-17 
-3.065327e+00 9.996524e-01 3.475403e-04 3.897938e-08 1.786782e-12 2.379635e-17 
-2.889447e+00 9.995856e-01 4.143426e-04 5.540805e-08 3.028257e-12 4.808561e-17 
-2.713568e+00 9.995059e-01 4.939789e-04 7.875990e-08 5.132259e-12 9.716601e-17 
-2.537688e+00 9.994110e-01 5.889122e-04 1.119517e-07 8.697964e-12 1.963391e-16 
-2.361809e+00 9.992978e-01 7.020771e-04 1.591287e-07 1.474072e-11 3.967268e-16 
-2.185930e+00 9.991628e-01 8.369695e-04 2.261813e-07 2.498104e-11 8.016165e-16 
-2.010050e+00 9.990019e-01 9.977532e-04 3.214798e-07 4.233416e-11 1.619685e-15 
-1.834171e+00 9.988102e-01 1.189387e-03 4.569169e-07 7.173942e-11 3.272510e-15 
-1.658291e+00 9.985816e-01 1.417775e-03 6.493887e-07 1.215651e-10 6.611734e-15 
-1.482412e+00 9.983091e-01 1.689944e-03 9.228968e-07 2.059874e-10 1.335767e-14 
-1.306533e+00 9.979844e-01 2.014255e-03 1.311532e-06 3.490196e-10 2.698505e-14 
-1.130653e+00 9.975975e-01 2.400653e-03 1.863705e-06 5.913324e-10 5.451156e-14 
-9.547739e-01 9.971364e-01 2.860962e-03 2.648155e-06 1.001801e-09 1.101087e-13 
-7.788945e-01 9.965870e-01 3.409229e-03 3.762452e-06 1.697041e-09 2.223904e-13 
-6.030151e-01 9.959325e-01 4.062135e-03 5.345059e-06 2.874467e-09 4.491222e-13 
-4.271357e-01 9.951529e-01 4.839469e-03 7.592404e-06 4.868191e-09 9.068977e-13 
-2.512563e-01 9.942245e-01 5.764688e-03 1.078303e-05 8.243518e-09 1.830993e-12 
-7.537688e-02 9.931191e-01 6.865563e-03 1.531174e-05 1.395661e-08 3.696046e-12 
1.005025e-01 9.918033e-01 8.174925e-03 2.173781e-05 2.362405e-08 7.459255e-12 
2.763819e-01 9.902376e-01 9.731529e-03 3.085294e-05 3.997777e-08 1.505023e-11 
4.522613e-01 9.883751e-01 1.158102e-02 4.377698e-05 6.763186e-08 3.035703e-11 
6.281407e-01 9.861607e-01 1.377705e-02 6.209243e-05 1.143741e-07 6.120952e-11 
8.040201e-01 9.835293e-01 1.638247e-02 8.803293e-05 1.933382e-07 1.233651e-10 
9.798995e-01 9.804043e-01 1.947066e-02 1.247469e-04 3.266524e-07 2.485101e-10 
1.155779e+00 9.766958e-01 2.312695e-02 1.766652e-04 5.515569e-07 5.003018e-10 
1.331658e+00 9.722991e-01 2.745000e-02 2.500106e-04 9.306389e-07 1.006483e-09 
1.507538e+00 9.670917e-01 3.255319e-02 3.535030e-04 1.568915e-06 2.023056e-09 
1.683417e+00 9.609323e-01 3.856578e-02 4.993271e-04 2.642255e-06 4.062252e-09 
1.859296e+00 9.536574e-01 4.563365e-02 7.044524e-04 4.444519e-06 8.147049e-09 
2.035176e+00 9.450807e-01 5.391941e-02 9.924189e-04 7.465375e-06 1.631589e-08 
2.211055e+00 9.349903e-01 6.360141e-02 1.395726e-03 1.251815e-05 3.261990e-08 
2.386935e+00 9.231488e-01 7.487120e-02 1.958987e-03 2.094861e-05 6.508502e-08 
2.562814e+00 9.092932e-01 8.792867e-02 2.743032e-03 3.497339e-05 1.295529e-07 
2.738693e+00 8.931373e-01 1.029742e-01 3.830116e-03 5.822404e-05 2.571551e-07 
2.914573e+00 8.743760e-01 1.201965e-01 5.330389e-03 9.661237e-05 5.087554e-07 
3.090452e+00 8.526938e-01 1.397559e-01 7.389596e-03 1.596901e-04 1.002623e-06 
3.266332e+00 8.277766e-01 1.617609e-01 1.019783e-02 2.627534e-04 1.966942e-06 
3.442211e+00 7.993290e-01 1.862385e-01 1.399868e-02 4.300423e-04 3.838290e-06 
3.618090e+00 7.670980e-01 2.130974e-01 1.909762e-02 6.994985e-04 7.443837e-06 
3.793970e+00 7.309023e-01 2.420862e-01 2.586750e-02 1.129654e-03 1.433307e-05 
3.969849e+00 6.906666e-01 2.727487e-01 3.474806e-02 1.809277e-03 2.737046e-05 
4.145729e+00 6.464605e-01 3.043824e-01 4.623501e-02 2.870311e-03 5.177134e-05 
4.321608e+00 5.985359e-01 3.360093e-01 6.085358e-02 4.504303e-03 9.686602e-05 
4.497487e+00 5.473602e-01 3.663682e-01 7.911085e-02 6.981696e-03 1.790145e-04 
4.673367e+00 4.936352e-01 3.939437e-01 1.014229e-01 1.067196e-02 3.262534e-04 
4.849246e+00 4.382965e-01 4.170416e-01 1.280161e-01 1.606040e-02 5.853972e-04 
5.025126e+00 3.824843e-01 4.339188e-01 1.588097e-01 2.375485e-02 1.032357e-03 
5.201005e+00 3.274833e-01 4.429630e-01 1.932945e-01 3.447293e-02 1.786238e-03 
5.376884e+00 2.746317e-01 4.429070e-01 2.304348e-01 4.899934e-02 3.027156e-03 
5.552764e+00 2.252090e-01 4.330429e-01 2.686271e-01 6.810445e-02 5.016532e-03 
5.728643e+00 1.803166e-01 4.133942e-01 3.057502e-01 9.242211e-02 8.116847e-03 
5.904523e+00 1.407734e-01 3.847980e-01 3.393272e-01 1.222957e-01 1.280578e-02 
6.080402e+00 1.070437e-01 3.488645e-01 3.667972e-01 1.576166e-01 1.967798e-02 
6.256281e+00 7.921338e-02 3.078064e-01 3.858605e-01 1.976923e-01 2.942738e-02 
6.432161e+00 5.701770e-02 2.641631e-01 3.948284e-01 2.411856e-01 4.280521e-02 
6.608040e+00 3.991308e-02 2.204760e-01 3.928990e-01 2.861589e-01 6.055305e-02 
6.783920e+00 2.717573e-02 1.789825e-01 3.802890e-01 3.302353e-01 8.331741e-02 
6.959799e+00 1.800579e-02 1.413921e-01 3.581885e-01 3.708556e-01 1.115580e-01 
7.135678e+00 1.161822e-02 1.087767e-01 3.285534e-01 4.055857e-01 1.454661e-01 
7.311558e+00 7.308094e-03 8.158003e-02 2.937902e-01 4.324118e-01 1.849099e-01 
7.487437e+00 4.486803e-03 5.971730e-02 2.564113e-01 4.499670e-01 2.294176e-01 
7.663317e+00 2.692397e-03 4.272537e-02 2.187289e-01 4.576498e-01 2.782036e-01 
7.839196e+00 1.581474e-03 2.992211e-02 1.826401e-01 4.556240e-01 3.302323e-01 
8.015075e+00 9.107304e-04 2.054487e-02 1.495170e-01 4.447179e-01 3.843094e-01 
8.190955e+00 5.150173e-04 1.385220e-02 1.201959e-01 4.262526e-01 4.391843e-01 
8.366834e+00 2.864568e-04 9.186279e-03 9.503724e-02 4.018414e-01 4.936486e-01 
8.542714e+00 1.569608e-04 6.001437e-03 7.402747e-02 3.731962e-01 5.466180e-01 
8.718593e+00 8.485659e-05 3.868414e-03 5.689237e-02 3.419651e-01 5.971892e-01 
8.894472e+00 4.532919e-05 2.463819e-03 4.320295e-02 3.096168e-01 6.446711e-01 
9.070352e+00 2.395887e-05 1.552675e-03 3.246150e-02 2.773724e-01 6.885894e-01 
9.246231e+00 1.254600e-05 9.694001e-04 2.416432e-02 2.461799e-01 7.286738e-01 
9.422111e+00 6.516336e-06 6.003225e-04 1.784184e-02 2.167210e-01 7.648303e-01 
9.597990e+00 3.360638e-06 3.691359e-04 1.308051e-02 1.894391e-01 7.971079e-01 
9.773869e+00 1.722558e-06 2.255911e-04 9.531115e-03 1.645781e-01 8.256634e-01 
9.949749e+00 8.782698e-07 1.371385e-04 6.908198e-03 1.422252e-01 8.507285e-01 
1.012563e+01 4.457680e-07 8.298965e-05 4.984397e-03 1.223511e-01 8.725810e-01 
1.030151e+01 2.253727e-07 5.002645e-05 3.582382e-03 1.048457e-01 8.915217e-01 
1.047739e+01 1.135671e-07 3.005623e-05 2.566198e-03 8.954729e-02 9.078563e-01 
1.065327e+01 5.706604e-08 1.800707e-05 1.833083e-03 7.626545e-02 9.218834e-01 
1.082915e+01 2.860627e-08 1.076242e-05 1.306269e-03 6.479803e-02 9.338849e-01 
1.100503e+01 1.431074e-08 6.419398e-06 9.289669e-04 5.494306e-02 9.441215e-01 
1.118090e+01 7.146866e-09 3.822358e-06 6.595091e-04 4.650684e-02 9.528298e-01 
1.135678e+01 3.564002e-09 2.272674e-06 4.675305e-04 3.930877e-02 9.602214e-01 
1.153266e+01 1.775118e-09 1.349615e-06 3.310291e-04 3.318403e-02 9.664836e-01 
1.170854e+01 8.832163e-10 8.006323e-07 2.341385e-04 2.798461e-02 9.717804e-01 
1.188442e+01 4.390644e-10 4.745454e-07 1.654630e-04 2.357930e-02 9.762548e-01 
1.206030e+01 2.181075e-10 2.810630e-07 1.168450e-04 1.985288e-02 9.800300e-01 
1.223618e+01 1.082791e-10 1.663647e-07 8.246152e-05 1.670506e-02 9.832123e-01 
1.241206e+01 5.372709e-11 9.842222e-08 5.816567e-05 1.404905e-02 9.858927e-01 
1.258794e+01 2.664724e-11 5.820168e-08 4.101026e-05 1.181017e-02 9.881488e-01 
1.276382e+01 1.321149e-11 3.440475e-08 2.890407e-05 9.924442e-03 9.900466e-01 
1.293970e+01 6.548131e-12 2.033141e-08 2.036533e-05 8.337236e-03 9.916424e-01 
1.311558e+01 3.244670e-12 1.201169e-08 1.434536e-05 7.002056e-03 9.929836e-01 
1.329146e+01 1.607420e-12 7.094902e-09 1.010270e-05 5.879423e-03 9.941105e-01 
1.346734e+01 7.961755e-13 4.189955e-09 7.113505e-06 4.935880e-03 9.950570e-01 
1.364322e+01 3.942955e-13 2.474035e-09 5.007991e-06 4.143124e-03 9.958519e-01 
1.381910e+01 1.952445e-13 1.460651e-09 3.525231e-06 3.477246e-03 9.965192e-01 
1.399497e+01 9.666944e-14 8.622637e-10 2.481217e-06 2.918072e-03 9.970794e-01 
1.417085e+01 4.785862e-14 5.089727e-10 1.746235e-06 2.448597e-03 9.975497e-01 
1.434673e+01 2.369180e-14 3.004111e-10 1.228874e-06 2.054498e-03 9.979443e-01 
1.452261e+01 1.172758e-14 1.773004e-10 8.647382e-07 1.723718e-03 9.982754e-01 
1.469849e+01 5.804909e-15 1.046358e-10 6.084692e-07 1.446118e-03 9.985533e-01 
1.487437e+01 2.873181e-15 6.174918e-11 4.281275e-07 1.213170e-03 9.987864e-01 
1.505025e+01 1.422048e-15 3.643895e-11 3.012251e-07 1.017708e-03 9.989820e-01 
1.522613e+01 7.038040e-16 2.150240e-11 2.119316e-07 8.537115e-04 9.991461e-01 
1.540201e+01 3.483195e-16 1.268809e-11 1.491038e-07 7.161228e-04 9.992837e-01 
1.557789e+01 1.723829e-16 7.486798e-12 1.048991e-07 6.006953e-04 9.993992e-01 
1.575377e+01 8.531049e-17 4.417615e-12 7.379842e-08 5.038634e-04 9.994961e-01 
1.592965e+01 4.221861e-17 2.606591e-12 5.191770e-08 4.226343e-04 9.995773e-01 
1.610553e+01 2.089295e-17 1.537985e-12 3.652398e-08 3.544956e-04 9.996455e-01 
1.628141e+01 1.033929e-17 9.074581e-13 2.569426e-08 2.973393e-04 9.997026e-01 
1.645729e+01 5.116557e-18 5.354230e-13 1.807549e-08 2.493961e-04 9.997506e-01 
1.663317e+01 2.531987e-18 3.159106e-13 1.271571e-08 2.091817e-04 9.997908e-01 
1.680905e+01 1.252975e-18 1.863925e-13 8.945164e-09 1.754506e-04 9.998245e-01 
1.698492e+01 6.200415e-19 1.099741e-13 6.292652e-09 1.471579e-04 9.998528e-01 
1.716080e+01 3.068296e-19 6.488590e-14 4.426670e-09 1.234271e-04 9.998766e-01 
1.733668e+01 1.518351e-19 3.828324e-14 3.114002e-09 1.035227e-04 9.998965e-01 
1.751256e+01 7.513557e-20 2.258736e-14 2.190580e-09 8.682795e-05 9.999132e-01 
1.768844e+01 3.718073e-20 1.332666e-14 1.540985e-09 7.282528e-05 9.999272e-01 
1.786432e+01 1.839879e-20 7.862778e-15 1.084018e-09 6.108067e-05 9.999389e-01 
1.804020e+01 9.104574e-21 4.639059e-15 7.625599e-10 5.123003e-05 9.999488e-01 
1.821608e+01 4.505359e-21 2.737053e-15 5.364270e-10 4.296796e-05 9.999570e-01 
1.839196e+01 2.229454e-21 1.614863e-15 3.773521e-10 3.603830e-05 9.999640e-01 
1.856784e+01 1.103233e-21 9.527698e-16 2.654498e-10 3.022619e-05 9.999698e-01 
1.874372e+01 5.459283e-22 5.621339e-16 1.867315e-10 2.535141e-05 9.999746e-01 
1.891960e+01 2.701491e-22 3.316585e-16 1.313568e-10 2.126280e-05 9.999787e-01 
1.909548e+01 1.336815e-22 1.956781e-16 9.240321e-11 1.783358e-05 9.999822e-01 
1.927136e+01 6.615135e-23 1.154498e-16 6.500120e-11 1.495740e-05 9.999850e-01 
1.944724e+01 3.273452e-23 6.811518e-17 4.572519e-11 1.254509e-05 9.999875e-01 
1.962312e+01 1.619843e-23 4.018782e-17 3.216544e-11 1.052183e-05 9.999895e-01 
1.979899e+01 8.015673e-24 2.371072e-17 2.262681e-11 8.824875e-06 9.999912e-01 
1.997487e+01 3.966494e-24 1.398927e-17 1.591685e-11 7.401602e-06 9.999926e-01 
2.015075e+01 1.962788e-24 8.253634e-18 1.119672e-11 6.207872e-06 9.999938e-01 
2.032663e+01 9.712703e-25 4.869623e-18 7.876336e-12 5.206667e-06 9.999948e-01 
2.050251e+01 4.806254e-25 2.873064e-18 5.540611e-12 4.366934e-06 9.999956e-01 
2.067839e+01 2.378336e-25 1.695100e-18 3.897544e-12 3.662634e-06 9.999963e-01 
2.085427e+01 1.176900e-25 1.000104e-18 2.741728e-12 3.071923e-06 9.999969e-01 
2.103015e+01 5.823795e-26 5.900584e-19 1.928669e-12 2.576482e-06 9.999974e-01 
2.120603e+01 2.881857e-26 3.481327e-19 1.356722e-12 2.160946e-06 9.999978e-01 
2.138191e+01 1.426063e-26 2.053973e-19 9.543865e-13 1.812427e-06 9.999982e-01 
2.155779e+01 7.056756e-27 1.211838e-19 6.713631e-13 1.520118e-06 9.999985e-01 
2.173367e+01 3.491977e-27 7.149805e-20 4.722704e-13 1.274952e-06 9.999987e-01 
2.190955e+01 1.727976e-27 4.218363e-20 3.322185e-13 1.069327e-06 9.999989e-01 
2.208543e+01 8.550745e-28 2.488821e-20 2.336991e-13 8.968651e-07 9.999991e-01 
2.226131e+01 4.231265e-28 1.468396e-20 1.643956e-13 7.522180e-07 9.999992e-01 
2.243719e+01 2.093806e-28 8.663493e-21 1.156441e-13 6.308997e-07 9.999994e-01 
2.261307e+01 1.036102e-28 5.111434e-21 8.134980e-14 5.291477e-07 9.999995e-01 
2.278894e+01 5.127066e-29 3.015730e-21 5.722551e-14 4.438063e-07 9.999996e-01 
2.296482e+01 2.537086e-29 1.779271e-21 4.025527e-14 3.722289e-07 9.999996e-01 
2.314070e+01 1.255456e-29 1.049764e-21 2.831756e-14 3.121955e-07 9.999997e-01 
2.331658e+01 6.212517e-30 6.193575e-22 1.991998e-14 2.618444e-07 9.999997e-01 
2.349246e+01 3.074212e-30 3.654190e-22 1.401271e-14 2.196139e-07 9.999998e-01 
2.366834e+01 1.521248e-30 2.155960e-22 9.857238e-15 1.841944e-07 9.999998e-01 
2.384422e+01 7.527767e-31 1.272010e-22 6.934072e-15 1.544874e-07 9.999998e-01 
2.402010e+01 3.725053e-31 7.504816e-23 4.877771e-15 1.295715e-07 9.999999e-01 
2.419598e+01 1.843311e-31 4.427817e-23 3.431267e-15 1.086741e-07 9.999999e-01 
2.437186e+01 9.121469e-32 2.612398e-23 2.413724e-15 9.114705e-08 9.999999e-01 
2.454774e+01 4.513682e-32 1.541307e-23 1.697934e-15 7.644677e-08 9.999999e-01 
2.472362e+01 2.233558e-32 9.093659e-24 1.194411e-15 6.411737e-08 9.999999e-01 
2.489950e+01 1.105257e-32 5.365230e-24 8.402083e-16 5.377647e-08 9.999999e-01 
2.507538e+01 5.469273e-33 3.165468e-24 5.910443e-16 4.510335e-08 1.000000e+00 
2.525126e+01 2.706424e-33 1.867616e-24 4.157700e-16 3.782904e-08 1.000000e+00 
2.542714e+01 1.339251e-33 1.101888e-24 2.924733e-16 3.172794e-08 1.000000e+00 
2.560302e+01 6.627171e-34 6.501101e-25 2.057403e-16 2.661083e-08 1.000000e+00 
2.577889e+01 3.279400e-34 3.835629e-25 1.447280e-16 2.231901e-08 1.000000e+00 
2.595477e+01 1.622783e-34 2.263009e-25 1.018089e-16 1.871938e-08 1.000000e+00 
2.613065e+01 8.030208e-35 1.335168e-25 7.161742e-17 1.570031e-08 1.000000e+00 
2.630653e+01 3.973681e-35 7.877447e-26 5.037926e-17 1.316815e-08 1.000000e+00 
2.648241e+01 1.966342e-35 4.647668e-26 3.543928e-17 1.104438e-08 1.000000e+00 
2.665829e+01 9.730280e-36 2.742109e-26 2.492975e-17 9.263130e-09 1.000000e+00 
2.683417e+01 4.814947e-36 1.617836e-26 1.753683e-17 7.769164e-09 1.000000e+00 
2.701005e+01 2.382636e-36 9.545179e-27 1.233628e-17 6.516147e-09 1.000000e+00 
2.718593e+01 1.179028e-36 5.631625e-27 8.677952e-18 5.465217e-09 1.000000e+00 
2.736181e+01 5.834318e-37 3.322641e-27 6.104503e-18 4.583782e-09 1.000000e+00 
2.753769e+01 2.887063e-37 1.960347e-27 4.294212e-18 3.844506e-09 1.000000e+00 
2.771357e+01 1.428639e-37 1.156599e-27 3.020762e-18 3.224460e-09 1.000000e+00 
2.788945e+01 7.069500e-38 6.823895e-28 2.124954e-18 2.704417e-09 1.000000e+00 
2.806533e+01 3.498283e-38 4.026076e-28 1.494799e-18 2.268246e-09 1.000000e+00 
2.824121e+01 1.731096e-38 2.375372e-28 1.051516e-18 1.902421e-09 1.000000e+00 
2.841709e+01 8.566182e-39 1.401462e-28 7.396886e-19 1.595597e-09 1.000000e+00 
2.859296e+01 4.238903e-39 8.268579e-29 5.203338e-19 1.338258e-09 1.000000e+00 
2.876884e+01 2.097586e-39 4.878435e-29 3.660287e-19 1.122422e-09 1.000000e+00 
2.894472e+01 1.037973e-39 2.878261e-29 2.574828e-19 9.413972e-10 1.000000e+00 
2.912060e+01 5.136320e-40 1.698165e-29 1.811262e-19 7.895678e-10 1.000000e+00 
2.929648e+01 2.541665e-40 1.001912e-29 1.274132e-19 6.622256e-10 1.000000e+00 
2.947236e+01 1.257721e-40 5.911247e-30 8.962878e-20 5.554213e-10 1.000000e+00 
2.964824e+01 6.223729e-41 3.487617e-30 6.304935e-20 4.658425e-10 1.000000e+00 
2.982412e+01 3.079760e-41 2.057683e-30 4.435205e-20 3.907110e-10 1.000000e+00 
3.000000e+01 1.523993e-41 1.214026e-30 3.119944e-20 3.276968e-10 1.000000e+00 
