#E                   4            5            6            7            8 
-5.000000e+00 9.999999e-01 5.741143e-08 9.235018e-16 2.965927e-24 1.841194e-32 
-4.824121e+00 9.999999e-01 6.845132e-08 1.312818e-15 5.027022e-24 3.720775e-32 
-4.648241e+00 9.999999e-01 8.161411e-08 1.866257e-15 8.520422e-24 7.519123e-32 
-4.472362e+00 9.999999e-01 9.730803e-08 2.653007e-15 1.444147e-23 1.519501e-31 
-4.296482e+00 9.999999e-01 1.160198e-07 3.771424e-15 2.447720e-23 3.070682e-31 
-4.120603e+00 9.999999e-01 1.383297e-07 5.361326e-15 4.148701e-23 6.205383e-31 
-3.944724e+00 9.999998e-01 1.649298e-07 7.621476e-15 7.031735e-23 1.254014e-30 
-3.768844e+00 9.999998e-01 1.966448e-07 1.083443e-14 1.191826e-22 2.534173e-30 
-3.592965e+00 9.999998e-01 2.344585e-07 1.540185e-14 2.020055e-22 5.121179e-30 
-3.417085e+00 9.999997e-01 2.795435e-07 2.189474e-14 3.423840e-22 1.034913e-29 
-3.241206e+00 9.999997e-01 3.332980e-07 3.112481e-14 5.803151e-22 2.091402e-29 
-3.065327e+00 9.999996e-01 3.973893e-07 4.424595e-14 9.835902e-22 4.226407e-29 
-2.889447e+00 9.999995e-01 4.738049e-07 6.289852e-14 1.667111e-21 8.540929e-29 
-2.713568e+00 9.999994e-01 5.649149e-07 8.941436e-14 2.825627e-21 1.725992e-28 
-2.537688e+00 9.999993e-01 6.735447e-07 1.271084e-13 4.789224e-21 3.487969e-28 
-2.361809e+00 9.999992e-01 8.030633e-07 1.806928e-13 8.117371e-21 7.048657e-28 
-2.185930e+00 9.999990e-01 9.574877e-07 2.568667e-13 1.375833e-20 1.424427e-27 
-2.010050e+00 9.999989e-01 1.141607e-06 3.651528e-13 2.331933e-20 2.878550e-27 
-1.834171e+00 9.999986e-01 1.361131e-06 5.190885e-13 3.952449e-20 5.817114e-27 
-1.658291e+00 9.999984e-01 1.622868e-06 7.379182e-13 6.699100e-20 1.175550e-26 
-1.482412e+00 9.999981e-01 1.934936e-06 1.048999e-12 1.135447e-19 2.375609e-26 
-1.306533e+00 9.999977e-01 2.307012e-06 1.491220e-12 1.924495e-19 4.800744e-26 
-1.130653e+00 9.999972e-01 2.750636e-06 2.119866e-12 3.261873e-19 9.701574e-26 
-9.547739e-01 9.999967e-01 3.279566e-06 3.013527e-12 5.528626e-19 1.960540e-25 
-7.788945e-01 9.999961e-01 3.910205e-06 4.283924e-12 9.370597e-19 3.961953e-25 
-6.030151e-01 9.999953e-01 4.662111e-06 6.089874e-12 1.588244e-18 8.006501e-25 
-4.271357e-01 9.999944e-01 5.558604e-06 8.657148e-12 2.691952e-18 1.617991e-24 
-2.512563e-01 9.999934e-01 6.627484e-06 1.230669e-11 4.562650e-18 3.269712e-24 
-7.537688e-02 9.999921e-01 7.901901e-06 1.749475e-11 7.733337e-18 6.607585e-24 
1.005025e-01 9.999906e-01 9.421377e-06 2.486989e-11 1.310740e-17 1.335291e-23 
2.763819e-01 9.999888e-01 1.123303e-05 3.535412e-11 2.221602e-17 2.698416e-23 
4.522613e-01 9.999866e-01 1.339305e-05 5.025809e-11 3.765439e-17 5.453079e-23 
6.281407e-01 9.999840e-01 1.596842e-05 7.144498e-11 6.382119e-17 1.101982e-22 
8.040201e-01 9.999810e-01 1.903899e-05 1.015634e-10 1.081718e-16 2.226932e-22 
9.798995e-01 9.999773e-01 2.270000e-05 1.443785e-10 1.833423e-16 4.500276e-22 
1.155779e+00 9.999729e-01 2.706496e-05 2.052427e-10 3.107500e-16 9.094338e-22 
1.331658e+00 9.999677e-01 3.226923e-05 2.917644e-10 5.266950e-16 1.837819e-21 
1.507538e+00 9.999615e-01 3.847418e-05 4.147596e-10 8.927027e-16 3.713930e-21 
1.683417e+00 9.999541e-01 4.587221e-05 5.896036e-10 1.513053e-15 7.505236e-21 
1.859296e+00 9.999453e-01 5.469268e-05 8.381529e-10 2.564487e-15 1.516681e-20 
2.035176e+00 9.999348e-01 6.520909e-05 1.191477e-09 4.346566e-15 3.064951e-20 
2.211055e+00 9.999223e-01 7.774745e-05 1.693741e-09 7.367009e-15 6.193725e-20 
2.386935e+00 9.999073e-01 9.269645e-05 2.407728e-09 1.248634e-14 1.251639e-19 
2.562814e+00 9.998895e-01 1.105195e-04 3.422682e-09 2.116302e-14 2.529329e-19 
2.738693e+00 9.998682e-01 1.317689e-04 4.865464e-09 3.586896e-14 5.111282e-19 
2.914573e+00 9.998429e-01 1.571034e-04 6.916401e-09 6.079364e-14 1.032887e-18 
3.090452e+00 9.998127e-01 1.873078e-04 9.831821e-09 1.030375e-13 2.087245e-18 
3.266332e+00 9.997767e-01 2.233179e-04 1.397607e-08 1.746345e-13 4.217854e-18 
3.442211e+00 9.997337e-01 2.662493e-04 1.986705e-08 2.959796e-13 8.523279e-18 
3.618090e+00 9.996825e-01 3.174312e-04 2.824087e-08 5.016374e-13 1.722337e-17 
3.793970e+00 9.996215e-01 3.784483e-04 4.014380e-08 8.501857e-13 3.480371e-17 
3.969849e+00 9.995488e-01 4.511889e-04 5.706290e-08 1.440896e-12 7.032792e-17 
4.145729e+00 9.994620e-01 5.379032e-04 8.111161e-08 2.441997e-12 1.421097e-16 
4.321608e+00 9.993586e-01 6.412726e-04 1.152935e-07 4.138573e-12 2.871526e-16 
4.497487e+00 9.992353e-01 7.644913e-04 1.638771e-07 7.013703e-12 5.802204e-16 
4.673367e+00 9.990884e-01 9.113646e-04 2.329278e-07 1.188595e-11 1.172365e-15 
4.849246e+00 9.989132e-01 1.086424e-03 3.310641e-07 2.014225e-11 2.368757e-15 
5.025126e+00 9.987045e-01 1.295067e-03 4.705310e-07 3.413247e-11 4.785900e-15 
5.201005e+00 9.984556e-01 1.543716e-03 6.687240e-07 5.783754e-11 9.669169e-15 
5.376884e+00 9.981590e-01 1.840017e-03 9.503526e-07 9.800114e-11 1.953412e-14 
5.552764e+00 9.978056e-01 2.193065e-03 1.350510e-06 1.660457e-10 3.946153e-14 
5.728643e+00 9.973844e-01 2.613674e-03 1.919029e-06 2.813161e-10 7.971213e-14 
5.904523e+00 9.968826e-01 3.114701e-03 2.726652e-06 4.765697e-10 1.610051e-13 
6.080402e+00 9.962847e-01 3.711413e-03 3.873790e-06 8.072653e-10 3.251718e-13 
6.256281e+00 9.955726e-01 4.421933e-03 5.502911e-06 1.367276e-09 6.566533e-13 
6.432161e+00 9.947244e-01 5.267754e-03 7.816085e-06 2.315455e-09 1.325867e-12 
6.608040e+00 9.937146e-01 6.274337e-03 1.109980e-05 3.920537e-09 2.676656e-12 
6.783920e+00 9.925124e-01 7.471806e-03 1.576000e-05 6.636975e-09 5.402573e-12 
6.959799e+00 9.910819e-01 8.895751e-03 2.237158e-05 1.123296e-08 1.090205e-11 
7.135678e+00 9.893801e-01 1.058814e-02 3.174806e-05 1.900632e-08 2.199356e-11 
7.311558e+00 9.873566e-01 1.259836e-02 4.503965e-05 3.214840e-08 4.435475e-11 
7.487437e+00 9.849517e-01 1.498437e-02 6.387087e-05 5.435639e-08 8.941592e-11 
7.663317e+00 9.820954e-01 1.781396e-02 9.053333e-05 9.186280e-08 1.801720e-10 
7.839196e+00 9.787054e-01 2.116617e-02 1.282548e-04 1.551631e-07 3.628436e-10 
8.015075e+00 9.746855e-01 2.513265e-02 1.815738e-04 2.619095e-07 7.302403e-10 
8.190955e+00 9.699236e-01 2.981912e-02 2.568580e-04 4.417480e-07 1.468496e-09 
8.366834e+00 9.642896e-01 3.534664e-02 3.630194e-04 7.443803e-07 2.950369e-09 
8.542714e+00 9.576335e-01 4.185270e-02 5.124938e-04 1.252960e-06 5.921096e-09 
8.718593e+00 9.497836e-01 4.949169e-02 7.225716e-04 2.106264e-06 1.186755e-08 
8.894472e+00 9.405446e-01 5.843465e-02 1.017191e-03 3.535232e-06 2.374924e-08 
9.070352e+00 9.296970e-01 6.886775e-02 1.429326e-03 5.922843e-06 4.744010e-08 
9.246231e+00 9.169969e-01 8.098896e-02 2.004125e-03 9.901638e-06 9.455964e-08 
9.422111e+00 9.021781e-01 9.500221e-02 2.802955e-03 1.651132e-05 1.880027e-07 
9.597990e+00 8.849554e-01 1.111082e-01 3.908518e-03 2.745120e-05 3.726722e-07 
9.773869e+00 8.650315e-01 1.294912e-01 5.431122e-03 4.548018e-05 7.361584e-07 
9.949749e+00 8.421073e-01 1.503001e-01 7.516090e-03 7.504263e-05 1.448240e-06 
1.012563e+01 8.158975e-01 1.736244e-01 1.035207e-02 1.232329e-04 2.835584e-06 
1.030151e+01 7.861499e-01 1.994638e-01 1.417959e-02 2.012550e-04 5.521361e-06 
1.047739e+01 7.526719e-01 2.276920e-01 1.929883e-02 3.265858e-04 1.068268e-05 
1.065327e+01 7.153605e-01 2.580183e-01 2.607457e-02 5.260984e-04 2.051792e-05 
1.082915e+01 6.742361e-01 2.899486e-01 3.493583e-02 8.404354e-04 3.907997e-05 
1.100503e+01 6.294758e-01 3.227539e-01 4.636658e-02 1.329909e-03 7.373184e-05 
1.118090e+01 5.814430e-01 3.554537e-01 6.088355e-02 2.082094e-03 1.376312e-04 
1.135678e+01 5.307047e-01 3.868230e-01 7.899738e-02 3.221042e-03 2.538613e-04 
1.153266e+01 4.780331e-01 4.154328e-01 1.011544e-01 4.917584e-03 4.620994e-04 
1.170854e+01 4.243836e-01 4.397287e-01 1.276592e-01 7.399505e-03 8.290291e-04 
1.188442e+01 3.708472e-01 4.581468e-01 1.585826e-01 1.095947e-02 1.463996e-03 
1.206030e+01 3.185801e-01 4.692582e-01 1.936627e-01 1.595745e-02 2.541543e-03 
1.223618e+01 2.687168e-01 4.719233e-01 2.322143e-01 2.281340e-02 4.332189e-03 
1.241206e+01 2.222788e-01 4.654340e-01 2.730607e-01 3.198479e-02 7.241766e-03 
1.258794e+01 1.800947e-01 4.496187e-01 3.145060e-01 4.392348e-02 1.185717e-02 
1.276382e+01 1.427429e-01 4.248948e-01 3.543638e-01 5.900661e-02 1.899190e-02 
1.293970e+01 1.105261e-01 3.922612e-01 3.900558e-01 7.743932e-02 2.971754e-02 
1.311558e+01 8.347797e-02 3.532367e-01 4.187942e-01 9.913315e-02 4.535797e-02 
1.329146e+01 6.139584e-02 3.097535e-01 4.378593e-01 1.235766e-01 6.741467e-02 
1.346734e+01 4.389032e-02 2.640156e-01 4.449706e-01 1.497326e-01 9.739083e-02 
1.364322e+01 3.044076e-02 2.183232e-01 4.387176e-01 1.760166e-01 1.365019e-01 
1.381910e+01 2.044930e-02 1.748664e-01 4.189623e-01 2.004135e-01 1.853086e-01 
1.399497e+01 1.329007e-02 1.354998e-01 3.870710e-01 2.207629e-01 2.433762e-01 
1.417085e+01 8.352782e-03 1.015373e-01 3.458289e-01 2.351691e-01 3.091119e-01 
1.434673e+01 5.079853e-03 7.362566e-02 2.989842e-01 2.424101e-01 3.799002e-01 
1.452261e+01 2.994355e-03 5.174457e-02 2.505344e-01 2.421883e-01 4.525384e-01 
1.469849e+01 1.715135e-03 3.533810e-02 2.039995e-01 2.351248e-01 5.238225e-01 
1.487437e+01 9.576771e-04 2.352597e-02 1.619261e-01 2.225203e-01 5.910699e-01 
1.505025e+01 5.230881e-04 1.532099e-02 1.257302e-01 2.060040e-01 6.524217e-01 
1.522613e+01 2.804565e-04 9.794017e-03 9.582905e-02 1.872047e-01 7.068918e-01 
1.540201e+01 1.480760e-04 6.165430e-03 7.192554e-02 1.675275e-01 7.542334e-01 
1.557789e+01 7.720799e-05 3.832873e-03 5.331233e-02 1.480520e-01 7.947256e-01 
1.575377e+01 3.985152e-05 2.358797e-03 3.911805e-02 1.295231e-01 8.289602e-01 
1.592965e+01 2.040324e-05 1.439886e-03 2.847071e-02 1.123962e-01 8.576728e-01 
1.610553e+01 1.037836e-05 8.732554e-04 2.058709e-02 9.690178e-02 8.816275e-01 
1.628141e+01 5.251690e-06 5.268598e-04 1.480922e-02 8.310984e-02 9.015488e-01 
1.645729e+01 2.646428e-06 3.165480e-04 1.060865e-02 7.098455e-02 9.180876e-01 
1.663317e+01 1.329135e-06 1.895536e-04 7.574186e-03 6.042591e-02 9.318090e-01 
1.680905e+01 6.657469e-07 1.132024e-04 5.393155e-03 5.129955e-02 9.431934e-01 
1.698492e+01 3.327399e-07 6.745820e-05 3.831824e-03 4.345700e-02 9.526434e-01 
1.716080e+01 1.660103e-07 4.012809e-05 2.717708e-03 3.674856e-02 9.604934e-01 
1.733668e+01 8.270704e-08 2.383632e-05 1.924762e-03 3.103116e-02 9.670202e-01 
1.751256e+01 4.115676e-08 1.414234e-05 1.361578e-03 2.617261e-02 9.724516e-01 
1.768844e+01 2.046082e-08 8.382755e-06 9.622577e-04 2.205359e-02 9.769757e-01 
1.786432e+01 1.016395e-08 4.964891e-06 6.795131e-04 1.856818e-02 9.807473e-01 
1.804020e+01 5.045684e-09 2.938669e-06 4.795370e-04 1.562345e-02 9.838941e-01 
1.821608e+01 2.503482e-09 1.738435e-06 3.382310e-04 1.313868e-02 9.865213e-01 
1.839196e+01 1.241583e-09 1.027953e-06 2.384579e-04 1.104418e-02 9.887163e-01 
1.856784e+01 6.155272e-10 6.076145e-07 1.680545e-04 9.280155e-03 9.905512e-01 
1.874372e+01 3.050603e-10 3.590460e-07 1.184010e-04 7.795501e-03 9.920857e-01 
1.891960e+01 1.511519e-10 2.121101e-07 8.339696e-05 6.546698e-03 9.933697e-01 
1.909548e+01 7.487716e-11 1.252797e-07 5.872904e-05 5.496781e-03 9.944444e-01 
1.927136e+01 3.708586e-11 7.398149e-08 4.135031e-05 4.614427e-03 9.953441e-01 
1.944724e+01 1.836552e-11 4.368188e-08 2.910989e-05 3.873138e-03 9.960977e-01 
1.962312e+01 9.093782e-12 2.578850e-08 2.049032e-05 3.250534e-03 9.967290e-01 
1.979899e+01 4.502369e-12 1.522321e-08 1.442156e-05 2.727731e-03 9.972578e-01 
1.997487e+01 2.228950e-12 8.985635e-09 1.014935e-05 2.288817e-03 9.977010e-01 
2.015075e+01 1.103388e-12 5.303470e-09 7.142217e-06 1.920389e-03 9.980725e-01 
2.032663e+01 5.461724e-13 3.130006e-09 5.025758e-06 1.611170e-03 9.983838e-01 
2.050251e+01 2.703395e-13 1.847176e-09 3.536293e-06 1.351672e-03 9.986448e-01 
2.067839e+01 1.338045e-13 1.090067e-09 2.488149e-06 1.133922e-03 9.988636e-01 
2.085427e+01 6.622421e-14 6.432540e-10 1.750610e-06 9.512165e-04 9.990470e-01 
2.103015e+01 3.277554e-14 3.795762e-10 1.231655e-06 7.979263e-04 9.992008e-01 
2.120603e+01 1.622079e-14 2.239777e-10 8.665196e-07 6.693224e-04 9.993298e-01 
2.138191e+01 8.027591e-15 1.321604e-10 6.096190e-07 5.614343e-04 9.994380e-01 
2.155779e+01 3.972746e-15 7.798129e-11 4.288753e-07 4.709284e-04 9.995286e-01 
2.173367e+01 1.966030e-15 4.601221e-11 3.017152e-07 3.950067e-04 9.996047e-01 
2.190955e+01 9.729354e-16 2.714879e-11 2.122550e-07 3.313208e-04 9.996685e-01 
2.208543e+01 4.814746e-16 1.601855e-11 1.493187e-07 2.779000e-04 9.997220e-01 
2.226131e+01 2.382644e-16 9.451320e-12 1.050429e-07 2.330905e-04 9.997668e-01 
2.243719e+01 1.179076e-16 5.576458e-12 7.389521e-08 1.955048e-04 9.998044e-01 
2.261307e+01 5.834740e-17 3.290196e-12 5.198321e-08 1.639788e-04 9.998360e-01 
2.278894e+01 2.887349e-17 1.941257e-12 3.656854e-08 1.375358e-04 9.998624e-01 
2.296482e+01 1.428812e-17 1.145361e-12 2.572471e-08 1.153565e-04 9.998846e-01 
2.314070e+01 7.070487e-18 6.757716e-13 1.809637e-08 9.675347e-05 9.999032e-01 
2.331658e+01 3.498826e-18 3.987093e-13 1.273009e-08 8.115025e-05 9.999188e-01 
2.349246e+01 1.731387e-18 2.352403e-13 8.955096e-09 6.806316e-05 9.999319e-01 
2.366834e+01 8.567717e-19 1.387925e-13 6.299529e-09 5.708650e-05 9.999429e-01 
2.384422e+01 4.239702e-19 8.188791e-14 4.431443e-09 4.787998e-05 9.999521e-01 
2.402010e+01 2.097997e-19 4.831397e-14 3.117322e-09 4.015816e-05 9.999598e-01 
2.419598e+01 1.038183e-19 2.850527e-14 2.192894e-09 3.368164e-05 9.999663e-01 
2.437186e+01 5.137389e-20 1.681811e-14 1.542599e-09 2.824959e-05 9.999717e-01 
2.454774e+01 2.542205e-20 9.922677e-15 1.085146e-09 2.369358e-05 9.999763e-01 
2.472362e+01 1.257994e-20 5.854370e-15 7.633485e-10 1.987233e-05 9.999801e-01 
2.489950e+01 6.225096e-21 3.454070e-15 5.369791e-10 1.666736e-05 9.999833e-01 
2.507538e+01 3.080445e-21 2.037896e-15 3.777388e-10 1.397927e-05 9.999860e-01 
2.525126e+01 1.524336e-21 1.202355e-15 2.657209e-10 1.172471e-05 9.999883e-01 
2.542714e+01 7.543061e-22 7.093868e-16 1.869216e-10 9.833756e-06 9.999902e-01 
2.560302e+01 3.732626e-22 4.185366e-16 1.314902e-10 8.247772e-06 9.999918e-01 
2.577889e+01 1.847061e-22 2.469356e-16 9.249688e-11 6.917573e-06 9.999931e-01 
2.595477e+01 9.140036e-23 1.456914e-16 6.506698e-11 5.801908e-06 9.999942e-01 
2.613065e+01 4.522874e-23 8.595751e-17 4.577139e-11 4.866175e-06 9.999951e-01 
2.630653e+01 2.238108e-23 5.071470e-17 3.219790e-11 4.081358e-06 9.999959e-01 
2.648241e+01 1.107510e-23 2.992153e-17 2.264962e-11 3.423115e-06 9.999966e-01 
2.665829e+01 5.480422e-24 1.765361e-17 1.593288e-11 2.871034e-06 9.999971e-01 
2.683417e+01 2.711942e-24 1.041558e-17 1.120799e-11 2.407992e-06 9.999976e-01 
2.701005e+01 1.341982e-24 6.145161e-18 7.884259e-12 2.019630e-06 9.999980e-01 
2.718593e+01 6.640688e-25 3.625627e-18 5.546182e-12 1.693903e-06 9.999983e-01 
2.736181e+01 3.286089e-25 2.139109e-18 3.901461e-12 1.420709e-06 9.999986e-01 
2.753769e+01 1.626094e-25 1.262068e-18 2.744483e-12 1.191576e-06 9.999988e-01 
2.771357e+01 8.046591e-26 7.446159e-19 1.930606e-12 9.993978e-07 9.999990e-01 
2.788945e+01 3.981789e-26 4.393211e-19 1.358085e-12 8.382142e-07 9.999992e-01 
2.806533e+01 1.970355e-26 2.591981e-19 9.553445e-13 7.030264e-07 9.999993e-01 
2.824121e+01 9.750137e-27 1.529260e-19 6.720370e-13 5.896417e-07 9.999994e-01 
2.841709e+01 4.824774e-27 9.022588e-20 4.727443e-13 4.945438e-07 9.999995e-01 
2.859296e+01 2.387499e-27 5.323298e-20 3.325519e-13 4.147834e-07 9.999996e-01 
2.876884e+01 1.181434e-27 3.140729e-20 2.339336e-13 3.478868e-07 9.999997e-01 
2.894472e+01 5.846226e-28 1.853020e-20 1.645605e-13 2.917793e-07 9.999997e-01 
2.912060e+01 2.892956e-28 1.093276e-20 1.157601e-13 2.447209e-07 9.999998e-01 
2.929648e+01 1.431555e-28 6.450293e-21 8.143140e-14 2.052521e-07 9.999998e-01 
2.947236e+01 7.083930e-29 3.805653e-21 5.728290e-14 1.721489e-07 9.999998e-01 
2.964824e+01 3.505423e-29 2.245323e-21 4.029565e-14 1.443846e-07 9.999999e-01 
2.982412e+01 1.734629e-29 1.324733e-21 2.834596e-14 1.210981e-07 9.999999e-01 
3.000000e+01 8.583667e-30 7.815884e-22 1.993996e-14 1.015673e-07 9.999999e-01 
