#E                   2            3            4 
-5.000000e+00 9.999999e-01 1.435704e-07 4.717255e-15 
-4.824121e+00 9.999998e-01 1.711782e-07 6.705887e-15 
-4.648241e+00 9.999998e-01 2.040947e-07 9.532858e-15 
-4.472362e+00 9.999998e-01 2.433410e-07 1.355158e-14 
-4.296482e+00 9.999997e-01 2.901340e-07 1.926446e-14 
-4.120603e+00 9.999997e-01 3.459251e-07 2.738569e-14 
-3.944724e+00 9.999996e-01 4.124445e-07 3.893056e-14 
-3.768844e+00 9.999995e-01 4.917552e-07 5.534234e-14 
-3.592965e+00 9.999994e-01 5.863168e-07 7.867276e-14 
-3.417085e+00 9.999993e-01 6.990621e-07 1.118385e-13 
-3.241206e+00 9.999992e-01 8.334876e-07 1.589857e-13 
-3.065327e+00 9.999990e-01 9.937623e-07 2.260086e-13 
-2.889447e+00 9.999988e-01 1.184857e-06 3.212859e-13 
-2.713568e+00 9.999986e-01 1.412698e-06 4.567289e-13 
-2.537688e+00 9.999983e-01 1.684351e-06 6.492699e-13 
-2.361809e+00 9.999980e-01 2.008241e-06 9.229795e-13 
-2.185930e+00 9.999976e-01 2.394414e-06 1.312075e-12 
-2.010050e+00 9.999971e-01 2.854844e-06 1.865200e-12 
-1.834171e+00 9.999966e-01 3.403813e-06 2.651503e-12 
-1.658291e+00 9.999959e-01 4.058344e-06 3.769283e-12 
-1.482412e+00 9.999952e-01 4.838736e-06 5.358279e-12 
-1.306533e+00 9.999942e-01 5.769192e-06 7.617138e-12 
-1.130653e+00 9.999931e-01 6.878567e-06 1.082825e-11 
-9.547739e-01 9.999918e-01 8.201265e-06 1.539305e-11 
-7.788945e-01 9.999902e-01 9.778305e-06 2.188219e-11 
-6.030151e-01 9.999883e-01 1.165860e-05 3.110691e-11 
-4.271357e-01 9.999861e-01 1.390045e-05 4.422042e-11 
-2.512563e-01 9.999834e-01 1.657338e-05 6.286206e-11 
-7.537688e-02 9.999802e-01 1.976028e-05 8.936225e-11 
1.005025e-01 9.999764e-01 2.355998e-05 1.270338e-10 
2.763819e-01 9.999719e-01 2.809030e-05 1.805861e-10 
4.522613e-01 9.999665e-01 3.349172e-05 2.567136e-10 
6.281407e-01 9.999601e-01 3.993173e-05 3.649328e-10 
8.040201e-01 9.999524e-01 4.761000e-05 5.187720e-10 
9.798995e-01 9.999432e-01 5.676462e-05 7.374617e-10 
1.155779e+00 9.999323e-01 6.767939e-05 1.048339e-09 
1.331658e+00 9.999193e-01 8.069269e-05 1.490263e-09 
1.507538e+00 9.999038e-01 9.620794e-05 2.118473e-09 
1.683417e+00 9.998853e-01 1.147061e-04 3.011493e-09 
1.859296e+00 9.998632e-01 1.367604e-04 4.280941e-09 
2.035176e+00 9.998369e-01 1.630543e-04 6.085478e-09 
2.211055e+00 9.998056e-01 1.944026e-04 8.650635e-09 
2.386935e+00 9.997682e-01 2.317764e-04 1.229699e-08 
2.562814e+00 9.997236e-01 2.763334e-04 1.748019e-08 
2.738693e+00 9.996705e-01 3.294532e-04 2.484792e-08 
2.914573e+00 9.996072e-01 3.927803e-04 3.532071e-08 
3.090452e+00 9.995317e-01 4.682743e-04 5.020691e-08 
3.266332e+00 9.994417e-01 5.582705e-04 7.136599e-08 
3.442211e+00 9.993343e-01 6.655512e-04 1.014405e-07 
3.618090e+00 9.992064e-01 7.934313e-04 1.441859e-07 
3.793970e+00 9.990539e-01 9.458593e-04 2.049385e-07 
3.969849e+00 9.988722e-01 1.127537e-03 2.912805e-07 
4.145729e+00 9.986555e-01 1.344065e-03 4.139845e-07 
4.321608e+00 9.983973e-01 1.602106e-03 5.883539e-07 
4.497487e+00 9.980896e-01 1.909593e-03 8.361259e-07 
4.673367e+00 9.977229e-01 2.275961e-03 1.188171e-06 
4.849246e+00 9.972859e-01 2.712426e-03 1.688323e-06 
5.025126e+00 9.967653e-01 3.232322e-03 2.398810e-06 
5.201005e+00 9.961451e-01 3.851481e-03 3.407943e-06 
5.376884e+00 9.954065e-01 4.588694e-03 4.841023e-06 
5.552764e+00 9.945269e-01 5.466239e-03 6.875750e-06 
5.728643e+00 9.934797e-01 6.510503e-03 9.764039e-06 
5.904523e+00 9.922334e-01 7.752698e-03 1.386281e-05 
6.080402e+00 9.907506e-01 9.229684e-03 1.967744e-05 
6.256281e+00 9.889872e-01 1.098491e-02 2.792299e-05 
6.432161e+00 9.868909e-01 1.306949e-02 3.961022e-05 
6.608040e+00 9.844005e-01 1.554335e-02 5.616643e-05 
6.783920e+00 9.814438e-01 1.847658e-02 7.960445e-05 
6.959799e+00 9.779364e-01 2.195080e-02 1.127585e-04 
7.135678e+00 9.737798e-01 2.606057e-02 1.596123e-04 
7.311558e+00 9.688594e-01 3.091487e-02 2.257529e-04 
7.487437e+00 9.630427e-01 3.663832e-02 3.189959e-04 
7.663317e+00 9.561775e-01 4.337226e-02 4.502409e-04 
7.839196e+00 9.480903e-01 5.127512e-02 6.346335e-04 
8.015075e+00 9.385848e-01 6.052209e-02 8.931281e-04 
8.190955e+00 9.274420e-01 7.130346e-02 1.254567e-03 
8.366834e+00 9.144205e-01 8.382109e-02 1.758409e-03 
8.542714e+00 8.992594e-01 9.828240e-02 2.458249e-03 
8.718593e+00 8.816826e-01 1.148911e-01 3.426258e-03 
8.894472e+00 8.614074e-01 1.338339e-01 4.758645e-03 
9.070352e+00 8.381556e-01 1.552622e-01 6.582128e-03 
9.246231e+00 8.116702e-01 1.792686e-01 9.061250e-03 
9.422111e+00 7.817358e-01 2.058581e-01 1.240610e-02 
9.597990e+00 7.482047e-01 2.349156e-01 1.687963e-02 
9.773869e+00 7.110260e-01 2.661708e-01 2.280315e-02 
9.949749e+00 6.702759e-01 2.991658e-01 3.055834e-02 
1.012563e+01 6.261860e-01 3.332308e-01 4.058321e-02 
1.030151e+01 5.791654e-01 3.674751e-01 5.335960e-02 
1.047739e+01 5.298094e-01 4.008006e-01 6.938994e-02 
1.065327e+01 4.788917e-01 4.319460e-01 8.916226e-02 
1.082915e+01 4.273344e-01 4.595614e-01 1.131042e-01 
1.100503e+01 3.761575e-01 4.823129e-01 1.415296e-01 
1.118090e+01 3.264095e-01 4.990054e-01 1.745851e-01 
1.135678e+01 2.790886e-01 5.087074e-01 2.122040e-01 
1.153266e+01 2.350656e-01 5.108561e-01 2.540782e-01 
1.170854e+01 1.950193e-01 5.053247e-01 2.996559e-01 
1.188442e+01 1.593952e-01 4.924380e-01 3.481668e-01 
1.206030e+01 1.283925e-01 4.729328e-01 3.986747e-01 
1.223618e+01 1.019790e-01 4.478719e-01 4.501492e-01 
1.241206e+01 7.992766e-02 4.185273e-01 5.015450e-01 
1.258794e+01 6.186761e-02 3.862544e-01 5.518779e-01 
1.276382e+01 4.733822e-02 3.523754e-01 6.002864e-01 
1.293970e+01 3.584003e-02 3.180866e-01 6.460734e-01 
1.311558e+01 2.687609e-02 2.843980e-01 6.887259e-01 
1.329146e+01 1.998176e-02 2.521028e-01 7.279155e-01 
1.346734e+01 1.474296e-02 2.217748e-01 7.634823e-01 
1.364322e+01 1.080463e-02 1.937853e-01 7.954101e-01 
1.381910e+01 7.871761e-03 1.683318e-01 8.237964e-01 
1.399497e+01 5.705607e-03 1.454721e-01 8.488223e-01 
1.417085e+01 4.117171e-03 1.251584e-01 8.707244e-01 
1.434673e+01 2.959577e-03 1.072690e-01 8.897714e-01 
1.452261e+01 2.120460e-03 9.163433e-02 9.062452e-01 
1.469849e+01 1.514979e-03 7.805816e-02 9.204269e-01 
1.487437e+01 1.079791e-03 6.633377e-02 9.325864e-01 
1.505025e+01 7.680414e-04 5.625525e-02 9.429767e-01 
1.522613e+01 5.453507e-04 4.762530e-02 9.518293e-01 
1.540201e+01 3.866593e-04 4.026000e-02 9.593533e-01 
1.557789e+01 2.738046e-04 3.399145e-02 9.657347e-01 
1.575377e+01 1.936854e-04 2.866877e-02 9.711375e-01 
1.592965e+01 1.368887e-04 2.415813e-02 9.757050e-01 
1.610553e+01 9.667493e-05 2.034197e-02 9.795614e-01 
1.628141e+01 6.823177e-05 1.711785e-02 9.828139e-01 
1.645729e+01 4.813148e-05 1.439711e-02 9.855548e-01 
1.663317e+01 3.393736e-05 1.210341e-02 9.878627e-01 
1.680905e+01 2.392016e-05 1.017132e-02 9.898048e-01 
1.698492e+01 1.685440e-05 8.544956e-03 9.914382e-01 
1.716080e+01 1.187265e-05 7.176744e-03 9.928114e-01 
1.733668e+01 8.361519e-06 6.026269e-03 9.939654e-01 
1.751256e+01 5.887645e-06 5.059277e-03 9.949348e-01 
1.768844e+01 4.145052e-06 4.246785e-03 9.957491e-01 
1.786432e+01 2.917838e-06 3.564305e-03 9.964328e-01 
1.804020e+01 2.053735e-06 2.991173e-03 9.970068e-01 
1.821608e+01 1.445398e-06 2.509967e-03 9.974886e-01 
1.839196e+01 1.017177e-06 2.106010e-03 9.978930e-01 
1.856784e+01 7.157761e-07 1.766952e-03 9.982323e-01 
1.874372e+01 5.036562e-07 1.482399e-03 9.985171e-01 
1.891960e+01 3.543816e-07 1.243614e-03 9.987560e-01 
1.909548e+01 2.493397e-07 1.043252e-03 9.989565e-01 
1.927136e+01 1.754275e-07 8.751429e-04 9.991247e-01 
1.944724e+01 1.234219e-07 7.341028e-04 9.992658e-01 
1.962312e+01 8.683136e-08 6.157790e-04 9.993841e-01 
1.979899e+01 6.108757e-08 5.165169e-04 9.994834e-01 
1.997487e+01 4.297562e-08 4.332487e-04 9.995667e-01 
2.015075e+01 3.023330e-08 3.633994e-04 9.996366e-01 
2.032663e+01 2.126886e-08 3.048079e-04 9.996952e-01 
2.050251e+01 1.496231e-08 2.556608e-04 9.997443e-01 
2.067839e+01 1.052567e-08 2.144364e-04 9.997856e-01 
2.085427e+01 7.404534e-09 1.798581e-04 9.998201e-01 
2.103015e+01 5.208869e-09 1.508548e-04 9.998491e-01 
2.120603e+01 3.664267e-09 1.265279e-04 9.998735e-01 
2.138191e+01 2.577680e-09 1.061236e-04 9.998939e-01 
2.155779e+01 1.813300e-09 8.900938e-05 9.999110e-01 
2.173367e+01 1.275584e-09 7.465494e-05 9.999253e-01 
2.190955e+01 8.973198e-10 6.261528e-05 9.999374e-01 
2.208543e+01 6.312258e-10 5.251716e-05 9.999475e-01 
2.226131e+01 4.440394e-10 4.404752e-05 9.999560e-01 
2.243719e+01 3.123616e-10 3.694376e-05 9.999631e-01 
2.261307e+01 2.197320e-10 3.098562e-05 9.999690e-01 
2.278894e+01 1.545712e-10 2.598837e-05 9.999740e-01 
2.296482e+01 1.087335e-10 2.179703e-05 9.999782e-01 
2.314070e+01 7.648886e-11 1.828165e-05 9.999817e-01 
2.331658e+01 5.380623e-11 1.533322e-05 9.999847e-01 
2.349246e+01 3.785007e-11 1.286029e-05 9.999871e-01 
2.366834e+01 2.662568e-11 1.078620e-05 9.999892e-01 
2.384422e+01 1.872986e-11 9.046605e-06 9.999910e-01 
2.402010e+01 1.317554e-11 7.587572e-06 9.999924e-01 
2.419598e+01 9.268339e-12 6.363849e-06 9.999936e-01 
2.437186e+01 6.519818e-12 5.337488e-06 9.999947e-01 
2.454774e+01 4.586368e-12 4.476657e-06 9.999955e-01 
2.472362e+01 3.226282e-12 3.754660e-06 9.999962e-01 
2.489950e+01 2.269529e-12 3.149107e-06 9.999969e-01 
2.507538e+01 1.596500e-12 2.641218e-06 9.999974e-01 
2.525126e+01 1.123058e-12 2.215241e-06 9.999978e-01 
2.542714e+01 7.900154e-13 1.857966e-06 9.999981e-01 
2.560302e+01 5.557363e-13 1.558312e-06 9.999984e-01 
2.577889e+01 3.909327e-13 1.306986e-06 9.999987e-01 
2.595477e+01 2.750016e-13 1.096195e-06 9.999989e-01 
2.613065e+01 1.934498e-13 9.193995e-07 9.999991e-01 
2.630653e+01 1.360823e-13 7.711181e-07 9.999992e-01 
2.648241e+01 9.572705e-14 6.467516e-07 9.999994e-01 
2.665829e+01 6.733918e-14 5.424430e-07 9.999995e-01 
2.683417e+01 4.736973e-14 4.549573e-07 9.999995e-01 
2.701005e+01 3.332223e-14 3.815815e-07 9.999996e-01 
2.718593e+01 2.344052e-14 3.200397e-07 9.999997e-01 
2.736181e+01 1.648923e-14 2.684234e-07 9.999997e-01 
2.753769e+01 1.159934e-14 2.251319e-07 9.999998e-01 
2.771357e+01 8.159556e-15 1.888224e-07 9.999998e-01 
2.788945e+01 5.739838e-15 1.583690e-07 9.999998e-01 
2.806533e+01 4.037688e-15 1.328271e-07 9.999999e-01 
2.824121e+01 2.840311e-15 1.114046e-07 9.999999e-01 
2.841709e+01 1.998016e-15 9.343719e-08 9.999999e-01 
2.859296e+01 1.405504e-15 7.836756e-08 9.999999e-01 
2.876884e+01 9.887015e-16 6.572837e-08 9.999999e-01 
2.894472e+01 6.955018e-16 5.512764e-08 9.999999e-01 
2.912060e+01 4.892506e-16 4.623661e-08 1.000000e+00 
2.929648e+01 3.441632e-16 3.877953e-08 1.000000e+00 
2.947236e+01 2.421016e-16 3.252513e-08 1.000000e+00 
2.964824e+01 1.703063e-16 2.727945e-08 1.000000e+00 
2.982412e+01 1.198019e-16 2.287980e-08 1.000000e+00 
3.000000e+01 8.427463e-17 1.918972e-08 1.000000e+00 
