#E                   6            7            8 
-5.000000e+00 9.999926e-01 7.407213e-06 1.246326e-11 
-4.824121e+00 9.999912e-01 8.831565e-06 1.771732e-11 
-4.648241e+00 9.999895e-01 1.052981e-05 2.518629e-11 
-4.472362e+00 9.999874e-01 1.255460e-05 3.580389e-11 
-4.296482e+00 9.999850e-01 1.496874e-05 5.089746e-11 
-4.120603e+00 9.999822e-01 1.784710e-05 7.235386e-11 
-3.944724e+00 9.999787e-01 2.127892e-05 1.028554e-10 
-3.768844e+00 9.999746e-01 2.537063e-05 1.462151e-10 
-3.592965e+00 9.999698e-01 3.024910e-05 2.078534e-10 
-3.417085e+00 9.999639e-01 3.606562e-05 2.954755e-10 
-3.241206e+00 9.999570e-01 4.300054e-05 4.200348e-10 
-3.065327e+00 9.999487e-01 5.126887e-05 5.971021e-10 
-2.889447e+00 9.999389e-01 6.112698e-05 8.488115e-10 
-2.713568e+00 9.999271e-01 7.288049e-05 1.206627e-09 
-2.537688e+00 9.999131e-01 8.689377e-05 1.715275e-09 
-2.361809e+00 9.998964e-01 1.036012e-04 2.438336e-09 
-2.185930e+00 9.998765e-01 1.235207e-04 3.466185e-09 
-2.010050e+00 9.998527e-01 1.472695e-04 4.927293e-09 
-1.834171e+00 9.998244e-01 1.755836e-04 7.004271e-09 
-1.658291e+00 9.997906e-01 2.093402e-04 9.956695e-09 
-1.482412e+00 9.997504e-01 2.495851e-04 1.415352e-08 
-1.306533e+00 9.997024e-01 2.975646e-04 2.011920e-08 
-1.130653e+00 9.996452e-01 3.547643e-04 2.859912e-08 
-9.547739e-01 9.995770e-01 4.229545e-04 4.065276e-08 
-7.788945e-01 9.994957e-01 5.042452e-04 5.778586e-08 
-6.030151e-01 9.993988e-01 6.011504e-04 8.213842e-08 
-4.271357e-01 9.992832e-01 7.166653e-04 1.167517e-07 
-2.512563e-01 9.991455e-01 8.543581e-04 1.659473e-07 
-7.537688e-02 9.989813e-01 1.018479e-03 2.358661e-07 
1.005025e-01 9.987856e-01 1.214089e-03 3.352335e-07 
2.763819e-01 9.985523e-01 1.447213e-03 4.764451e-07 
4.522613e-01 9.982743e-01 1.725023e-03 6.771094e-07 
6.281407e-01 9.979430e-01 2.056053e-03 9.622360e-07 
8.040201e-01 9.975482e-01 2.450450e-03 1.367340e-06 
9.798995e-01 9.970778e-01 2.920280e-03 1.942847e-06 
1.155779e+00 9.965174e-01 3.479876e-03 2.760333e-06 
1.331658e+00 9.958498e-01 4.146256e-03 3.921365e-06 
1.507538e+00 9.950548e-01 4.939611e-03 5.570028e-06 
1.683417e+00 9.941082e-01 5.883867e-03 7.910628e-06 
1.859296e+00 9.929814e-01 7.007349e-03 1.123273e-05 
2.035176e+00 9.916405e-01 8.343540e-03 1.594650e-05 
2.211055e+00 9.900454e-01 9.931953e-03 2.263253e-05 
2.386935e+00 9.881488e-01 1.181913e-02 3.211199e-05 
2.562814e+00 9.858947e-01 1.405973e-02 4.554517e-05 
2.738693e+00 9.832176e-01 1.671782e-02 6.456964e-05 
2.914573e+00 9.800404e-01 1.986815e-02 9.149336e-05 
3.090452e+00 9.762728e-01 2.359761e-02 1.295638e-04 
3.266332e+00 9.718100e-01 2.800668e-02 1.833415e-04 
3.442211e+00 9.665300e-01 3.321078e-02 2.592159e-04 
3.618090e+00 9.602924e-01 3.934148e-02 3.661143e-04 
3.793970e+00 9.529362e-01 4.654730e-02 5.164686e-04 
3.969849e+00 9.442786e-01 5.499386e-02 7.275237e-04 
4.145729e+00 9.341139e-01 6.486305e-02 1.023090e-03 
4.321608e+00 9.222135e-01 7.635060e-02 1.435861e-03 
4.497487e+00 9.083278e-01 8.966172e-02 2.010436e-03 
4.673367e+00 8.921891e-01 1.050037e-01 2.807188e-03 
4.849246e+00 8.735176e-01 1.225753e-01 3.907088e-03 
5.025126e+00 8.520314e-01 1.425510e-01 5.417564e-03 
5.201005e+00 8.274595e-01 1.650612e-01 7.479319e-03 
5.376884e+00 7.995602e-01 1.901660e-01 1.027385e-02 
5.552764e+00 7.681439e-01 2.178250e-01 1.403110e-02 
5.728643e+00 7.331006e-01 2.478633e-01 1.903617e-02 
5.904523e+00 6.944294e-01 2.799369e-01 2.563369e-02 
6.080402e+00 6.522690e-01 3.135034e-01 3.422761e-02 
6.256281e+00 6.069233e-01 3.478025e-01 4.527418e-02 
6.432161e+00 5.588785e-01 3.818561e-01 5.926538e-02 
6.608040e+00 5.088054e-01 4.144934e-01 7.670122e-02 
6.783920e+00 4.575427e-01 4.444070e-01 9.805033e-02 
6.959799e+00 4.060579e-01 4.702413e-01 1.237008e-01 
7.135678e+00 3.553892e-01 4.907049e-01 1.539060e-01 
7.311558e+00 3.065705e-01 5.046962e-01 1.887333e-01 
7.487437e+00 2.605532e-01 5.114222e-01 2.280245e-01 
7.663317e+00 2.181328e-01 5.104903e-01 2.713769e-01 
7.839196e+00 1.798933e-01 5.019553e-01 3.181514e-01 
8.015075e+00 1.461781e-01 4.863128e-01 3.675091e-01 
8.190955e+00 1.170882e-01 4.644404e-01 4.184714e-01 
8.366834e+00 9.250701e-02 4.374969e-01 4.699961e-01 
8.542714e+00 7.214359e-02 4.068006e-01 5.210558e-01 
8.718593e+00 5.558552e-02 3.737050e-01 5.707095e-01 
8.894472e+00 4.235239e-02 3.394913e-01 6.181563e-01 
9.070352e+00 3.194296e-02 3.052877e-01 6.627693e-01 
9.246231e+00 2.387178e-02 2.720209e-01 7.041073e-01 
9.422111e+00 1.769413e-02 2.403977e-01 7.419082e-01 
9.597990e+00 1.302006e-02 2.109101e-01 7.760698e-01 
9.773869e+00 9.519526e-03 1.838583e-01 8.066222e-01 
9.949749e+00 6.921283e-03 1.593815e-01 8.336972e-01 
1.012563e+01 5.007779e-03 1.374928e-01 8.574994e-01 
1.030151e+01 3.608089e-03 1.181124e-01 8.782795e-01 
1.047739e+01 2.590223e-03 1.010971e-01 8.963126e-01 
1.065327e+01 1.853741e-03 8.626492e-02 9.118813e-01 
1.082915e+01 1.323150e-03 7.341379e-02 9.252631e-01 
1.100503e+01 9.422961e-04 6.233609e-02 9.367216e-01 
1.118090e+01 6.697788e-04 5.282835e-02 9.465019e-01 
1.135678e+01 4.752998e-04 4.469786e-02 9.548268e-01 
1.153266e+01 3.368252e-04 3.776653e-02 9.618966e-01 
1.170854e+01 2.384156e-04 3.187283e-02 9.678888e-01 
1.188442e+01 1.685920e-04 2.687239e-02 9.729590e-01 
1.206030e+01 1.191182e-04 2.263763e-02 9.772433e-01 
1.223618e+01 8.410370e-05 1.905686e-02 9.808590e-01 
1.241206e+01 5.934661e-05 1.603303e-02 9.839076e-01 
1.258794e+01 4.185633e-05 1.348231e-02 9.864758e-01 
1.276382e+01 2.950836e-05 1.133266e-02 9.886378e-01 
1.293970e+01 2.079584e-05 9.522403e-03 9.904568e-01 
1.311558e+01 1.465142e-05 7.998956e-03 9.919864e-01 
1.329146e+01 1.031990e-05 6.717572e-03 9.932721e-01 
1.346734e+01 7.267425e-06 5.640285e-03 9.943524e-01 
1.364322e+01 5.116934e-06 4.734932e-03 9.952600e-01 
1.381910e+01 3.602263e-06 3.974319e-03 9.960221e-01 
1.399497e+01 2.535639e-06 3.335479e-03 9.966620e-01 
1.417085e+01 1.784656e-06 2.799038e-03 9.971992e-01 
1.434673e+01 1.255983e-06 2.348668e-03 9.976501e-01 
1.452261e+01 8.838564e-07 1.970620e-03 9.980285e-01 
1.469849e+01 6.219464e-07 1.653323e-03 9.983461e-01 
1.487437e+01 4.376249e-07 1.387043e-03 9.986125e-01 
1.505025e+01 3.079160e-07 1.163600e-03 9.988361e-01 
1.522613e+01 2.166441e-07 9.761171e-04 9.990237e-01 
1.540201e+01 1.524223e-07 8.188171e-04 9.991810e-01 
1.557789e+01 1.072356e-07 6.868483e-04 9.993130e-01 
1.575377e+01 7.544321e-08 5.761366e-04 9.994238e-01 
1.592965e+01 5.307544e-08 4.832617e-04 9.995167e-01 
1.610553e+01 3.733882e-08 4.053524e-04 9.995946e-01 
1.628141e+01 2.626770e-08 3.399991e-04 9.996600e-01 
1.645729e+01 1.847902e-08 2.851794e-04 9.997148e-01 
1.663317e+01 1.299966e-08 2.391964e-04 9.997608e-01 
1.680905e+01 9.144962e-09 2.006263e-04 9.997994e-01 
1.698492e+01 6.433230e-09 1.682746e-04 9.998317e-01 
1.716080e+01 4.525577e-09 1.411389e-04 9.998589e-01 
1.733668e+01 3.183588e-09 1.183786e-04 9.998816e-01 
1.751256e+01 2.239537e-09 9.928832e-05 9.999007e-01 
1.768844e+01 1.575427e-09 8.327635e-05 9.999167e-01 
1.786432e+01 1.108249e-09 6.984640e-05 9.999302e-01 
1.804020e+01 7.796062e-10 5.858217e-05 9.999414e-01 
1.821608e+01 5.484190e-10 4.913445e-05 9.999509e-01 
1.839196e+01 3.857883e-10 4.121033e-05 9.999588e-01 
1.856784e+01 2.713845e-10 3.456412e-05 9.999654e-01 
1.874372e+01 1.909064e-10 2.898975e-05 9.999710e-01 
1.891960e+01 1.342937e-10 2.431437e-05 9.999757e-01 
1.909548e+01 9.446925e-11 2.039301e-05 9.999796e-01 
1.927136e+01 6.645459e-11 1.710406e-05 9.999829e-01 
1.944724e+01 4.674759e-11 1.434555e-05 9.999857e-01 
1.962312e+01 3.288466e-11 1.203191e-05 9.999880e-01 
1.979899e+01 2.313275e-11 1.009141e-05 9.999899e-01 
1.997487e+01 1.627276e-11 8.463876e-06 9.999915e-01 
2.015075e+01 1.144708e-11 7.098824e-06 9.999929e-01 
2.032663e+01 8.052457e-12 5.953926e-06 9.999940e-01 
2.050251e+01 5.664504e-12 4.993677e-06 9.999950e-01 
2.067839e+01 3.984698e-12 4.188296e-06 9.999958e-01 
2.085427e+01 2.803036e-12 3.512806e-06 9.999965e-01 
2.103015e+01 1.971797e-12 2.946259e-06 9.999971e-01 
2.120603e+01 1.387060e-12 2.471085e-06 9.999975e-01 
2.138191e+01 9.757278e-13 2.072547e-06 9.999979e-01 
2.155779e+01 6.863757e-13 1.738286e-06 9.999983e-01 
2.173367e+01 4.828310e-13 1.457934e-06 9.999985e-01 
2.190955e+01 3.396474e-13 1.222797e-06 9.999988e-01 
2.208543e+01 2.389250e-13 1.025584e-06 9.999990e-01 
2.226131e+01 1.680717e-13 8.601768e-07 9.999991e-01 
2.243719e+01 1.182300e-13 7.214468e-07 9.999993e-01 
2.261307e+01 8.316890e-14 6.050913e-07 9.999994e-01 
2.278894e+01 5.850515e-14 5.075017e-07 9.999995e-01 
2.296482e+01 4.115544e-14 4.256514e-07 9.999996e-01 
2.314070e+01 2.895079e-14 3.570020e-07 9.999996e-01 
2.331658e+01 2.036543e-14 2.994244e-07 9.999997e-01 
2.349246e+01 1.432606e-14 2.511330e-07 9.999997e-01 
2.366834e+01 1.007766e-14 2.106301e-07 9.999998e-01 
2.384422e+01 7.089128e-15 1.766595e-07 9.999998e-01 
2.402010e+01 4.986846e-15 1.481677e-07 9.999999e-01 
2.419598e+01 3.507996e-15 1.242711e-07 9.999999e-01 
2.437186e+01 2.467699e-15 1.042285e-07 9.999999e-01 
2.454774e+01 1.735902e-15 8.741847e-08 9.999999e-01 
2.472362e+01 1.221120e-15 7.331954e-08 9.999999e-01 
2.489950e+01 8.589967e-16 6.149450e-08 9.999999e-01 
2.507538e+01 6.042610e-16 5.157662e-08 9.999999e-01 
2.525126e+01 4.250673e-16 4.325829e-08 1.000000e+00 
2.542714e+01 2.990135e-16 3.628156e-08 1.000000e+00 
2.560302e+01 2.103410e-16 3.043004e-08 1.000000e+00 
2.577889e+01 1.479643e-16 2.552226e-08 1.000000e+00 
2.595477e+01 1.040855e-16 2.140600e-08 1.000000e+00 
2.613065e+01 7.321890e-17 1.795362e-08 1.000000e+00 
2.630653e+01 5.150582e-17 1.505805e-08 1.000000e+00 
2.648241e+01 3.623175e-17 1.262947e-08 1.000000e+00 
2.665829e+01 2.548722e-17 1.059258e-08 1.000000e+00 
2.683417e+01 1.792898e-17 8.884200e-09 1.000000e+00 
2.701005e+01 1.261214e-17 7.451349e-09 1.000000e+00 
2.718593e+01 8.872005e-18 6.249589e-09 1.000000e+00 
2.736181e+01 6.241010e-18 5.241650e-09 1.000000e+00 
2.753769e+01 4.390237e-18 4.396272e-09 1.000000e+00 
2.771357e+01 3.088311e-18 3.687237e-09 1.000000e+00 
2.788945e+01 2.172472e-18 3.092556e-09 1.000000e+00 
2.806533e+01 1.528225e-18 2.593786e-09 1.000000e+00 
2.824121e+01 1.075029e-18 2.175458e-09 1.000000e+00 
2.841709e+01 7.562292e-19 1.824598e-09 1.000000e+00 
2.859296e+01 5.319693e-19 1.530326e-09 1.000000e+00 
2.876884e+01 3.742137e-19 1.283513e-09 1.000000e+00 
2.894472e+01 2.632405e-19 1.076507e-09 1.000000e+00 
2.912060e+01 1.851765e-19 9.028872e-10 1.000000e+00 
2.929648e+01 1.302624e-19 7.572687e-10 1.000000e+00 
2.947236e+01 9.163302e-20 6.351358e-10 1.000000e+00 
2.964824e+01 6.445923e-20 5.327005e-10 1.000000e+00 
2.982412e+01 4.534383e-20 4.467861e-10 1.000000e+00 
3.000000e+01 3.189711e-20 3.747281e-10 1.000000e+00 
