#E                   6            7            8 
-5.000000e+00 9.999995e-01 4.802389e-07 4.812201e-14 
-4.824121e+00 9.999994e-01 5.725861e-07 6.840859e-14 
-4.648241e+00 9.999993e-01 6.826910e-07 9.724729e-14 
-4.472362e+00 9.999992e-01 8.139684e-07 1.382434e-13 
-4.296482e+00 9.999990e-01 9.704897e-07 1.965220e-13 
-4.120603e+00 9.999988e-01 1.157109e-06 2.793689e-13 
-3.944724e+00 9.999986e-01 1.379614e-06 3.971411e-13 
-3.768844e+00 9.999984e-01 1.644906e-06 5.645619e-13 
-3.592965e+00 9.999980e-01 1.961211e-06 8.025616e-13 
-3.417085e+00 9.999977e-01 2.338340e-06 1.140893e-12 
-3.241206e+00 9.999972e-01 2.787988e-06 1.621854e-12 
-3.065327e+00 9.999967e-01 3.324100e-06 2.305571e-12 
-2.889447e+00 9.999960e-01 3.963303e-06 3.277518e-12 
-2.713568e+00 9.999953e-01 4.725420e-06 4.659203e-12 
-2.537688e+00 9.999944e-01 5.634086e-06 6.623357e-12 
-2.361809e+00 9.999933e-01 6.717481e-06 9.415527e-12 
-2.185930e+00 9.999920e-01 8.009203e-06 1.338477e-11 
-2.010050e+00 9.999905e-01 9.549312e-06 1.902730e-11 
-1.834171e+00 9.999886e-01 1.138557e-05 2.704851e-11 
-1.658291e+00 9.999864e-01 1.357492e-05 3.845114e-11 
-1.482412e+00 9.999838e-01 1.618526e-05 5.466068e-11 
-1.306533e+00 9.999807e-01 1.929753e-05 7.770350e-11 
-1.130653e+00 9.999770e-01 2.300825e-05 1.104602e-10 
-9.547739e-01 9.999726e-01 2.743248e-05 1.570257e-10 
-7.788945e-01 9.999673e-01 3.270741e-05 2.232212e-10 
-6.030151e-01 9.999610e-01 3.899662e-05 3.173216e-10 
-4.271357e-01 9.999535e-01 4.649509e-05 4.510901e-10 
-2.512563e-01 9.999446e-01 5.543534e-05 6.412484e-10 
-7.537688e-02 9.999339e-01 6.609453e-05 9.115669e-10 
1.005025e-01 9.999212e-01 7.880312e-05 1.295836e-09 
2.763819e-01 9.999060e-01 9.395509e-05 1.842088e-09 
4.522613e-01 9.998880e-01 1.120201e-04 2.618601e-09 
6.281407e-01 9.998664e-01 1.335580e-04 3.722433e-09 
8.040201e-01 9.998408e-01 1.592364e-04 5.291547e-09 
9.798995e-01 9.998101e-01 1.898508e-04 7.522050e-09 
1.155779e+00 9.997736e-01 2.263498e-04 1.069270e-08 
1.331658e+00 9.997301e-01 2.698638e-04 1.519971e-08 
1.507538e+00 9.996782e-01 3.217403e-04 2.160626e-08 
1.683417e+00 9.996164e-01 3.835854e-04 3.071282e-08 
1.859296e+00 9.995426e-01 4.573130e-04 4.365707e-08 
2.035176e+00 9.994547e-01 5.452037e-04 6.205592e-08 
2.211055e+00 9.993499e-01 6.499750e-04 8.820732e-08 
2.386935e+00 9.992250e-01 7.748646e-04 1.253768e-07 
2.562814e+00 9.990761e-01 9.237289e-04 1.782048e-07 
2.738693e+00 9.988986e-01 1.101161e-03 2.532848e-07 
2.914573e+00 9.986870e-01 1.312630e-03 3.599847e-07 
3.090452e+00 9.984348e-01 1.564646e-03 5.116126e-07 
3.266332e+00 9.981343e-01 1.864957e-03 7.270720e-07 
3.442211e+00 9.977762e-01 2.222779e-03 1.033210e-06 
3.618090e+00 9.973495e-01 2.649074e-03 1.468147e-06 
3.793970e+00 9.968410e-01 3.156865e-03 2.086004e-06 
3.969849e+00 9.962354e-01 3.761626e-03 2.963589e-06 
4.145729e+00 9.955141e-01 4.481717e-03 4.209886e-06 
4.321608e+00 9.946551e-01 5.338915e-03 5.979466e-06 
4.497487e+00 9.936325e-01 6.359013e-03 8.491463e-06 
4.673367e+00 9.924154e-01 7.572528e-03 1.205639e-05 
4.849246e+00 9.909674e-01 9.015508e-03 1.711394e-05 
5.025126e+00 9.892453e-01 1.073046e-02 2.428630e-05 
5.201005e+00 9.871982e-01 1.276739e-02 3.445313e-05 
5.376884e+00 9.847662e-01 1.518498e-02 4.885673e-05 
5.552764e+00 9.818789e-01 1.805189e-02 6.924941e-05 
5.728643e+00 9.784538e-01 2.144808e-02 9.809919e-05 
5.904523e+00 9.743948e-01 2.546634e-02 1.388759e-04 
6.080402e+00 9.695899e-01 3.021364e-02 1.964477e-04 
6.256281e+00 9.639099e-01 3.581252e-02 2.776273e-04 
6.432161e+00 9.572060e-01 4.240210e-02 3.919206e-04 
6.608040e+00 9.493088e-01 5.013868e-02 5.525443e-04 
6.783920e+00 9.400267e-01 5.919554e-02 7.777977e-04 
6.959799e+00 9.291456e-01 6.976154e-02 1.092892e-03 
7.135678e+00 9.164297e-01 8.203796e-02 1.532355e-03 
7.311558e+00 9.016237e-01 9.623311e-02 2.143150e-03 
7.487437e+00 8.844577e-01 1.125537e-01 2.988623e-03 
7.663317e+00 8.646542e-01 1.311924e-01 4.153397e-03 
7.839196e+00 8.419400e-01 1.523108e-01 5.749222e-03 
8.015075e+00 8.160609e-01 1.760174e-01 7.921682e-03 
8.190955e+00 7.868024e-01 2.023402e-01 1.085744e-02 
8.366834e+00 7.540134e-01 2.311953e-01 1.479135e-02 
8.542714e+00 7.176343e-01 2.623533e-01 2.001238e-02 
8.718593e+00 6.777260e-01 2.954071e-01 2.686684e-02 
8.894472e+00 6.344970e-01 3.297462e-01 3.575682e-02 
9.070352e+00 5.883240e-01 3.645443e-01 4.713167e-02 
9.246231e+00 5.397623e-01 3.987674e-01 6.147035e-02 
9.422111e+00 4.895383e-01 4.312085e-01 7.925319e-02 
9.597990e+00 4.385250e-01 4.605517e-01 1.009233e-01 
9.773869e+00 3.876953e-01 4.854652e-01 1.268395e-01 
9.949749e+00 3.380602e-01 5.047136e-01 1.572262e-01 
1.012563e+01 2.905958e-01 5.172778e-01 1.921264e-01 
1.030151e+01 2.461710e-01 5.224620e-01 2.313670e-01 
1.047739e+01 2.054845e-01 5.199724e-01 2.745431e-01 
1.065327e+01 1.690221e-01 5.099507e-01 3.210272e-01 
1.082915e+01 1.370381e-01 4.929577e-01 3.700042e-01 
1.100503e+01 1.095627e-01 4.699095e-01 4.205278e-01 
1.118090e+01 8.643036e-02 4.419788e-01 4.715909e-01 
1.135678e+01 6.732403e-02 4.104769e-01 5.221991e-01 
1.153266e+01 5.182465e-02 3.767371e-01 5.714382e-01 
1.170854e+01 3.946010e-02 3.420138e-01 6.185261e-01 
1.188442e+01 2.974716e-02 3.074075e-01 6.628454e-01 
1.206030e+01 2.222350e-02 2.738197e-01 7.039568e-01 
1.223618e+01 1.646895e-02 2.419367e-01 7.415944e-01 
1.241206e+01 1.211706e-02 2.122348e-01 7.756481e-01 
1.258794e+01 8.858809e-03 1.850027e-01 8.061385e-01 
1.276382e+01 6.440825e-03 1.603717e-01 8.331875e-01 
1.293970e+01 4.660235e-03 1.383494e-01 8.569903e-01 
1.311558e+01 3.357805e-03 1.188526e-01 8.777896e-01 
1.329146e+01 2.410656e-03 1.017353e-01 8.958540e-01 
1.346734e+01 1.725318e-03 8.681388e-02 9.114608e-01 
1.364322e+01 1.231548e-03 7.388475e-02 9.248837e-01 
1.381910e+01 8.771044e-04 6.273908e-02 9.363838e-01 
1.399497e+01 6.234697e-04 5.317233e-02 9.462042e-01 
1.417085e+01 4.424558e-04 4.499079e-02 9.545668e-01 
1.434673e+01 3.135618e-04 3.801547e-02 9.616710e-01 
1.452261e+01 2.219565e-04 3.208400e-02 9.676940e-01 
1.469849e+01 1.569578e-04 2.705122e-02 9.727918e-01 
1.487437e+01 1.109009e-04 2.278886e-02 9.771002e-01 
1.505025e+01 7.830359e-05 1.918460e-02 9.807371e-01 
1.522613e+01 5.525489e-05 1.614081e-02 9.838039e-01 
1.540201e+01 3.897113e-05 1.357316e-02 9.863879e-01 
1.557789e+01 2.747469e-05 1.140918e-02 9.885634e-01 
1.575377e+01 1.936285e-05 9.586812e-03 9.903938e-01 
1.592965e+01 1.364197e-05 8.053140e-03 9.919332e-01 
1.610553e+01 9.608957e-06 6.763134e-03 9.932273e-01 
1.628141e+01 6.766819e-06 5.678580e-03 9.943147e-01 
1.645729e+01 4.764491e-06 4.767109e-03 9.952281e-01 
1.663317e+01 3.354163e-06 4.001348e-03 9.959953e-01 
1.680905e+01 2.361011e-06 3.358178e-03 9.966395e-01 
1.698492e+01 1.661754e-06 2.818096e-03 9.971802e-01 
1.716080e+01 1.169493e-06 2.364667e-03 9.976342e-01 
1.733668e+01 8.229936e-07 1.984049e-03 9.980151e-01 
1.751256e+01 5.791201e-07 1.664593e-03 9.983348e-01 
1.768844e+01 4.074914e-07 1.396501e-03 9.986031e-01 
1.786432e+01 2.867143e-07 1.171536e-03 9.988282e-01 
1.804020e+01 2.017273e-07 9.827755e-04 9.990170e-01 
1.821608e+01 1.419275e-07 8.244033e-04 9.991755e-01 
1.839196e+01 9.985215e-08 6.915348e-04 9.993084e-01 
1.856784e+01 7.024881e-08 5.800682e-04 9.994199e-01 
1.874372e+01 4.942113e-08 4.865598e-04 9.995134e-01 
1.891960e+01 3.476801e-08 4.081190e-04 9.995918e-01 
1.909548e+01 2.445916e-08 3.423198e-04 9.996577e-01 
1.927136e+01 1.720674e-08 2.871260e-04 9.997129e-01 
1.944724e+01 1.210464e-08 2.408292e-04 9.997592e-01 
1.962312e+01 8.515337e-09 2.019959e-04 9.997980e-01 
1.979899e+01 5.990307e-09 1.694234e-04 9.998306e-01 
1.997487e+01 4.213995e-09 1.421025e-04 9.998579e-01 
2.015075e+01 2.964402e-09 1.191868e-04 9.998808e-01 
2.032663e+01 2.085348e-09 9.996619e-05 9.999000e-01 
2.050251e+01 1.466961e-09 8.384491e-05 9.999162e-01 
2.067839e+01 1.031948e-09 7.032328e-05 9.999297e-01 
2.085427e+01 7.259315e-10 5.898215e-05 9.999410e-01 
2.103015e+01 5.106612e-10 4.946993e-05 9.999505e-01 
2.120603e+01 3.592274e-10 4.149170e-05 9.999585e-01 
2.138191e+01 2.527001e-10 3.480012e-05 9.999652e-01 
2.155779e+01 1.777628e-10 2.918769e-05 9.999708e-01 
2.173367e+01 1.250478e-10 2.448039e-05 9.999755e-01 
2.190955e+01 8.796520e-11 2.053225e-05 9.999795e-01 
2.208543e+01 6.187931e-11 1.722085e-05 9.999828e-01 
2.226131e+01 4.352911e-11 1.444350e-05 9.999856e-01 
2.243719e+01 3.062061e-11 1.211406e-05 9.999879e-01 
2.261307e+01 2.154010e-11 1.016032e-05 9.999898e-01 
2.278894e+01 1.515241e-11 8.521666e-06 9.999915e-01 
2.296482e+01 1.065897e-11 7.147294e-06 9.999929e-01 
2.314070e+01 7.498060e-12 5.994579e-06 9.999940e-01 
2.331658e+01 5.274514e-12 5.027773e-06 9.999950e-01 
2.349246e+01 3.710358e-12 4.216893e-06 9.999958e-01 
2.366834e+01 2.610053e-12 3.536791e-06 9.999965e-01 
2.384422e+01 1.836042e-12 2.966376e-06 9.999970e-01 
2.402010e+01 1.291564e-12 2.487958e-06 9.999975e-01 
2.419598e+01 9.085507e-13 2.086699e-06 9.999979e-01 
2.437186e+01 6.391200e-13 1.750155e-06 9.999982e-01 
2.454774e+01 4.495890e-13 1.467889e-06 9.999985e-01 
2.472362e+01 3.162633e-13 1.231146e-06 9.999988e-01 
2.489950e+01 2.224754e-13 1.032586e-06 9.999990e-01 
2.507538e+01 1.565003e-13 8.660500e-07 9.999991e-01 
2.525126e+01 1.100901e-13 7.263728e-07 9.999993e-01 
2.542714e+01 7.744288e-14 6.092229e-07 9.999994e-01 
2.560302e+01 5.447718e-14 5.109669e-07 9.999995e-01 
2.577889e+01 3.832197e-14 4.285578e-07 9.999996e-01 
2.595477e+01 2.695758e-14 3.594396e-07 9.999996e-01 
2.613065e+01 1.896330e-14 3.014689e-07 9.999997e-01 
2.630653e+01 1.333973e-14 2.528477e-07 9.999997e-01 
2.648241e+01 9.383833e-15 2.120682e-07 9.999998e-01 
2.665829e+01 6.601055e-15 1.778657e-07 9.999998e-01 
2.683417e+01 4.643511e-15 1.491794e-07 9.999999e-01 
2.701005e+01 3.266477e-15 1.251196e-07 9.999999e-01 
2.718593e+01 2.297802e-15 1.049402e-07 9.999999e-01 
2.736181e+01 1.616389e-15 8.801536e-08 9.999999e-01 
2.753769e+01 1.137048e-15 7.382016e-08 9.999999e-01 
2.771357e+01 7.998563e-16 6.191438e-08 9.999999e-01 
2.788945e+01 5.626588e-16 5.192878e-08 9.999999e-01 
2.806533e+01 3.958022e-16 4.355366e-08 1.000000e+00 
2.824121e+01 2.784270e-16 3.652929e-08 1.000000e+00 
2.841709e+01 1.958594e-16 3.063781e-08 1.000000e+00 
2.859296e+01 1.377772e-16 2.569652e-08 1.000000e+00 
2.876884e+01 9.691937e-17 2.155216e-08 1.000000e+00 
2.894472e+01 6.817791e-17 1.807621e-08 1.000000e+00 
2.912060e+01 4.795974e-17 1.516086e-08 1.000000e+00 
2.929648e+01 3.373727e-17 1.271571e-08 1.000000e+00 
2.947236e+01 2.373247e-17 1.066491e-08 1.000000e+00 
2.964824e+01 1.669460e-17 8.944861e-09 1.000000e+00 
2.982412e+01 1.174381e-17 7.502226e-09 1.000000e+00 
3.000000e+01 8.261184e-18 6.292261e-09 1.000000e+00 
