#E                   6            7            8 
-5.000000e+00 9.999624e-01 3.758964e-05 3.388978e-10 
-4.824121e+00 9.999552e-01 4.481759e-05 4.817619e-10 
-4.648241e+00 9.999466e-01 5.343530e-05 6.848503e-10 
-4.472362e+00 9.999363e-01 6.370994e-05 9.735496e-10 
-4.296482e+00 9.999240e-01 7.596007e-05 1.383948e-09 
-4.120603e+00 9.999094e-01 9.056543e-05 1.967344e-09 
-3.944724e+00 9.998920e-01 1.079788e-04 2.796659e-09 
-3.768844e+00 9.998713e-01 1.287398e-04 3.975552e-09 
-3.592965e+00 9.998465e-01 1.534919e-04 5.651368e-09 
-3.417085e+00 9.998170e-01 1.830021e-04 8.033554e-09 
-3.241206e+00 9.997818e-01 2.181847e-04 1.141982e-08 
-3.065327e+00 9.997399e-01 2.601294e-04 1.623334e-08 
-2.889447e+00 9.996898e-01 3.101353e-04 2.307561e-08 
-2.713568e+00 9.996302e-01 3.697505e-04 3.280153e-08 
-2.537688e+00 9.995591e-01 4.408201e-04 4.662622e-08 
-2.361809e+00 9.994744e-01 5.255427e-04 6.627661e-08 
-2.185930e+00 9.993734e-01 6.265382e-04 9.420702e-08 
-2.010050e+00 9.992529e-01 7.469278e-04 1.339053e-07 
-1.834171e+00 9.991094e-01 8.904298e-04 1.903279e-07 
-1.658291e+00 9.989383e-01 1.061473e-03 2.705172e-07 
-1.482412e+00 9.987343e-01 1.265329e-03 3.844794e-07 
-1.306533e+00 9.984912e-01 1.508277e-03 5.464296e-07 
-1.130653e+00 9.982014e-01 1.797789e-03 7.765602e-07 
-9.547739e-01 9.978561e-01 2.142752e-03 1.103549e-06 
-7.788945e-01 9.974447e-01 2.553737e-03 1.568121e-06 
-6.030151e-01 9.969545e-01 3.043310e-03 2.228091e-06 
-4.271357e-01 9.963704e-01 3.626395e-03 3.165522e-06 
-2.512563e-01 9.956748e-01 4.320711e-03 4.496856e-06 
-7.537688e-02 9.948463e-01 5.147273e-03 6.387256e-06 
1.005025e-01 9.938600e-01 6.130979e-03 9.070901e-06 
2.763819e-01 9.926858e-01 7.301295e-03 1.287965e-05 
4.522613e-01 9.912887e-01 8.693040e-03 1.828349e-05 
6.281407e-01 9.896268e-01 1.034729e-02 2.594761e-05 
8.040201e-01 9.876508e-01 1.231238e-02 3.681258e-05 
9.798995e-01 9.853027e-01 1.464507e-02 5.220708e-05 
1.155779e+00 9.825142e-01 1.741182e-02 7.400575e-05 
1.331658e+00 9.792051e-01 2.069009e-02 1.048497e-04 
1.507538e+00 9.752817e-01 2.456984e-02 1.484535e-04 
1.683417e+00 9.706351e-01 2.915491e-02 2.100310e-04 
1.859296e+00 9.651387e-01 3.456439e-02 2.968821e-04 
2.035176e+00 9.586471e-01 4.093373e-02 4.191987e-04 
2.211055e+00 9.509934e-01 4.841540e-02 5.911608e-04 
2.386935e+00 9.419888e-01 5.717882e-02 8.324165e-04 
2.562814e+00 9.314208e-01 6.740915e-02 1.170059e-03 
2.738693e+00 9.190543e-01 7.930445e-02 1.641232e-03 
2.914573e+00 9.046329e-01 9.307054e-02 2.296509e-03 
3.090452e+00 8.878830e-01 1.089128e-01 3.204190e-03 
3.266332e+00 8.685201e-01 1.270242e-01 4.455633e-03 
3.442211e+00 8.462598e-01 1.475686e-01 6.171633e-03 
3.618090e+00 8.208318e-01 1.706585e-01 8.509763e-03 
3.793970e+00 7.919998e-01 1.963280e-01 1.167227e-02 
3.969849e+00 7.595857e-01 2.245005e-01 1.591380e-02 
4.145729e+00 7.234984e-01 2.549539e-01 2.154773e-02 
4.321608e+00 6.837649e-01 2.872859e-01 2.894928e-02 
4.497487e+00 6.405607e-01 3.208863e-01 3.855299e-02 
4.673367e+00 5.942357e-01 3.549222e-01 5.084210e-02 
4.849246e+00 5.453291e-01 3.883439e-01 6.632699e-02 
5.025126e+00 4.945679e-01 4.199206e-01 8.551149e-02 
5.201005e+00 4.428449e-01 4.483079e-01 1.088472e-01 
5.376884e+00 3.911735e-01 4.721475e-01 1.366790e-01 
5.552764e+00 3.406217e-01 4.901895e-01 1.691888e-01 
5.728643e+00 2.922325e-01 5.014222e-01 2.063453e-01 
5.904523e+00 2.469413e-01 5.051871e-01 2.478716e-01 
6.080402e+00 2.055038e-01 5.012585e-01 2.932377e-01 
6.256281e+00 1.684446e-01 4.898719e-01 3.416835e-01 
6.432161e+00 1.360353e-01 4.716943e-01 3.922704e-01 
6.608040e+00 1.083022e-01 4.477438e-01 4.439540e-01 
6.783920e+00 8.505936e-02 4.192740e-01 4.956666e-01 
6.959799e+00 6.595897e-02 3.876440e-01 5.463970e-01 
7.135678e+00 5.054777e-02 3.541968e-01 5.952554e-01 
7.311558e+00 3.832137e-02 3.201600e-01 6.415186e-01 
7.487437e+00 2.876964e-02 2.865788e-01 6.846516e-01 
7.663317e+00 2.141024e-02 2.542813e-01 7.243084e-01 
7.839196e+00 1.580978e-02 2.238732e-01 7.603170e-01 
8.015075e+00 1.159437e-02 1.957525e-01 7.926532e-01 
8.190955e+00 8.451958e-03 1.701378e-01 8.214103e-01 
8.366834e+00 6.129072e-03 1.471030e-01 8.467679e-01 
8.542714e+00 4.424507e-03 1.266121e-01 8.689634e-01 
8.718593e+00 3.181561e-03 1.085510e-01 8.882674e-01 
8.894472e+00 2.280138e-03 9.275523e-02 9.049646e-01 
9.070352e+00 1.629440e-03 7.903131e-02 9.193393e-01 
9.246231e+00 1.161597e-03 6.717374e-02 9.316647e-01 
9.422111e+00 8.263624e-04 5.697680e-02 9.421968e-01 
9.597990e+00 5.868409e-04 4.824267e-02 9.511705e-01 
9.773869e+00 4.161232e-04 4.078650e-02 9.587974e-01 
9.949749e+00 2.946967e-04 3.443921e-02 9.652661e-01 
1.012563e+01 2.084805e-04 2.904871e-02 9.707428e-01 
1.030151e+01 1.473550e-04 2.447991e-02 9.753727e-01 
1.047739e+01 1.040723e-04 2.061406e-02 9.792819e-01 
1.065327e+01 7.345612e-05 1.734761e-02 9.825789e-01 
1.082915e+01 5.181880e-05 1.459092e-02 9.853573e-01 
1.100503e+01 3.653847e-05 1.226674e-02 9.876967e-01 
1.118090e+01 2.575421e-05 1.030885e-02 9.896654e-01 
1.135678e+01 1.814710e-05 8.660697e-03 9.913212e-01 
1.153266e+01 1.278350e-05 7.274092e-03 9.927131e-01 
1.170854e+01 9.003147e-06 6.108109e-03 9.938829e-01 
1.188442e+01 6.339524e-06 5.128053e-03 9.948656e-01 
1.206030e+01 4.463237e-06 4.304565e-03 9.956910e-01 
1.223618e+01 3.141848e-06 3.612834e-03 9.963840e-01 
1.241206e+01 2.211423e-06 3.031922e-03 9.969659e-01 
1.258794e+01 1.556387e-06 2.544177e-03 9.974543e-01 
1.276382e+01 1.095290e-06 2.134727e-03 9.978642e-01 
1.293970e+01 7.707472e-07 1.791053e-03 9.982082e-01 
1.311558e+01 5.423387e-07 1.502625e-03 9.984968e-01 
1.329146e+01 3.816006e-07 1.260586e-03 9.987390e-01 
1.346734e+01 2.684915e-07 1.057493e-03 9.989422e-01 
1.364322e+01 1.889025e-07 8.870909e-04 9.991127e-01 
1.381910e+01 1.329024e-07 7.441266e-04 9.992557e-01 
1.399497e+01 9.350142e-08 6.241881e-04 9.993757e-01 
1.417085e+01 6.578018e-08 5.235712e-04 9.994764e-01 
1.434673e+01 4.627696e-08 4.391663e-04 9.995608e-01 
1.452261e+01 3.255582e-08 3.683633e-04 9.996316e-01 
1.469849e+01 2.290275e-08 3.089717e-04 9.996910e-01 
1.487437e+01 1.611174e-08 2.591534e-04 9.997408e-01 
1.505025e+01 1.133427e-08 2.173660e-04 9.997826e-01 
1.522613e+01 7.973370e-09 1.823154e-04 9.998177e-01 
1.540201e+01 5.609030e-09 1.529159e-04 9.998471e-01 
1.557789e+01 3.945768e-09 1.282567e-04 9.998717e-01 
1.575377e+01 2.775707e-09 1.075735e-04 9.998924e-01 
1.592965e+01 1.952604e-09 9.022555e-05 9.999098e-01 
1.610553e+01 1.373579e-09 7.567500e-05 9.999243e-01 
1.628141e+01 9.662558e-10 6.347084e-05 9.999365e-01 
1.645729e+01 6.797194e-10 5.323476e-05 9.999468e-01 
1.663317e+01 4.781525e-10 4.464939e-05 9.999554e-01 
1.680905e+01 3.363587e-10 3.744857e-05 9.999626e-01 
1.698492e+01 2.366129e-10 3.140902e-05 9.999686e-01 
1.716080e+01 1.664461e-10 2.634348e-05 9.999737e-01 
1.733668e+01 1.170870e-10 2.209487e-05 9.999779e-01 
1.751256e+01 8.236511e-11 1.853146e-05 9.999815e-01 
1.768844e+01 5.793989e-11 1.554274e-05 9.999845e-01 
1.786432e+01 4.075791e-11 1.303602e-05 9.999870e-01 
1.804020e+01 2.867120e-11 1.093358e-05 9.999891e-01 
1.821608e+01 2.016879e-11 9.170223e-06 9.999908e-01 
1.839196e+01 1.418775e-11 7.691253e-06 9.999923e-01 
1.856784e+01 9.980381e-12 6.450809e-06 9.999935e-01 
1.874372e+01 7.020704e-12 5.410422e-06 9.999946e-01 
1.891960e+01 4.938717e-12 4.537829e-06 9.999955e-01 
1.909548e+01 3.474142e-12 3.805966e-06 9.999962e-01 
1.927136e+01 2.443886e-12 3.192139e-06 9.999968e-01 
1.944724e+01 1.719152e-12 2.677309e-06 9.999973e-01 
1.962312e+01 1.209338e-12 2.245512e-06 9.999978e-01 
1.979899e+01 8.507085e-13 1.883354e-06 9.999981e-01 
1.997487e+01 5.984309e-13 1.579606e-06 9.999984e-01 
2.015075e+01 4.209662e-13 1.324846e-06 9.999987e-01 
2.032663e+01 2.961286e-13 1.111174e-06 9.999989e-01 
2.050251e+01 2.083117e-13 9.319628e-07 9.999991e-01 
2.067839e+01 1.465368e-13 7.816552e-07 9.999992e-01 
2.085427e+01 1.030813e-13 6.555892e-07 9.999993e-01 
2.103015e+01 7.251253e-14 5.498553e-07 9.999995e-01 
2.120603e+01 5.100893e-14 4.611742e-07 9.999995e-01 
2.138191e+01 3.588222e-14 3.867956e-07 9.999996e-01 
2.155779e+01 2.524134e-14 3.244129e-07 9.999997e-01 
2.173367e+01 1.775602e-14 2.720913e-07 9.999997e-01 
2.190955e+01 1.249047e-14 2.282082e-07 9.999998e-01 
2.208543e+01 8.786416e-15 1.914026e-07 9.999998e-01 
2.226131e+01 6.180803e-15 1.605330e-07 9.999998e-01 
2.243719e+01 4.347884e-15 1.346421e-07 9.999999e-01 
2.261307e+01 3.058518e-15 1.129269e-07 9.999999e-01 
2.278894e+01 2.151514e-15 9.471398e-08 9.999999e-01 
2.296482e+01 1.513482e-15 7.943843e-08 9.999999e-01 
2.314070e+01 1.064659e-15 6.662653e-08 9.999999e-01 
2.331658e+01 7.489339e-16 5.588095e-08 9.999999e-01 
2.349246e+01 5.268374e-16 4.686842e-08 1.000000e+00 
2.366834e+01 3.706037e-16 3.930944e-08 1.000000e+00 
2.384422e+01 2.607011e-16 3.296958e-08 1.000000e+00 
2.402010e+01 1.833901e-16 2.765222e-08 1.000000e+00 
2.419598e+01 1.290057e-16 2.319244e-08 1.000000e+00 
2.437186e+01 9.074905e-17 1.945195e-08 1.000000e+00 
2.454774e+01 6.383740e-17 1.631472e-08 1.000000e+00 
2.472362e+01 4.490641e-17 1.368347e-08 1.000000e+00 
2.489950e+01 3.158940e-17 1.147659e-08 1.000000e+00 
2.507538e+01 2.222156e-17 9.625632e-09 1.000000e+00 
2.525126e+01 1.563175e-17 8.073202e-09 1.000000e+00 
2.542714e+01 1.099615e-17 6.771149e-09 1.000000e+00 
2.560302e+01 7.735240e-18 5.679092e-09 1.000000e+00 
2.577889e+01 5.441353e-18 4.763163e-09 1.000000e+00 
2.595477e+01 3.827718e-18 3.994956e-09 1.000000e+00 
2.613065e+01 2.692608e-18 3.350646e-09 1.000000e+00 
2.630653e+01 1.894114e-18 2.810251e-09 1.000000e+00 
2.648241e+01 1.332414e-18 2.357011e-09 1.000000e+00 
2.665829e+01 9.372865e-19 1.976870e-09 1.000000e+00 
2.683417e+01 6.593340e-19 1.658039e-09 1.000000e+00 
2.701005e+01 4.638084e-19 1.390629e-09 1.000000e+00 
2.718593e+01 3.262659e-19 1.166347e-09 1.000000e+00 
2.736181e+01 2.295117e-19 9.782377e-10 1.000000e+00 
2.753769e+01 1.614499e-19 8.204667e-10 1.000000e+00 
2.771357e+01 1.135719e-19 6.881411e-10 1.000000e+00 
2.788945e+01 7.989214e-20 5.771571e-10 1.000000e+00 
2.806533e+01 5.620011e-20 4.840727e-10 1.000000e+00 
2.824121e+01 3.953395e-20 4.060010e-10 1.000000e+00 
2.841709e+01 2.781015e-20 3.405208e-10 1.000000e+00 
2.859296e+01 1.956304e-20 2.856013e-10 1.000000e+00 
2.876884e+01 1.376162e-20 2.395393e-10 1.000000e+00 
2.894472e+01 9.680608e-21 2.009062e-10 1.000000e+00 
2.912060e+01 6.809822e-21 1.685039e-10 1.000000e+00 
2.929648e+01 4.790367e-21 1.413274e-10 1.000000e+00 
2.947236e+01 3.369783e-21 1.185340e-10 1.000000e+00 
2.964824e+01 2.370473e-21 9.941674e-11 1.000000e+00 
2.982412e+01 1.667509e-21 8.338272e-11 1.000000e+00 
3.000000e+01 1.173009e-21 6.993468e-11 1.000000e+00 
