#E                   4            5            6            7            8 
-5.000000e+00 9.999998e-01 1.923230e-07 1.145573e-14 2.061523e-22 1.323359e-30 
-4.824121e+00 9.999998e-01 2.293057e-07 1.628506e-14 3.494126e-22 2.674309e-30 
-4.648241e+00 9.999997e-01 2.733998e-07 2.315029e-14 5.922280e-22 5.404373e-30 
-4.472362e+00 9.999997e-01 3.259730e-07 3.290965e-14 1.003782e-21 1.092142e-29 
-4.296482e+00 9.999996e-01 3.886557e-07 4.678322e-14 1.701334e-21 2.207054e-29 
-4.120603e+00 9.999995e-01 4.633919e-07 6.650541e-14 2.883633e-21 4.460121e-29 
-3.944724e+00 9.999994e-01 5.524995e-07 9.454180e-14 4.887539e-21 9.013229e-29 
-3.768844e+00 9.999993e-01 6.587419e-07 1.343974e-13 8.284009e-21 1.821437e-28 
-3.592965e+00 9.999992e-01 7.854141e-07 1.910546e-13 1.404077e-20 3.680848e-28 
-3.417085e+00 9.999991e-01 9.364446e-07 2.715966e-13 2.379804e-20 7.438437e-28 
-3.241206e+00 9.999989e-01 1.116517e-06 3.860924e-13 4.033587e-20 1.503195e-27 
-3.065327e+00 9.999987e-01 1.331217e-06 5.488555e-13 6.836624e-20 3.037730e-27 
-2.889447e+00 9.999984e-01 1.587202e-06 7.802339e-13 1.158756e-19 6.138790e-27 
-2.713568e+00 9.999981e-01 1.892411e-06 1.109153e-12 1.964003e-19 1.240556e-26 
-2.537688e+00 9.999977e-01 2.256310e-06 1.576734e-12 3.328836e-19 2.506976e-26 
-2.361809e+00 9.999973e-01 2.690184e-06 2.241429e-12 5.642122e-19 5.066217e-26 
-2.185930e+00 9.999968e-01 3.207490e-06 3.186337e-12 9.562967e-19 1.023805e-25 
-2.010050e+00 9.999962e-01 3.824269e-06 4.529585e-12 1.620850e-18 2.068954e-25 
-1.834171e+00 9.999954e-01 4.559651e-06 6.439097e-12 2.747216e-18 4.181040e-25 
-1.658291e+00 9.999946e-01 5.436440e-06 9.153591e-12 4.656319e-18 8.449243e-25 
-1.482412e+00 9.999935e-01 6.481830e-06 1.301242e-11 7.892101e-18 1.707462e-24 
-1.306533e+00 9.999923e-01 7.728239e-06 1.849798e-11 1.337650e-17 3.450519e-24 
-1.130653e+00 9.999908e-01 9.214321e-06 2.629605e-11 2.267212e-17 6.972966e-24 
-9.547739e-01 9.999890e-01 1.098616e-05 3.738150e-11 3.842747e-17 1.409128e-23 
-7.788945e-01 9.999869e-01 1.309871e-05 5.314014e-11 6.513152e-17 2.847630e-23 
-6.030151e-01 9.999844e-01 1.561748e-05 7.554200e-11 1.103927e-16 5.754614e-23 
-4.271357e-01 9.999814e-01 1.862057e-05 1.073876e-10 1.871068e-16 1.162917e-22 
-2.512563e-01 9.999778e-01 2.220112e-05 1.526580e-10 3.171307e-16 2.350071e-22 
-7.537688e-02 9.999735e-01 2.647016e-05 2.170124e-10 5.375103e-16 4.749117e-22 
1.005025e-01 9.999684e-01 3.156006e-05 3.084957e-10 9.110347e-16 9.597199e-22 
2.763819e-01 9.999624e-01 3.762865e-05 4.385443e-10 1.544126e-15 1.939437e-21 
4.522613e-01 9.999551e-01 4.486410e-05 6.234149e-10 2.617158e-15 3.919280e-21 
6.281407e-01 9.999465e-01 5.349074e-05 8.862176e-10 4.435846e-15 7.920204e-21 
8.040201e-01 9.999362e-01 6.377605e-05 1.259803e-09 7.518347e-15 1.600537e-20 
9.798995e-01 9.999240e-01 7.603889e-05 1.790871e-09 1.274287e-14 3.234404e-20 
1.155779e+00 9.999093e-01 9.065940e-05 2.545804e-09 2.159789e-14 6.536145e-20 
1.331658e+00 9.998919e-01 1.080908e-04 3.618964e-09 3.660616e-14 1.320833e-19 
1.507538e+00 9.998711e-01 1.288734e-04 5.144488e-09 6.204339e-14 2.669148e-19 
1.683417e+00 9.998463e-01 1.536512e-04 7.313045e-09 1.051563e-13 5.393811e-19 
1.859296e+00 9.998168e-01 1.831920e-04 1.039567e-08 1.782266e-13 1.089975e-18 
2.035176e+00 9.997816e-01 2.184111e-04 1.477760e-08 3.020701e-13 2.202598e-18 
2.211055e+00 9.997396e-01 2.603993e-04 2.100645e-08 5.119644e-13 4.450930e-18 
2.386935e+00 9.996895e-01 3.104570e-04 2.986055e-08 8.676976e-13 8.994206e-18 
2.562814e+00 9.996298e-01 3.701341e-04 4.244619e-08 1.470594e-12 1.817484e-17 
2.738693e+00 9.995587e-01 4.412773e-04 6.033575e-08 2.492368e-12 3.672600e-17 
2.914573e+00 9.994738e-01 5.260877e-04 8.576395e-08 4.224018e-12 7.421138e-17 
3.090452e+00 9.993727e-01 6.271879e-04 1.219067e-07 7.158667e-12 1.499548e-16 
3.266332e+00 9.992521e-01 7.477023e-04 1.732775e-07 1.213194e-11 3.029994e-16 
3.442211e+00 9.991084e-01 8.913530e-04 2.462899e-07 2.055976e-11 6.122279e-16 
3.618090e+00 9.989371e-01 1.062573e-03 3.500572e-07 3.484126e-11 1.237008e-15 
3.793970e+00 9.987329e-01 1.266640e-03 4.975276e-07 5.904124e-11 2.499295e-15 
3.969849e+00 9.984895e-01 1.509840e-03 7.070958e-07 1.000460e-10 5.049466e-15 
4.145729e+00 9.981993e-01 1.799651e-03 1.004891e-06 1.695212e-10 1.020124e-14 
4.321608e+00 9.978536e-01 2.144970e-03 1.428024e-06 2.872262e-10 2.060803e-14 
4.497487e+00 9.974416e-01 2.556379e-03 2.029191e-06 4.866256e-10 4.162851e-14 
4.673367e+00 9.969507e-01 3.046456e-03 2.883208e-06 8.243878e-10 8.408351e-14 
4.849246e+00 9.963658e-01 3.630141e-03 4.096265e-06 1.396455e-09 1.698204e-13 
5.025126e+00 9.956690e-01 4.325170e-03 5.819038e-06 2.365231e-09 3.429413e-13 
5.201005e+00 9.948392e-01 5.152577e-03 8.265249e-06 4.005547e-09 6.924549e-13 
5.376884e+00 9.938510e-01 6.137286e-03 1.173792e-05 6.782356e-09 1.397957e-12 
5.552764e+00 9.926745e-01 7.308789e-03 1.666648e-05 1.148197e-08 2.821715e-12 
5.728643e+00 9.912744e-01 8.701935e-03 2.365907e-05 1.943363e-08 5.694215e-12 
5.904523e+00 9.896086e-01 1.035783e-02 3.357640e-05 3.288318e-08 1.148781e-11 
6.080402e+00 9.876274e-01 1.232486e-02 4.763550e-05 5.562293e-08 2.316865e-11 
6.256281e+00 9.852725e-01 1.465982e-02 6.755552e-05 9.405187e-08 4.670870e-11 
6.432161e+00 9.824749e-01 1.742919e-02 9.576192e-05 1.589582e-07 9.412320e-11 
6.608040e+00 9.791536e-01 2.071047e-02 1.356717e-04 2.685113e-07 1.895657e-10 
6.783920e+00 9.752138e-01 2.459362e-02 1.920901e-04 4.532752e-07 3.815423e-10 
6.959799e+00 9.705450e-01 2.918245e-02 2.717614e-04 7.645892e-07 7.673480e-10 
7.135678e+00 9.650186e-01 3.459595e-02 3.841269e-04 1.288542e-06 1.541864e-09 
7.311558e+00 9.584861e-01 4.096933e-02 5.423651e-04 2.169197e-06 3.094782e-09 
7.487437e+00 9.507769e-01 4.845461e-02 7.648063e-04 3.647054e-06 6.203785e-09 
7.663317e+00 9.416966e-01 5.722041e-02 1.076839e-03 6.122445e-06 1.241718e-08 
7.839196e+00 9.310258e-01 6.745049e-02 1.513451e-03 1.025949e-05 2.480889e-08 
8.015075e+00 9.185197e-01 7.934057e-02 2.122570e-03 1.715549e-05 4.946158e-08 
8.190955e+00 9.039093e-01 9.309260e-02 2.969377e-03 2.861474e-05 9.836445e-08 
8.366834e+00 8.869047e-01 1.089057e-01 4.141754e-03 4.758743e-05 1.950402e-07 
8.542714e+00 8.672009e-01 1.269629e-01 5.756970e-03 7.886519e-05 3.853902e-07 
8.718593e+00 8.444872e-01 1.474123e-01 7.969558e-03 1.301695e-04 7.584165e-07 
8.894472e+00 8.184622e-01 1.703424e-01 1.098011e-02 2.138282e-04 1.485413e-06 
9.070352e+00 7.888528e-01 1.957508e-01 1.504426e-02 3.493113e-04 2.893199e-06 
9.246231e+00 7.554400e-01 2.235069e-01 2.048056e-02 5.669791e-04 5.599072e-06 
9.422111e+00 7.180901e-01 2.533106e-01 2.767501e-02 9.134745e-04 1.075546e-05 
9.597990e+00 6.767905e-01 2.846506e-01 3.707916e-02 1.459224e-03 2.048510e-05 
9.773869e+00 6.316862e-01 3.167691e-01 4.919761e-02 2.308445e-03 3.863839e-05 
9.949749e+00 5.831148e-01 3.486413e-01 6.456000e-02 3.611791e-03 7.207845e-05 
1.012563e+01 5.316309e-01 3.789819e-01 8.367323e-02 5.581219e-03 1.327992e-04 
1.030151e+01 4.780149e-01 4.062872e-01 1.069510e-01 8.505711e-03 2.413017e-04 
1.047739e+01 4.232577e-01 4.289237e-01 1.346217e-01 1.276511e-02 4.317752e-04 
1.065327e+01 3.685171e-01 4.452626e-01 1.666229e-01 1.883769e-02 7.597037e-04 
1.082915e+01 3.150445e-01 4.538517e-01 2.024957e-01 2.729557e-02 1.312479e-03 
1.100503e+01 2.640894e-01 4.536036e-01 2.413025e-01 3.878123e-02 2.223336e-03 
1.118090e+01 2.167919e-01 4.439684e-01 2.815923e-01 5.395902e-02 3.688341e-03 
1.135678e+01 1.740818e-01 4.250557e-01 3.214387e-01 7.343867e-02 5.985153e-03 
1.153266e+01 1.366004e-01 3.976745e-01 3.585614e-01 9.767280e-02 9.490903e-03 
1.170854e+01 1.046593e-01 3.632762e-01 3.905315e-01 1.268381e-01 1.469491e-02 
1.188442e+01 7.824202e-02 3.238045e-01 4.150357e-01 1.607173e-01 2.220053e-02 
1.206030e+01 5.704517e-02 2.814784e-01 4.301611e-01 1.986057e-01 3.270965e-02 
1.223618e+01 4.054742e-02 2.385464e-01 4.346528e-01 2.392690e-01 4.698444e-02 
1.241206e+01 2.809270e-02 1.970546e-01 4.280945e-01 2.809745e-01 6.578368e-02 
1.258794e+01 1.897164e-02 1.586651e-01 4.109773e-01 3.216093e-01 8.977663e-02 
1.276382e+01 1.249032e-02 1.245471e-01 3.846392e-01 3.588789e-01 1.194444e-01 
1.293970e+01 8.019836e-03 9.534743e-02 3.510850e-01 3.905620e-01 1.549857e-01 
1.311558e+01 5.025060e-03 7.123086e-02 3.127195e-01 4.147784e-01 1.962461e-01 
1.329146e+01 3.075112e-03 5.197223e-02 2.720455e-01 4.302156e-01 2.426915e-01 
1.346734e+01 1.839845e-03 3.707447e-02 2.313815e-01 4.362714e-01 2.934328e-01 
1.364322e+01 1.077572e-03 2.588950e-02 1.926464e-01 4.330842e-01 3.473023e-01 
1.381910e+01 6.186915e-04 1.772291e-02 1.572373e-01 4.214543e-01 4.029668e-01 
1.399497e+01 3.487667e-04 1.191185e-02 1.260037e-01 4.026815e-01 4.590542e-01 
1.417085e+01 1.933439e-04 7.873322e-03 9.929915e-02 3.783619e-01 5.142723e-01 
1.434673e+01 1.055773e-04 5.126034e-03 7.708190e-02 3.501852e-01 5.675013e-01 
1.452261e+01 5.687921e-05 3.292669e-03 5.903404e-02 3.197653e-01 6.178512e-01 
1.469849e+01 3.027962e-05 2.089914e-03 4.467517e-02 2.885217e-01 6.646829e-01 
1.487437e+01 1.595111e-05 1.312660e-03 3.345597e-02 2.576139e-01 7.076015e-01 
1.505025e+01 8.326374e-06 8.169601e-04 2.482593e-02 2.279212e-01 7.464276e-01 
1.522613e+01 4.311948e-06 5.044311e-04 1.827638e-02 2.000565e-01 7.811584e-01 
1.540201e+01 2.217772e-06 3.093347e-04 1.336289e-02 1.744000e-01 8.119256e-01 
1.557789e+01 1.133980e-06 1.885823e-04 9.713057e-03 1.511421e-01 8.389551e-01 
1.575377e+01 5.769103e-07 1.143897e-04 7.024664e-03 1.303282e-01 8.625321e-01 
1.592965e+01 2.922446e-07 6.908897e-05 5.058604e-03 1.118992e-01 8.829728e-01 
1.610553e+01 1.475023e-07 4.157615e-05 3.629525e-03 9.572594e-02 9.006028e-01 
1.628141e+01 7.421723e-08 2.494215e-05 2.596108e-03 8.163681e-02 9.157421e-01 
1.645729e+01 3.724522e-08 1.492392e-05 1.852061e-03 6.943879e-02 9.286942e-01 
1.663317e+01 1.864970e-08 8.909798e-06 1.318329e-03 5.893237e-02 9.397404e-01 
1.680905e+01 9.320918e-09 5.309310e-06 9.366501e-04 4.992189e-02 9.491361e-01 
1.698492e+01 4.651128e-09 3.158793e-06 6.644219e-04 4.222222e-02 9.571102e-01 
1.716080e+01 2.317815e-09 1.876831e-06 4.706860e-04 3.566250e-02 9.638649e-01 
1.733668e+01 1.153749e-09 1.113887e-06 3.330664e-04 3.008810e-02 9.695777e-01 
1.751256e+01 5.737643e-10 6.604603e-07 2.354614e-04 2.536105e-02 9.744028e-01 
1.768844e+01 2.851086e-10 3.912974e-07 1.663273e-04 2.135966e-02 9.784736e-01 
1.786432e+01 1.415783e-10 2.316738e-07 1.174132e-04 1.797758e-02 9.819048e-01 
1.804020e+01 7.026502e-11 1.370890e-07 8.283734e-05 1.512251e-02 9.847945e-01 
1.821608e+01 3.485592e-11 8.108185e-08 5.841582e-05 1.271487e-02 9.872266e-01 
1.839196e+01 1.728390e-11 4.793716e-08 4.117775e-05 1.068630e-02 9.892725e-01 
1.856784e+01 8.567666e-12 2.833195e-08 2.901685e-05 8.978389e-03 9.909926e-01 
1.874372e+01 4.245822e-12 1.674014e-08 2.044167e-05 7.541332e-03 9.924382e-01 
1.891960e+01 2.103581e-12 9.888718e-09 1.439729e-05 6.332800e-03 9.936528e-01 
1.909548e+01 1.042008e-12 5.840302e-09 1.013817e-05 5.316894e-03 9.946730e-01 
1.927136e+01 5.160729e-13 3.448727e-09 7.137834e-06 4.463221e-03 9.955296e-01 
1.944724e+01 2.555589e-13 2.036208e-09 5.024735e-06 3.746093e-03 9.962489e-01 
1.962312e+01 1.265378e-13 1.202084e-09 3.536791e-06 3.143824e-03 9.968526e-01 
1.979899e+01 6.264799e-14 7.095863e-10 2.489219e-06 2.638126e-03 9.973594e-01 
1.997487e+01 3.101405e-14 4.188322e-10 1.751788e-06 2.213590e-03 9.977847e-01 
2.015075e+01 1.535253e-14 2.471980e-10 1.232735e-06 1.857244e-03 9.981415e-01 
2.032663e+01 7.599350e-15 1.458898e-10 8.674275e-07 1.558174e-03 9.984410e-01 
2.050251e+01 3.761421e-15 8.609617e-11 6.103452e-07 1.307199e-03 9.986922e-01 
2.067839e+01 1.861700e-15 5.080718e-11 4.294378e-07 1.096604e-03 9.989030e-01 
2.085427e+01 9.214098e-16 2.998138e-11 3.021414e-07 9.199057e-04 9.990798e-01 
2.103015e+01 4.560196e-16 1.769154e-11 2.125729e-07 7.716571e-04 9.992281e-01 
2.120603e+01 2.256856e-16 1.043925e-11 1.495530e-07 6.472842e-04 9.993526e-01 
2.138191e+01 1.116903e-16 6.159770e-12 1.052140e-07 5.429463e-04 9.994569e-01 
2.155779e+01 5.527383e-17 3.634563e-12 7.401924e-08 4.554193e-04 9.995445e-01 
2.173367e+01 2.735380e-17 2.144538e-12 5.207264e-08 3.819970e-04 9.996180e-01 
2.190955e+01 1.353663e-17 1.265348e-12 3.663275e-08 3.204079e-04 9.996796e-01 
2.208543e+01 6.698835e-18 7.465901e-13 2.577063e-08 2.687461e-04 9.997312e-01 
2.226131e+01 3.315006e-18 4.405048e-13 1.812913e-08 2.254123e-04 9.997746e-01 
2.243719e+01 1.640462e-18 2.599059e-13 1.275340e-08 1.890645e-04 9.998109e-01 
2.261307e+01 8.117937e-19 1.533483e-13 8.971647e-09 1.585768e-04 9.998414e-01 
2.278894e+01 4.017196e-19 9.047733e-14 6.311265e-09 1.330048e-04 9.998670e-01 
2.296482e+01 1.987918e-19 5.338248e-14 4.439753e-09 1.115561e-04 9.998884e-01 
2.314070e+01 9.837223e-20 3.149606e-14 3.123199e-09 9.356591e-05 9.999064e-01 
2.331658e+01 4.867941e-20 1.858285e-14 2.197047e-09 7.847670e-05 9.999215e-01 
2.349246e+01 2.408890e-20 1.096396e-14 1.545532e-09 6.582074e-05 9.999342e-01 
2.366834e+01 1.192032e-20 6.468771e-15 1.087216e-09 5.520570e-05 9.999448e-01 
2.384422e+01 5.898721e-21 3.816588e-15 7.648084e-10 4.630249e-05 9.999537e-01 
2.402010e+01 2.918954e-21 2.251792e-15 5.380083e-10 3.883508e-05 9.999612e-01 
2.419598e+01 1.444429e-21 1.328558e-15 3.784642e-10 3.257192e-05 9.999674e-01 
2.437186e+01 7.147673e-22 7.838491e-16 2.662319e-10 2.731884e-05 9.999727e-01 
2.454774e+01 3.536981e-22 4.624705e-16 1.872816e-10 2.291293e-05 9.999771e-01 
2.472362e+01 1.750252e-22 2.728571e-16 1.317437e-10 1.921759e-05 9.999808e-01 
2.489950e+01 8.661001e-23 1.609853e-16 9.267537e-11 1.611821e-05 9.999839e-01 
2.507538e+01 4.285835e-23 9.498107e-17 6.519264e-11 1.351868e-05 9.999865e-01 
2.525126e+01 2.120814e-23 5.603865e-17 4.585985e-11 1.133840e-05 9.999887e-01 
2.542714e+01 1.049469e-23 3.306268e-17 3.226016e-11 9.509754e-06 9.999905e-01 
2.560302e+01 5.193216e-24 1.950691e-17 2.269344e-11 7.976025e-06 9.999920e-01 
2.577889e+01 2.569823e-24 1.150903e-17 1.596371e-11 6.689653e-06 9.999933e-01 
2.595477e+01 1.271657e-24 6.790296e-18 1.122968e-11 5.610746e-06 9.999944e-01 
2.613065e+01 6.292691e-25 4.006257e-18 7.899525e-12 4.705844e-06 9.999953e-01 
2.630653e+01 3.113888e-25 2.363680e-18 5.556923e-12 3.946885e-06 9.999961e-01 
2.648241e+01 1.540882e-25 1.394565e-18 3.909019e-12 3.310330e-06 9.999967e-01 
2.665829e+01 7.624929e-26 8.227891e-19 2.749800e-12 2.776438e-06 9.999972e-01 
2.683417e+01 3.773134e-26 4.854431e-19 1.934347e-12 2.328653e-06 9.999977e-01 
2.701005e+01 1.867104e-26 2.864100e-19 1.360716e-12 1.953087e-06 9.999980e-01 
2.718593e+01 9.239211e-27 1.689810e-19 9.571960e-13 1.638092e-06 9.999984e-01 
2.736181e+01 4.571947e-27 9.969829e-20 6.733395e-13 1.373899e-06 9.999986e-01 
2.753769e+01 2.262390e-27 5.882169e-20 4.736606e-13 1.152316e-06 9.999988e-01 
2.771357e+01 1.119525e-27 3.470461e-20 3.331965e-13 9.664694e-07 9.999990e-01 
2.788945e+01 5.539876e-28 2.047561e-20 2.343871e-13 8.105965e-07 9.999992e-01 
2.806533e+01 2.741361e-28 1.208055e-20 1.648795e-13 6.798629e-07 9.999993e-01 
2.824121e+01 1.356540e-28 7.127485e-21 1.159845e-13 5.702141e-07 9.999994e-01 
2.841709e+01 6.712724e-29 4.205193e-21 8.158927e-14 4.782495e-07 9.999995e-01 
2.859296e+01 3.321735e-29 2.481051e-21 5.739396e-14 4.011170e-07 9.999996e-01 
2.876884e+01 1.643733e-29 1.463812e-21 4.037377e-14 3.364245e-07 9.999997e-01 
2.894472e+01 8.133874e-30 8.636445e-22 2.840092e-14 2.821657e-07 9.999997e-01 
2.912060e+01 4.024979e-30 5.095475e-22 1.997862e-14 2.366578e-07 9.999998e-01 
2.929648e+01 1.991727e-30 3.006314e-22 1.405396e-14 1.984894e-07 9.999998e-01 
2.947236e+01 9.855895e-31 1.773716e-22 9.886254e-15 1.664769e-07 9.999998e-01 
2.964824e+01 4.877107e-31 1.046487e-22 6.954483e-15 1.396274e-07 9.999999e-01 
2.982412e+01 2.413395e-31 6.174237e-23 4.892130e-15 1.171081e-07 9.999999e-01 
3.000000e+01 1.194248e-31 3.642780e-23 3.441368e-15 9.822084e-08 9.999999e-01 
