#E                   6            7            8 
-5.000000e+00 1.000000e+00 4.086281e-08 3.443840e-16 
-4.824121e+00 1.000000e+00 4.872050e-08 4.895644e-16 
-4.648241e+00 9.999999e-01 5.808917e-08 6.959479e-16 
-4.472362e+00 9.999999e-01 6.925938e-08 9.893356e-16 
-4.296482e+00 9.999999e-01 8.257756e-08 1.406405e-15 
-4.120603e+00 9.999999e-01 9.845675e-08 1.999298e-15 
-3.944724e+00 9.999999e-01 1.173894e-07 2.842133e-15 
-3.768844e+00 9.999999e-01 1.399627e-07 4.040278e-15 
-3.592965e+00 9.999998e-01 1.668768e-07 5.743520e-15 
-3.417085e+00 9.999998e-01 1.989662e-07 8.164790e-15 
-3.241206e+00 9.999998e-01 2.372262e-07 1.160678e-14 
-3.065327e+00 9.999997e-01 2.828435e-07 1.649980e-14 
-2.889447e+00 9.999997e-01 3.372326e-07 2.345555e-14 
-2.713568e+00 9.999996e-01 4.020805e-07 3.334360e-14 
-2.537688e+00 9.999995e-01 4.793982e-07 4.740012e-14 
-2.361809e+00 9.999994e-01 5.715837e-07 6.738237e-14 
-2.185930e+00 9.999993e-01 6.814959e-07 9.578844e-14 
-2.010050e+00 9.999992e-01 8.125435e-07 1.361695e-13 
-1.834171e+00 9.999990e-01 9.687908e-07 1.935739e-13 
-1.658291e+00 9.999988e-01 1.155083e-06 2.751779e-13 
-1.482412e+00 9.999986e-01 1.377199e-06 3.911834e-13 
-1.306533e+00 9.999984e-01 1.642026e-06 5.560927e-13 
-1.130653e+00 9.999980e-01 1.957778e-06 7.905220e-13 
-9.547739e-01 9.999977e-01 2.334246e-06 1.123779e-12 
-7.788945e-01 9.999972e-01 2.783107e-06 1.597524e-12 
-6.030151e-01 9.999967e-01 3.318281e-06 2.270984e-12 
-4.271357e-01 9.999960e-01 3.956365e-06 3.228351e-12 
-2.512563e-01 9.999953e-01 4.717147e-06 4.589309e-12 
-7.537688e-02 9.999944e-01 5.624223e-06 6.523998e-12 
1.005025e-01 9.999933e-01 6.705721e-06 9.274281e-12 
2.763819e-01 9.999920e-01 7.995182e-06 1.318398e-11 
4.522613e-01 9.999905e-01 9.532595e-06 1.874187e-11 
6.281407e-01 9.999886e-01 1.136564e-05 2.664274e-11 
8.040201e-01 9.999864e-01 1.355115e-05 3.787432e-11 
9.798995e-01 9.999838e-01 1.615692e-05 5.384070e-11 
1.155779e+00 9.999807e-01 1.926375e-05 7.653784e-11 
1.331658e+00 9.999770e-01 2.296797e-05 1.088032e-10 
1.507538e+00 9.999726e-01 2.738446e-05 1.546701e-10 
1.683417e+00 9.999673e-01 3.265016e-05 2.198726e-10 
1.859296e+00 9.999611e-01 3.892835e-05 3.125614e-10 
2.035176e+00 9.999536e-01 4.641370e-05 4.443231e-10 
2.211055e+00 9.999447e-01 5.533830e-05 6.316289e-10 
2.386935e+00 9.999340e-01 6.597883e-05 8.978923e-10 
2.562814e+00 9.999213e-01 7.866518e-05 1.276397e-09 
2.738693e+00 9.999062e-01 9.379063e-05 1.814454e-09 
2.914573e+00 9.998882e-01 1.118240e-04 2.579319e-09 
3.090452e+00 9.998667e-01 1.333243e-04 3.666592e-09 
3.266332e+00 9.998410e-01 1.589577e-04 5.212168e-09 
3.442211e+00 9.998105e-01 1.895185e-04 7.409212e-09 
3.618090e+00 9.997740e-01 2.259536e-04 1.053230e-08 
3.793970e+00 9.997306e-01 2.693915e-04 1.497170e-08 
3.969849e+00 9.996788e-01 3.211773e-04 2.128215e-08 
4.145729e+00 9.996171e-01 3.829142e-04 3.025210e-08 
4.321608e+00 9.995434e-01 4.565127e-04 4.300218e-08 
4.497487e+00 9.994557e-01 5.442497e-04 6.112506e-08 
4.673367e+00 9.993511e-01 6.488379e-04 8.688418e-08 
4.849246e+00 9.992264e-01 7.735092e-04 1.234962e-07 
5.025126e+00 9.990777e-01 9.221133e-04 1.755318e-07 
5.201005e+00 9.989005e-01 1.099235e-03 2.494857e-07 
5.376884e+00 9.986893e-01 1.310335e-03 3.545852e-07 
5.552764e+00 9.984376e-01 1.561911e-03 5.039391e-07 
5.728643e+00 9.981376e-01 1.861698e-03 7.161673e-07 
5.904523e+00 9.977801e-01 2.218897e-03 1.017714e-06 
6.080402e+00 9.973541e-01 2.644449e-03 1.446130e-06 
6.256281e+00 9.968466e-01 3.151356e-03 2.054722e-06 
6.432161e+00 9.962420e-01 3.755065e-03 2.919151e-06 
6.608040e+00 9.955219e-01 4.473907e-03 4.146765e-06 
6.783920e+00 9.946645e-01 5.329619e-03 5.889821e-06 
6.959799e+00 9.936437e-01 6.347953e-03 8.364174e-06 
7.135678e+00 9.924288e-01 7.559373e-03 1.187568e-05 
7.311558e+00 9.909833e-01 8.999870e-03 1.685747e-05 
7.487437e+00 9.892642e-01 1.071188e-02 2.392244e-05 
7.663317e+00 9.872207e-01 1.274533e-02 3.393706e-05 
7.839196e+00 9.847931e-01 1.515881e-02 4.812513e-05 
8.015075e+00 9.819109e-01 1.802087e-02 6.821280e-05 
8.190955e+00 9.784920e-01 2.141137e-02 9.663134e-05 
8.366834e+00 9.744403e-01 2.542294e-02 1.367990e-04 
8.542714e+00 9.696441e-01 3.016244e-02 1.935115e-04 
8.718593e+00 9.639743e-01 3.575222e-02 2.734808e-04 
8.894472e+00 9.572827e-01 4.233126e-02 3.860722e-04 
9.070352e+00 9.494000e-01 5.005571e-02 5.443077e-04 
9.246231e+00 9.401351e-01 5.909873e-02 7.662180e-04 
9.422111e+00 9.292743e-01 6.964906e-02 1.076646e-03 
9.597990e+00 9.165824e-01 8.190799e-02 1.509619e-03 
9.773869e+00 9.018047e-01 9.608392e-02 2.111423e-03 
9.949749e+00 8.846717e-01 1.123838e-01 2.944502e-03 
1.012563e+01 8.649068e-01 1.310009e-01 4.092286e-03 
1.030151e+01 8.422372e-01 1.520978e-01 5.664975e-03 
1.047739e+01 8.164095e-01 1.757843e-01 7.806179e-03 
1.065327e+01 7.872095e-01 2.020904e-01 1.070010e-02 
1.082915e+01 7.544862e-01 2.309352e-01 1.457859e-02 
1.100503e+01 7.181798e-01 2.620931e-01 1.972715e-02 
1.118090e+01 6.783502e-01 2.951616e-01 2.648818e-02 
1.135678e+01 6.352044e-01 3.295359e-01 3.525969e-02 
1.153266e+01 5.891165e-01 3.643963e-01 4.648717e-02 
1.170854e+01 5.406382e-01 3.987153e-01 6.064647e-02 
1.188442e+01 4.904917e-01 4.312919e-01 7.821632e-02 
1.206030e+01 4.395449e-01 4.608147e-01 9.964047e-02 
1.223618e+01 3.887655e-01 4.859530e-01 1.252816e-01 
1.241206e+01 3.391598e-01 5.054689e-01 1.553713e-01 
1.258794e+01 2.917007e-01 5.183355e-01 1.899638e-01 
1.276382e+01 2.472553e-01 5.238447e-01 2.289000e-01 
1.293970e+01 2.065230e-01 5.216856e-01 2.717913e-01 
1.311558e+01 1.699925e-01 5.119807e-01 3.180268e-01 
1.329146e+01 1.379227e-01 4.952711e-01 3.668062e-01 
1.346734e+01 1.103496e-01 4.724560e-01 4.171944e-01 
1.364322e+01 8.711405e-02 4.446951e-01 4.681908e-01 
1.381910e+01 6.790478e-02 4.132929e-01 5.188023e-01 
1.399497e+01 5.230755e-02 3.795819e-01 5.681106e-01 
1.417085e+01 3.985376e-02 3.448211e-01 6.153252e-01 
1.434673e+01 3.006227e-02 3.101199e-01 6.598178e-01 
1.452261e+01 2.247158e-02 2.763917e-01 7.011368e-01 
1.469849e+01 1.666136e-02 2.443348e-01 7.390038e-01 
1.487437e+01 1.226432e-02 2.144381e-01 7.732976e-01 
1.505025e+01 8.970193e-03 1.870008e-01 8.040290e-01 
1.522613e+01 6.524203e-03 1.621633e-01 8.313125e-01 
1.540201e+01 4.722086e-03 1.399402e-01 8.553377e-01 
1.557789e+01 3.403328e-03 1.202530e-01 8.763437e-01 
1.575377e+01 2.443936e-03 1.029593e-01 8.945968e-01 
1.592965e+01 1.749505e-03 8.787681e-02 9.103737e-01 
1.610553e+01 1.249040e-03 7.480294e-02 9.239480e-01 
1.628141e+01 8.896997e-04 6.352862e-02 9.355817e-01 
1.645729e+01 6.325066e-04 5.384860e-02 9.455189e-01 
1.663317e+01 4.489196e-04 4.556815e-02 9.539829e-01 
1.680905e+01 3.181731e-04 3.850700e-02 9.611748e-01 
1.698492e+01 2.252389e-04 3.250148e-02 9.672733e-01 
1.716080e+01 1.592898e-04 2.740509e-02 9.724356e-01 
1.733668e+01 1.125552e-04 2.308832e-02 9.767991e-01 
1.751256e+01 7.947553e-05 1.943764e-02 9.804829e-01 
1.768844e+01 5.608419e-05 1.635438e-02 9.835895e-01 
1.786432e+01 3.955740e-05 1.375323e-02 9.862072e-01 
1.804020e+01 2.788884e-05 1.156088e-02 9.884112e-01 
1.821608e+01 1.965521e-05 9.714524e-03 9.902658e-01 
1.839196e+01 1.384823e-05 8.160590e-03 9.918256e-01 
1.856784e+01 9.754411e-06 6.853491e-03 9.931368e-01 
1.874372e+01 6.869351e-06 5.754532e-03 9.942386e-01 
1.891960e+01 4.836742e-06 4.830929e-03 9.951642e-01 
1.909548e+01 3.405063e-06 4.054958e-03 9.959416e-01 
1.927136e+01 2.396861e-06 3.403200e-03 9.965944e-01 
1.944724e+01 1.686998e-06 2.855898e-03 9.971424e-01 
1.962312e+01 1.187266e-06 2.396402e-03 9.976024e-01 
1.979899e+01 8.355053e-07 2.010686e-03 9.979885e-01 
1.997487e+01 5.879268e-07 1.686948e-03 9.983125e-01 
2.015075e+01 4.136896e-07 1.415261e-03 9.985843e-01 
2.032663e+01 2.910763e-07 1.187278e-03 9.988124e-01 
2.050251e+01 2.047968e-07 9.959832e-04 9.990038e-01 
2.067839e+01 1.440874e-07 8.354844e-04 9.991644e-01 
2.085427e+01 1.013719e-07 7.008312e-04 9.992991e-01 
2.103015e+01 7.131813e-08 5.878670e-04 9.994121e-01 
2.120603e+01 5.017348e-08 4.931021e-04 9.995068e-01 
2.138191e+01 3.529733e-08 4.136070e-04 9.995864e-01 
2.155779e+01 2.483156e-08 3.469233e-04 9.996531e-01 
2.173367e+01 1.746873e-08 2.909875e-04 9.997090e-01 
2.190955e+01 1.228895e-08 2.440682e-04 9.997559e-01 
2.208543e+01 8.645001e-09 2.047127e-04 9.997953e-01 
2.226131e+01 6.081525e-09 1.717022e-04 9.998283e-01 
2.243719e+01 4.278166e-09 1.440139e-04 9.998560e-01 
2.261307e+01 3.009545e-09 1.207900e-04 9.998792e-01 
2.278894e+01 2.117105e-09 1.013109e-04 9.998987e-01 
2.296482e+01 1.489301e-09 8.497274e-05 9.999150e-01 
2.314070e+01 1.047663e-09 7.126924e-05 9.999287e-01 
2.331658e+01 7.369867e-10 5.977556e-05 9.999402e-01 
2.349246e+01 5.184381e-10 5.013539e-05 9.999499e-01 
2.366834e+01 3.646981e-10 4.204985e-05 9.999579e-01 
2.384422e+01 2.565486e-10 3.526825e-05 9.999647e-01 
2.402010e+01 1.804701e-10 2.958033e-05 9.999704e-01 
2.419598e+01 1.269522e-10 2.480970e-05 9.999752e-01 
2.437186e+01 8.930487e-11 2.080846e-05 9.999792e-01 
2.454774e+01 6.282170e-11 1.745251e-05 9.999825e-01 
2.472362e+01 4.419204e-11 1.463779e-05 9.999854e-01 
2.489950e+01 3.108695e-11 1.227703e-05 9.999877e-01 
2.507538e+01 2.186815e-11 1.029700e-05 9.999897e-01 
2.525126e+01 1.538317e-11 8.636304e-06 9.999914e-01 
2.542714e+01 1.082130e-11 7.243443e-06 9.999928e-01 
2.560302e+01 7.612253e-12 6.075221e-06 9.999939e-01 
2.577889e+01 5.354843e-12 5.095409e-06 9.999949e-01 
2.595477e+01 3.766866e-12 4.273621e-06 9.999957e-01 
2.613065e+01 2.649803e-12 3.584370e-06 9.999964e-01 
2.630653e+01 1.864005e-12 3.006281e-06 9.999970e-01 
2.648241e+01 1.311234e-12 2.521427e-06 9.999975e-01 
2.665829e+01 9.223878e-13 2.114770e-06 9.999979e-01 
2.683417e+01 6.488537e-13 1.773699e-06 9.999982e-01 
2.701005e+01 4.564361e-13 1.487635e-06 9.999985e-01 
2.718593e+01 3.210800e-13 1.247709e-06 9.999988e-01 
2.736181e+01 2.258637e-13 1.046477e-06 9.999990e-01 
2.753769e+01 1.588838e-13 8.777006e-07 9.999991e-01 
2.771357e+01 1.117668e-13 7.361444e-07 9.999993e-01 
2.788945e+01 7.862232e-14 6.174185e-07 9.999994e-01 
2.806533e+01 5.530686e-14 5.178407e-07 9.999995e-01 
2.824121e+01 3.890560e-14 4.343230e-07 9.999996e-01 
2.841709e+01 2.736814e-14 3.642750e-07 9.999996e-01 
2.859296e+01 1.925211e-14 3.055244e-07 9.999997e-01 
2.876884e+01 1.354289e-14 2.562492e-07 9.999997e-01 
2.894472e+01 9.526747e-15 2.149211e-07 9.999998e-01 
2.912060e+01 6.701588e-15 1.802585e-07 9.999998e-01 
2.929648e+01 4.714231e-15 1.511862e-07 9.999998e-01 
2.947236e+01 3.316225e-15 1.268028e-07 9.999999e-01 
2.964824e+01 2.332798e-15 1.063519e-07 9.999999e-01 
2.982412e+01 1.641006e-15 8.919939e-08 9.999999e-01 
3.000000e+01 1.154365e-15 7.481323e-08 9.999999e-01 
