#E                   3            4            5            6            7            8 
-5.000000e+00 9.999998e-01 1.700951e-07 7.961819e-15 9.916554e-23 1.184241e-32 1.853106e-43 
-4.824121e+00 9.999998e-01 2.028034e-07 1.131825e-14 1.680781e-22 2.393173e-32 4.464959e-43 
-4.648241e+00 9.999998e-01 2.418014e-07 1.608963e-14 2.848797e-22 4.836239e-32 1.075808e-42 
-4.472362e+00 9.999997e-01 2.882984e-07 2.287246e-14 4.828495e-22 9.773308e-32 2.592101e-42 
-4.296482e+00 9.999997e-01 3.437364e-07 3.251471e-14 8.183934e-22 1.975038e-31 6.245529e-42 
-4.120603e+00 9.999996e-01 4.098350e-07 4.622179e-14 1.387115e-21 3.991252e-31 1.504827e-41 
-3.944724e+00 9.999995e-01 4.886438e-07 6.570730e-14 2.351055e-21 8.065716e-31 3.625799e-41 
-3.768844e+00 9.999994e-01 5.826072e-07 9.340722e-14 3.984860e-21 1.629959e-30 8.736167e-41 
-3.592965e+00 9.999993e-01 6.946391e-07 1.327845e-13 6.754037e-21 3.293900e-30 2.104932e-40 
-3.417085e+00 9.999992e-01 8.282141e-07 1.887618e-13 1.144758e-20 6.656473e-30 5.071721e-40 
-3.241206e+00 9.999990e-01 9.874748e-07 2.683373e-13 1.940278e-20 1.345172e-29 1.222004e-39 
-3.065327e+00 9.999988e-01 1.177360e-06 3.814589e-13 3.288624e-20 2.718389e-29 2.944352e-39 
-2.889447e+00 9.999986e-01 1.403760e-06 5.422688e-13 5.573969e-20 5.493452e-29 7.094256e-39 
-2.713568e+00 9.999983e-01 1.673694e-06 7.708704e-13 9.447453e-20 1.110143e-28 1.709322e-38 
-2.537688e+00 9.999980e-01 1.995535e-06 1.095843e-12 1.601271e-19 2.243431e-28 4.118519e-38 
-2.361809e+00 9.999976e-01 2.379264e-06 1.557811e-12 2.714033e-19 4.533633e-28 9.923347e-38 
-2.185930e+00 9.999972e-01 2.836782e-06 2.214530e-12 4.600079e-19 9.161782e-28 2.390976e-37 
-2.010050e+00 9.999966e-01 3.382277e-06 3.148098e-12 7.796783e-19 1.851457e-27 5.760926e-37 
-1.834171e+00 9.999960e-01 4.032666e-06 4.475225e-12 1.321495e-18 3.741511e-27 1.388063e-36 
-1.658291e+00 9.999952e-01 4.808121e-06 6.361821e-12 2.239832e-18 7.561022e-27 3.344461e-36 
-1.482412e+00 9.999943e-01 5.732690e-06 9.043738e-12 3.796343e-18 1.527967e-26 8.058292e-36 
-1.306533e+00 9.999932e-01 6.835046e-06 1.285625e-11 6.434508e-18 3.087786e-26 1.941600e-35 
-1.130653e+00 9.999919e-01 8.149375e-06 1.827598e-11 1.090599e-17 6.239941e-26 4.678175e-35 
-9.547739e-01 9.999903e-01 9.716438e-06 2.598047e-11 1.848480e-17 1.260996e-25 1.127179e-34 
-7.788945e-01 9.999884e-01 1.158483e-05 3.693287e-11 3.133029e-17 2.548277e-25 2.715873e-34 
-6.030151e-01 9.999862e-01 1.381250e-05 5.250238e-11 5.310235e-17 5.149671e-25 6.543736e-34 
-4.271357e-01 9.999835e-01 1.646852e-05 7.463537e-11 9.000424e-17 1.040668e-24 1.576674e-33 
-2.512563e-01 9.999804e-01 1.963526e-05 1.060987e-10 1.525499e-16 2.103025e-24 3.798899e-33 
-7.537688e-02 9.999766e-01 2.341092e-05 1.508258e-10 2.585596e-16 4.249880e-24 9.153210e-33 
1.005025e-01 9.999721e-01 2.791257e-05 2.144077e-10 4.382370e-16 8.588327e-24 2.205407e-32 
2.763819e-01 9.999667e-01 3.327982e-05 3.047930e-10 7.427746e-16 1.735562e-23 5.313781e-32 
4.522613e-01 9.999603e-01 3.967909e-05 4.332805e-10 1.258939e-15 3.507285e-23 1.280319e-31 
6.281407e-01 9.999527e-01 4.730879e-05 6.159320e-10 2.133790e-15 7.087638e-23 3.084836e-31 
8.040201e-01 9.999436e-01 5.640548e-05 8.755797e-10 3.616580e-15 1.432291e-22 7.432679e-31 
9.798995e-01 9.999327e-01 6.725121e-05 1.244680e-09 6.129764e-15 2.894413e-22 1.790845e-30 
1.155779e+00 9.999198e-01 8.018219e-05 1.769372e-09 1.038935e-14 5.849095e-22 4.314888e-30 
1.331658e+00 9.999044e-01 9.559929e-05 2.515240e-09 1.760890e-14 1.181995e-21 1.039633e-29 
1.507538e+00 9.998860e-01 1.139804e-04 3.575512e-09 2.984520e-14 2.388590e-21 2.504894e-29 
1.683417e+00 9.998641e-01 1.358952e-04 5.082714e-09 5.058425e-14 4.826873e-21 6.035276e-29 
1.859296e+00 9.998380e-01 1.620228e-04 7.225223e-09 8.573425e-14 9.754126e-21 1.454129e-28 
2.035176e+00 9.998068e-01 1.931728e-04 1.027081e-08 1.453085e-13 1.971100e-20 3.503537e-28 
2.211055e+00 9.997697e-01 2.303103e-04 1.460008e-08 2.462779e-13 3.983147e-20 8.441272e-28 
2.386935e+00 9.997254e-01 2.745855e-04 2.075406e-08 4.174039e-13 8.048981e-20 2.033789e-27 
2.562814e+00 9.996726e-01 3.273694e-04 2.950170e-08 7.074307e-13 1.626491e-19 4.900047e-27 
2.738693e+00 9.996097e-01 3.902961e-04 4.193596e-08 1.198966e-12 3.286686e-19 1.180566e-26 
2.914573e+00 9.995346e-01 4.653129e-04 5.961024e-08 2.032005e-12 6.641397e-19 2.844296e-26 
3.090452e+00 9.994452e-01 5.547402e-04 8.473228e-08 3.443786e-12 1.342006e-18 6.852565e-26 
3.266332e+00 9.993385e-01 6.613430e-04 1.204396e-07 5.836335e-12 2.711701e-18 1.650913e-25 
3.442211e+00 9.992114e-01 7.884152e-04 1.711911e-07 9.890888e-12 5.479241e-18 3.977280e-25 
3.618090e+00 9.990599e-01 9.398804e-04 2.433224e-07 1.676177e-11 1.107104e-17 9.581588e-25 
3.793970e+00 9.988792e-01 1.120411e-03 3.458363e-07 2.840479e-11 2.236885e-17 2.308215e-24 
3.969849e+00 9.986639e-01 1.335572e-03 4.915230e-07 4.813360e-11 4.519431e-17 5.560321e-24 
4.145729e+00 9.984073e-01 1.591986e-03 6.985526e-07 8.156185e-11 9.130740e-17 1.339385e-23 
4.321608e+00 9.981015e-01 1.897534e-03 9.927341e-07 1.381988e-10 1.844619e-16 3.226188e-23 
4.497487e+00 9.977370e-01 2.261593e-03 1.410721e-06 2.341510e-10 3.726335e-16 7.770489e-23 
4.673367e+00 9.973027e-01 2.695310e-03 2.004560e-06 3.966956e-10 7.527082e-16 1.871443e-22 
4.849246e+00 9.967852e-01 3.211935e-03 2.848135e-06 6.720202e-10 1.520320e-15 4.506801e-22 
5.025126e+00 9.961687e-01 3.827204e-03 4.046307e-06 1.138319e-09 3.070437e-15 1.085218e-21 
5.201005e+00 9.954345e-01 4.559789e-03 5.747850e-06 1.927943e-09 6.200315e-15 2.612847e-21 
5.376884e+00 9.945600e-01 5.431835e-03 8.163768e-06 3.264847e-09 1.251889e-14 6.289984e-21 
5.552764e+00 9.935188e-01 6.469566e-03 1.159318e-05 5.527876e-09 2.527230e-14 1.513951e-20 
5.728643e+00 9.922795e-01 7.704004e-03 1.645991e-05 9.357645e-09 5.100779e-14 3.643234e-20 
5.904523e+00 9.908048e-01 9.171789e-03 2.336407e-05 1.583693e-08 1.029258e-13 8.765132e-20 
6.080402e+00 9.890507e-01 1.091611e-02 3.315476e-05 2.679488e-08 2.076293e-13 2.108173e-19 
6.256281e+00 9.869652e-01 1.298777e-02 4.703228e-05 4.531953e-08 4.187027e-13 5.068818e-19 
6.432161e+00 9.844869e-01 1.544636e-02 6.669158e-05 7.662030e-08 8.440101e-13 1.218238e-18 
6.608040e+00 9.815438e-01 1.836155e-02 9.452304e-05 1.294774e-07 1.700518e-12 2.926504e-18 
6.783920e+00 9.780514e-01 2.181448e-02 1.338926e-04 2.186736e-07 3.424262e-12 7.026165e-18 
6.959799e+00 9.739109e-01 2.589917e-02 1.895313e-04 3.690662e-07 6.890621e-12 1.685750e-17 
7.135678e+00 9.690073e-01 3.072396e-02 2.680747e-04 6.223897e-07 1.385479e-11 4.041273e-17 
7.311558e+00 9.632074e-01 3.641274e-02 3.788048e-04 1.048590e-06 2.783086e-11 9.678949e-17 
7.487437e+00 9.563576e-01 4.310596e-02 5.346663e-04 1.764641e-06 5.584199e-11 2.315506e-16 
7.663317e+00 9.482824e-01 5.096102e-02 7.536455e-04 2.965679e-06 1.118953e-10 5.531980e-16 
7.839196e+00 9.387826e-01 6.015184e-02 1.060624e-03 4.976245e-06 2.238583e-10 1.319548e-15 
8.015075e+00 9.276348e-01 7.086705e-02 1.489842e-03 8.334204e-06 4.470118e-10 3.141626e-15 
8.190955e+00 9.145916e-01 8.330633e-02 2.088129e-03 1.392723e-05 8.906416e-10 7.463146e-15 
8.366834e+00 8.993837e-01 9.767406e-02 2.919053e-03 2.321308e-05 1.769924e-09 1.768304e-14 
8.542714e+00 8.817237e-01 1.141695e-01 4.068145e-03 3.857187e-05 3.506517e-09 4.176974e-14 
8.718593e+00 8.613141e-01 1.329728e-01 5.649271e-03 6.386312e-05 6.922114e-09 9.831234e-14 
8.894472e+00 8.378576e-01 1.542250e-01 7.812103e-03 1.052953e-04 1.360759e-08 2.304273e-13 
9.070352e+00 8.110734e-01 1.780034e-01 1.075040e-02 1.727625e-04 2.661981e-08 5.374538e-13 
9.246231e+00 7.807182e-01 2.042894e-01 1.471045e-02 2.818603e-04 5.178130e-08 1.246501e-12 
9.422111e+00 7.466122e-01 2.329325e-01 1.999832e-02 4.568620e-04 1.000708e-07 2.872173e-12 
9.597990e+00 7.086702e-01 2.636104e-01 2.698420e-02 7.349952e-04 1.919510e-07 6.568662e-12 
9.773869e+00 6.669352e-01 2.957914e-01 3.610072e-02 1.172396e-03 3.650595e-07 1.489476e-11 
9.949749e+00 6.216117e-01 3.287036e-01 4.783197e-02 1.852082e-03 6.875954e-07 3.344925e-11 
1.012563e+01 5.730936e-01 3.613219e-01 6.268904e-02 2.894123e-03 1.281071e-06 7.430364e-11 
1.030151e+01 5.219811e-01 3.923801e-01 8.116854e-02 4.467829e-03 2.357959e-06 1.630634e-10 
1.047739e+01 4.690795e-01 4.204188e-01 1.036923e-01 6.805163e-03 4.282148e-06 3.530738e-10 
1.065327e+01 4.153754e-01 4.438741e-01 1.305291e-01 1.021370e-02 7.662840e-06 7.533157e-10 
1.082915e+01 3.619871e-01 4.612068e-01 1.617062e-01 1.508641e-02 1.349510e-05 1.581782e-09 
1.100503e+01 3.100917e-01 4.710600e-01 1.969204e-01 2.190450e-02 2.336183e-05 3.264833e-09 
1.118090e+01 2.608349e-01 4.724276e-01 2.354687e-01 3.122908e-02 3.971149e-05 6.616889e-09 
1.135678e+01 2.152364e-01 4.648028e-01 2.762169e-01 4.367769e-02 6.622166e-05 1.315592e-08 
1.153266e+01 1.741053e-01 4.482790e-01 3.176240e-01 5.988337e-02 1.082506e-04 2.564098e-08 
1.170854e+01 1.379789e-01 4.235771e-01 3.578334e-01 8.043725e-02 1.733662e-04 4.896125e-08 
1.188442e+01 1.070952e-01 3.919883e-01 3.948252e-01 1.058193e-01 2.719290e-04 9.156446e-08 
1.206030e+01 8.140182e-02 3.552392e-01 4.266150e-01 1.363262e-01 4.176895e-04 1.676905e-07 
1.223618e+01 6.059750e-02 3.153007e-01 4.514645e-01 1.720087e-01 6.283593e-04 3.007782e-07 
1.241206e+01 4.419538e-02 2.741767e-01 4.680721e-01 2.126292e-01 9.261131e-04 5.285497e-07 
1.258794e+01 3.159627e-02 2.337077e-01 4.757059e-01 2.576512e-01 1.338002e-03 9.104624e-07 
1.276382e+01 2.215887e-02 1.954196e-01 4.742608e-01 3.062629e-01 1.896280e-03 1.538477e-06 
1.293970e+01 1.525801e-02 1.604361e-01 4.642314e-01 3.574333e-01 2.638679e-03 2.552458e-06 
1.311558e+01 1.032592e-02 1.294543e-01 4.466140e-01 4.099929e-01 3.608704e-03 4.162046e-06 
1.329146e+01 6.875816e-03 1.027768e-01 4.227607e-01 4.627240e-01 4.856019e-03 6.677585e-06 
1.346734e+01 4.510182e-03 8.038008e-02 3.942133e-01 5.144489e-01 6.437008e-03 1.055374e-05 
1.364322e+01 2.917828e-03 6.200083e-02 3.625466e-01 5.641027e-01 8.415569e-03 1.645089e-05 
1.381910e+01 1.863971e-03 4.722375e-02 3.292382e-01 6.107846e-01 1.086418e-02 2.532131e-05 
1.399497e+01 1.177157e-03 3.555814e-02 2.955781e-01 6.537829e-01 1.386519e-02 3.852996e-05 
1.417085e+01 7.357316e-04 2.649766e-02 2.626178e-01 6.925784e-01 1.751236e-02 5.802309e-05 
1.434673e+01 4.555459e-04 1.956157e-02 2.311553e-01 7.268286e-01 2.191246e-02 8.656271e-05 
1.452261e+01 2.796834e-04 1.431930e-02 2.017462e-01 7.563399e-01 2.718689e-02 1.280509e-04 
1.469849e+01 1.703999e-04 1.040178e-02 1.747329e-01 7.810338e-01 3.347309e-02 1.879760e-04 
1.487437e+01 1.030941e-04 7.503362e-03 1.502818e-01 8.009122e-01 4.092553e-02 2.740214e-04 
1.505025e+01 6.197293e-05 5.377834e-03 1.284226e-01 8.160247e-01 4.971600e-02 3.968896e-04 
1.522613e+01 3.703059e-05 3.831330e-03 1.090855e-01 8.264419e-01 6.003281e-02 5.714072e-04 
1.540201e+01 2.200106e-05 2.714038e-03 9.213331e-02 8.322342e-01 7.207844e-02 8.179859e-04 
1.557789e+01 1.299964e-05 1.911996e-03 7.738759e-02 8.334578e-01 8.606506e-02 1.164530e-03 
1.575377e+01 7.639285e-06 1.339652e-03 6.464868e-02 8.301478e-01 1.022073e-01 1.648882e-03 
1.592965e+01 4.464641e-06 9.334890e-04 5.371065e-02 8.223177e-01 1.207118e-01 2.321884e-03 
1.610553e+01 2.594557e-06 6.467990e-04 4.437149e-02 8.099658e-01 1.417622e-01 3.251132e-03 
1.628141e+01 1.498882e-06 4.455095e-04 3.643973e-02 7.930878e-01 1.655001e-01 4.525390e-03 
1.645729e+01 8.604807e-07 3.049398e-04 2.973827e-02 7.716943e-01 1.920020e-01 6.259605e-03 
1.663317e+01 4.906681e-07 2.073215e-04 2.410623e-02 7.458342e-01 2.212515e-01 8.600246e-03 
1.680905e+01 2.777649e-07 1.399321e-04 1.939929e-02 7.156197e-01 2.531102e-01 1.173053e-02 
1.698492e+01 1.560103e-07 9.370797e-05 1.548918e-02 6.812529e-01 2.872892e-01 1.587489e-02 
1.716080e+01 8.688375e-08 6.222220e-05 1.226255e-02 6.430491e-01 3.233244e-01 2.130166e-02 
1.733668e+01 4.794536e-08 4.093897e-05 9.619571e-03 6.014542e-01 3.605623e-01 2.832297e-02 
1.751256e+01 2.619926e-08 2.667244e-05 7.472483e-03 5.570514e-01 3.981589e-01 3.729051e-02 
1.768844e+01 1.416725e-08 1.719661e-05 5.744186e-03 5.105547e-01 4.350978e-01 4.858612e-02 
1.786432e+01 7.576595e-09 1.096515e-05 4.367007e-03 4.627869e-01 4.702288e-01 6.260629e-02 
1.804020e+01 4.005141e-09 6.911015e-06 3.281667e-03 4.146437e-01 5.023272e-01 7.974049e-02 
1.821608e+01 2.091762e-09 4.303480e-06 2.436441e-03 3.670456e-01 5.301698e-01 1.003438e-01 
1.839196e+01 1.078923e-09 2.646559e-06 1.786492e-03 3.208845e-01 5.526207e-01 1.247057e-01 
1.856784e+01 5.494473e-10 1.606943e-06 1.293312e-03 2.769711e-01 5.687172e-01 1.530167e-01 
1.874372e+01 2.762065e-10 9.631453e-07 9.242261e-04 2.359895e-01 5.777475e-01 1.853378e-01 
1.891960e+01 1.370479e-10 5.697886e-07 6.519039e-04 1.984639e-01 5.793091e-01 2.215745e-01 
1.909548e+01 6.711860e-11 3.327114e-07 4.538590e-04 1.647412e-01 5.733432e-01 2.614614e-01 
1.927136e+01 3.244817e-11 1.917778e-07 3.119142e-04 1.349895e-01 5.601389e-01 3.045595e-01 
1.944724e+01 1.548826e-11 1.091426e-07 2.116482e-04 1.092101e-01 5.403089e-01 3.502692e-01 
1.962312e+01 7.301510e-12 6.134622e-08 1.418376e-04 8.726161e-02 5.147375e-01 3.978589e-01 
1.979899e+01 3.400907e-12 3.406853e-08 9.391620e-05 6.888992e-02 4.845089e-01 4.465072e-01 
1.997487e+01 1.565902e-12 1.870281e-08 6.147200e-05 5.376207e-02 4.508224e-01 4.953540e-01 
2.015075e+01 7.131408e-13 1.015549e-08 3.979741e-05 4.149893e-02 4.149062e-01 5.435551e-01 
2.032663e+01 3.214484e-13 5.457833e-09 2.550103e-05 3.170467e-02 3.779372e-01 5.903326e-01 
2.050251e+01 1.435100e-13 2.905191e-09 1.618436e-05 2.399079e-02 3.409765e-01 6.350165e-01 
2.067839e+01 6.350603e-14 1.532819e-09 1.018111e-05 1.799400e-02 3.049236e-01 6.770722e-01 
2.085427e+01 2.787692e-14 8.022396e-10 6.353191e-06 1.338776e-02 2.704921e-01 7.161138e-01 
2.103015e+01 1.214807e-14 4.168213e-10 3.935693e-06 9.888276e-03 2.382050e-01 7.519028e-01 
2.120603e+01 5.259333e-15 2.151577e-10 2.422209e-06 7.255953e-03 2.084050e-01 7.843366e-01 
2.138191e+01 2.263760e-15 1.104180e-10 1.482102e-06 5.293518e-03 1.812765e-01 8.134285e-01 
2.155779e+01 9.693994e-16 5.637621e-11 9.022305e-07 3.842087e-03 1.568728e-01 8.392842e-01 
2.173367e+01 4.132595e-16 2.865494e-11 5.467699e-07 2.776117e-03 1.351456e-01 8.620778e-01 
2.190955e+01 1.754859e-16 1.450782e-11 3.300583e-07 1.998054e-03 1.159724e-01 8.820292e-01 
2.208543e+01 7.426553e-17 7.320332e-12 1.985650e-07 1.433187e-03 9.918220e-02 8.993844e-01 
2.226131e+01 3.133725e-17 3.682882e-12 1.191086e-07 1.025007e-03 8.457484e-02 9.144000e-01 
2.243719e+01 1.318992e-17 1.848215e-12 7.126749e-08 7.312374e-04 7.193766e-02 9.273310e-01 
2.261307e+01 5.539728e-18 9.255125e-13 4.255050e-08 5.205411e-04 6.105713e-02 9.384223e-01 
2.278894e+01 2.322399e-18 4.626090e-13 2.535828e-08 3.698739e-04 5.172714e-02 9.479030e-01 
2.296482e+01 9.720887e-19 2.308695e-13 1.508884e-08 2.624057e-04 4.375437e-02 9.559832e-01 
2.314070e+01 4.063481e-19 1.150648e-13 8.966339e-09 1.859156e-04 3.696133e-02 9.628527e-01 
2.331658e+01 1.696687e-19 5.728348e-14 5.322131e-09 1.315739e-04 3.118781e-02 9.686806e-01 
2.349246e+01 7.077690e-20 2.849067e-14 3.156038e-09 9.302718e-05 2.629108e-02 9.736159e-01 
2.366834e+01 2.950066e-20 1.415879e-14 1.870033e-09 6.572043e-05 2.214534e-02 9.777889e-01 
2.384422e+01 1.228788e-20 7.031611e-15 1.107290e-09 4.639764e-05 1.864067e-02 9.813129e-01 
2.402010e+01 5.115325e-21 3.490074e-15 6.552766e-10 3.273728e-05 1.568164e-02 9.842856e-01 
2.419598e+01 2.128433e-21 1.731430e-15 3.875951e-10 2.308765e-05 1.318597e-02 9.867909e-01 
2.437186e+01 8.852589e-22 8.586153e-16 2.291688e-10 1.627573e-05 1.108297e-02 9.889008e-01 
2.454774e+01 3.680714e-22 4.256414e-16 1.354516e-10 1.146971e-05 9.312191e-03 9.906763e-01 
2.472362e+01 1.529921e-22 2.109426e-16 8.003650e-11 8.080531e-06 7.822087e-03 9.921698e-01 
2.489950e+01 6.357715e-23 1.045153e-16 4.728104e-11 5.691441e-06 6.568837e-03 9.934255e-01 
2.507538e+01 2.641465e-23 5.177344e-17 2.792529e-11 4.007896e-06 5.515261e-03 9.944807e-01 
2.525126e+01 1.097273e-23 2.564249e-17 1.649052e-11 2.821867e-06 4.629879e-03 9.953673e-01 
2.542714e+01 4.557453e-24 1.269846e-17 9.736633e-12 1.986527e-06 3.886073e-03 9.961119e-01 
2.560302e+01 1.892681e-24 6.287673e-18 5.748188e-12 1.398299e-06 3.261370e-03 9.967372e-01 
2.577889e+01 7.859390e-25 3.113041e-18 3.393199e-12 9.841512e-07 2.736814e-03 9.972622e-01 
2.595477e+01 3.263349e-25 1.541143e-18 2.002861e-12 6.926069e-07 2.296432e-03 9.977029e-01 
2.613065e+01 1.354900e-25 7.629043e-19 1.182120e-12 4.873948e-07 1.926776e-03 9.980727e-01 
2.630653e+01 5.625032e-26 3.776342e-19 6.976637e-13 3.429644e-07 1.616526e-03 9.983831e-01 
2.648241e+01 2.335183e-26 1.869178e-19 4.117267e-13 2.413211e-07 1.356165e-03 9.986436e-01 
2.665829e+01 9.693905e-27 9.251496e-20 2.429706e-13 1.697945e-07 1.137691e-03 9.988621e-01 
2.683417e+01 4.024030e-27 4.578866e-20 1.433782e-13 1.194638e-07 9.543781e-04 9.990455e-01 
2.701005e+01 1.670363e-27 2.266162e-20 8.460570e-14 8.404972e-08 8.005784e-04 9.991993e-01 
2.718593e+01 6.933455e-28 1.121536e-20 4.992354e-14 5.913239e-08 6.715472e-04 9.993284e-01 
2.736181e+01 2.877925e-28 5.550428e-21 2.945792e-14 4.160118e-08 5.633005e-04 9.994367e-01 
2.753769e+01 1.194543e-28 2.746832e-21 1.738166e-14 2.926700e-08 4.724938e-04 9.995275e-01 
2.771357e+01 4.958125e-29 1.359350e-21 1.025590e-14 2.058943e-08 3.963198e-04 9.996037e-01 
2.788945e+01 2.057918e-29 6.727061e-22 6.051336e-15 1.448456e-08 3.324223e-04 9.996676e-01 
2.806533e+01 8.541498e-30 3.329008e-22 3.570460e-15 1.018971e-08 2.788239e-04 9.997212e-01 
2.824121e+01 3.545164e-30 1.647406e-22 2.106655e-15 7.168268e-09 2.338654e-04 9.997661e-01 
2.841709e+01 1.471416e-30 8.152357e-23 1.242967e-15 5.042707e-09 1.961548e-04 9.998038e-01 
2.859296e+01 6.107056e-31 4.034253e-23 7.333694e-16 3.547403e-09 1.645240e-04 9.998355e-01 
2.876884e+01 2.534698e-31 1.996369e-23 4.326971e-16 2.495486e-09 1.379931e-04 9.998620e-01 
2.894472e+01 1.052007e-31 9.879084e-24 2.552956e-16 1.755488e-09 1.157400e-04 9.998843e-01 
2.912060e+01 4.366259e-32 4.888673e-24 1.506264e-16 1.234921e-09 9.707517e-05 9.999029e-01 
2.929648e+01 1.812170e-32 2.419157e-24 8.887047e-17 8.687184e-10 8.142008e-05 9.999186e-01 
2.947236e+01 7.521205e-33 1.197115e-24 5.243398e-17 6.111078e-10 6.828947e-05 9.999317e-01 
2.964824e+01 3.121584e-33 5.923888e-25 3.093622e-17 4.298884e-10 5.727632e-05 9.999427e-01 
2.982412e+01 1.295572e-33 2.931413e-25 1.825244e-17 3.024077e-10 4.803919e-05 9.999520e-01 
3.000000e+01 5.377096e-34 1.450596e-25 1.076896e-17 2.127303e-10 4.029170e-05 9.999597e-01 
