#E                   3            4            5            6 
-5.000000e+00 9.999998e-01 1.873197e-07 9.025161e-15 1.376462e-22 
-4.824121e+00 9.999998e-01 2.233402e-07 1.282986e-14 2.332999e-22 
-4.648241e+00 9.999997e-01 2.662872e-07 1.823848e-14 3.954257e-22 
-4.472362e+00 9.999997e-01 3.174927e-07 2.592720e-14 6.702166e-22 
-4.296482e+00 9.999996e-01 3.785447e-07 3.685721e-14 1.135966e-21 
-4.120603e+00 9.999995e-01 4.513367e-07 5.239494e-14 1.925377e-21 
-3.944724e+00 9.999995e-01 5.381261e-07 7.448284e-14 3.263369e-21 
-3.768844e+00 9.999994e-01 6.416045e-07 1.058822e-13 5.531163e-21 
-3.592965e+00 9.999992e-01 7.649813e-07 1.505185e-13 9.374903e-21 
-3.417085e+00 9.999991e-01 9.120827e-07 2.139719e-13 1.588975e-20 
-3.241206e+00 9.999989e-01 1.087471e-06 3.041751e-13 2.693192e-20 
-3.065327e+00 9.999987e-01 1.296585e-06 4.324047e-13 4.564756e-20 
-2.889447e+00 9.999985e-01 1.545910e-06 6.146915e-13 7.736915e-20 
-2.713568e+00 9.999982e-01 1.843179e-06 8.738240e-13 1.311348e-19 
-2.537688e+00 9.999978e-01 2.197611e-06 1.242198e-12 2.222636e-19 
-2.361809e+00 9.999974e-01 2.620198e-06 1.765865e-12 3.767198e-19 
-2.185930e+00 9.999969e-01 3.124046e-06 2.510291e-12 6.385113e-19 
-2.010050e+00 9.999963e-01 3.724780e-06 3.568542e-12 1.082228e-18 
-1.834171e+00 9.999956e-01 4.441030e-06 5.072912e-12 1.834293e-18 
-1.658291e+00 9.999947e-01 5.295010e-06 7.211471e-12 3.108986e-18 
-1.482412e+00 9.999937e-01 6.313204e-06 1.025157e-11 5.269490e-18 
-1.306533e+00 9.999925e-01 7.527188e-06 1.457326e-11 8.931377e-18 
-1.130653e+00 9.999910e-01 8.974610e-06 2.071682e-11 1.513799e-17 
-9.547739e-01 9.999893e-01 1.070036e-05 2.945026e-11 2.565770e-17 
-7.788945e-01 9.999872e-01 1.275795e-05 4.186539e-11 4.348778e-17 
-6.030151e-01 9.999848e-01 1.521119e-05 5.951426e-11 7.370832e-17 
-4.271357e-01 9.999819e-01 1.813616e-05 8.460317e-11 1.249297e-16 
-2.512563e-01 9.999784e-01 2.162357e-05 1.202685e-10 2.117456e-16 
-7.537688e-02 9.999742e-01 2.578155e-05 1.709689e-10 3.588914e-16 
1.005025e-01 9.999693e-01 3.073904e-05 2.430423e-10 6.082907e-16 
2.763819e-01 9.999633e-01 3.664976e-05 3.454985e-10 1.031001e-15 
4.522613e-01 9.999563e-01 4.369699e-05 4.911454e-10 1.747456e-15 
6.281407e-01 9.999479e-01 5.209924e-05 6.981895e-10 2.961781e-15 
8.040201e-01 9.999379e-01 6.211700e-05 9.925122e-10 5.019945e-15 
9.798995e-01 9.999259e-01 7.406086e-05 1.410904e-09 8.508327e-15 
1.155779e+00 9.999117e-01 8.830108e-05 2.005665e-09 1.442077e-14 
1.331658e+00 9.998947e-01 1.052791e-04 2.851135e-09 2.444169e-14 
1.507538e+00 9.998745e-01 1.255211e-04 4.052994e-09 4.142599e-14 
1.683417e+00 9.998503e-01 1.496545e-04 5.761457e-09 7.021223e-14 
1.859296e+00 9.998216e-01 1.784270e-04 8.190054e-09 1.190010e-13 
2.035176e+00 9.997873e-01 2.127302e-04 1.164230e-08 2.016908e-13 
2.211055e+00 9.997464e-01 2.536267e-04 1.654961e-08 3.418367e-13 
2.386935e+00 9.996976e-01 3.023829e-04 2.352522e-08 5.793591e-13 
2.562814e+00 9.996395e-01 3.605084e-04 3.344069e-08 9.819128e-13 
2.738693e+00 9.995702e-01 4.298023e-04 4.753484e-08 1.664153e-12 
2.914573e+00 9.994875e-01 5.124084e-04 6.756831e-08 2.820380e-12 
3.090452e+00 9.993890e-01 6.108814e-04 9.604332e-08 4.779860e-12 
3.266332e+00 9.992716e-01 7.282648e-04 1.365158e-07 8.100550e-12 
3.442211e+00 9.991316e-01 8.681843e-04 1.940390e-07 1.372790e-11 
3.618090e+00 9.989648e-01 1.034958e-03 2.757931e-07 2.326386e-11 
3.793970e+00 9.987659e-01 1.233729e-03 3.919800e-07 3.942264e-11 
3.969849e+00 9.985288e-01 1.470619e-03 5.570930e-07 6.680254e-11 
4.145729e+00 9.982463e-01 1.752915e-03 7.917202e-07 1.131932e-10 
4.321608e+00 9.979096e-01 2.089285e-03 1.125103e-06 1.917893e-10 
4.497487e+00 9.975084e-01 2.490041e-03 1.598764e-06 3.249376e-10 
4.673367e+00 9.970303e-01 2.967439e-03 2.271659e-06 5.504807e-10 
4.849246e+00 9.964607e-01 3.536039e-03 3.227467e-06 9.324903e-10 
5.025126e+00 9.957823e-01 4.213128e-03 4.584932e-06 1.579425e-09 
5.201005e+00 9.949743e-01 5.019213e-03 6.512493e-06 2.674833e-09 
5.376884e+00 9.940122e-01 5.978592e-03 9.248984e-06 4.529256e-09 
5.552764e+00 9.928668e-01 7.120027e-03 1.313289e-05 7.667902e-09 
5.728643e+00 9.915038e-01 8.477513e-03 1.864363e-05 1.297867e-08 
5.904523e+00 9.898824e-01 1.009116e-02 2.645980e-05 2.196190e-08 
6.080402e+00 9.879542e-01 1.200820e-02 3.754108e-05 3.715125e-08 
6.256281e+00 9.856626e-01 1.428409e-02 5.324332e-05 6.282250e-08 
6.432161e+00 9.829406e-01 1.698381e-02 7.547985e-05 1.061853e-07 
6.608040e+00 9.797097e-01 2.018314e-02 1.069469e-04 1.793846e-07 
6.783920e+00 9.758781e-01 2.397013e-02 1.514374e-04 3.028542e-07 
6.959799e+00 9.713387e-01 2.844651e-02 2.142768e-04 5.109273e-07 
7.135678e+00 9.659672e-01 3.372905e-02 3.029240e-04 8.611942e-07 
7.311558e+00 9.596200e-01 3.995071e-02 4.277968e-04 1.450068e-06 
7.487437e+00 9.521328e-01 4.726135e-02 6.033964e-04 2.438580e-06 
7.663317e+00 9.433183e-01 5.582778e-02 8.498266e-04 4.094945e-06 
7.839196e+00 9.329657e-01 6.583263e-02 1.194826e-03 6.864451e-06 
8.015075e+00 9.208403e-01 7.747174e-02 1.676448e-03 1.148352e-05 
8.190955e+00 9.066851e-01 9.094920e-02 2.346547e-03 1.916449e-05 
8.366834e+00 8.902235e-01 1.064694e-01 3.275207e-03 3.189263e-05 
8.542714e+00 8.711656e-01 1.242253e-01 4.556247e-03 5.289837e-05 
8.718593e+00 8.492173e-01 1.443815e-01 6.313821e-03 8.739986e-05 
8.894472e+00 8.240938e-01 1.670525e-01 8.709978e-03 1.437537e-04 
9.070352e+00 7.955380e-01 1.922740e-01 1.195276e-02 2.352088e-04 
9.246231e+00 7.633436e-01 2.199699e-01 1.630400e-02 3.825279e-04 
9.422111e+00 7.273832e-01 2.499136e-01 2.208535e-02 6.178124e-04 
9.597990e+00 6.876399e-01 2.816898e-01 2.968035e-02 9.899307e-04 
9.773869e+00 6.442392e-01 3.146593e-01 3.952956e-02 1.571959e-03 
9.949749e+00 5.974782e-01 3.479357e-01 5.211513e-02 2.470964e-03 
1.012563e+01 5.478470e-01 3.803818e-01 6.793100e-02 3.840202e-03 
1.030151e+01 4.960355e-01 4.106356e-01 8.743561e-02 5.893291e-03 
1.047739e+01 4.429212e-01 4.371734e-01 1.109862e-01 8.919119e-03 
1.065327e+01 3.895347e-01 4.584130e-01 1.387572e-01 1.329511e-02 
1.082915e+01 3.370014e-01 4.728527e-01 1.706507e-01 1.949521e-02 
1.100503e+01 2.864647e-01 4.792353e-01 2.062122e-01 2.808780e-02 
1.118090e+01 2.389984e-01 4.767120e-01 2.445711e-01 3.971842e-02 
1.135678e+01 1.955200e-01 4.649816e-01 2.844253e-01 5.507297e-02 
1.153266e+01 1.567183e-01 4.443731e-01 3.240886e-01 7.481995e-02 
1.170854e+01 1.230061e-01 4.158515e-01 3.616077e-01 9.953475e-02 
1.188442e+01 9.450551e-02 3.809360e-01 3.949434e-01 1.296151e-01 
1.206030e+01 7.106645e-02 3.415411e-01 4.221913e-01 1.652012e-01 
1.223618e+01 5.231397e-02 2.997640e-01 4.418036e-01 2.061184e-01 
1.241206e+01 3.771385e-02 2.576595e-01 4.527718e-01 2.518548e-01 
1.258794e+01 2.664462e-02 2.170393e-01 4.547314e-01 3.015847e-01 
1.276382e+01 1.846457e-02 1.793294e-01 4.479727e-01 3.542333e-01 
1.293970e+01 1.256522e-02 1.455009e-01 4.333603e-01 4.085737e-01 
1.311558e+01 8.407095e-03 1.160713e-01 4.121848e-01 4.633367e-01 
1.329146e+01 5.538027e-03 9.116278e-02 3.859828e-01 5.173163e-01 
1.346734e+01 3.596722e-03 7.059156e-02 3.563581e-01 5.694536e-01 
1.364322e+01 2.306286e-03 5.396877e-02 3.248328e-01 6.188921e-01 
1.381910e+01 1.462081e-03 4.079287e-02 2.927420e-01 6.650030e-01 
1.399497e+01 9.175965e-04 3.052446e-02 2.611754e-01 7.073825e-01 
1.417085e+01 5.708044e-04 2.263951e-02 2.309590e-01 7.458307e-01 
1.434673e+01 3.523454e-04 1.666218e-02 2.026670e-01 7.803185e-01 
1.452261e+01 2.160430e-04 1.218111e-02 1.766532e-01 8.109496e-01 
1.469849e+01 1.317045e-04 8.853819e-03 1.530907e-01 8.379238e-01 
1.487437e+01 7.989187e-05 6.403482e-03 1.320133e-01 8.615033e-01 
1.505025e+01 4.825661e-05 4.611623e-03 1.133545e-01 8.819856e-01 
1.522613e+01 2.904249e-05 3.309134e-03 9.698012e-02 8.996817e-01 
1.540201e+01 1.742482e-05 2.367186e-03 8.271499e-02 9.149004e-01 
1.557789e+01 1.042709e-05 1.688925e-03 7.036321e-02 9.279374e-01 
1.575377e+01 6.225743e-06 1.202325e-03 5.972289e-02 9.390686e-01 
1.592965e+01 3.710238e-06 8.543112e-04 5.059625e-02 9.485457e-01 
1.610553e+01 2.207606e-06 6.060651e-04 4.279617e-02 9.565956e-01 
1.628141e+01 1.311771e-06 4.293776e-04 3.615001e-02 9.634193e-01 
1.645729e+01 7.785798e-07 3.038560e-04 3.050144e-02 9.691939e-01 
1.663317e+01 4.616724e-07 2.148236e-04 2.571095e-02 9.740738e-01 
1.680905e+01 2.735370e-07 1.517566e-04 2.165544e-02 9.781925e-01 
1.698492e+01 1.619589e-07 1.071322e-04 1.822732e-02 9.816654e-01 
1.716080e+01 9.584004e-08 7.558670e-05 1.533316e-02 9.845912e-01 
1.733668e+01 5.668677e-08 5.330447e-05 1.289239e-02 9.870542e-01 
1.751256e+01 3.351523e-08 3.757574e-05 1.083580e-02 9.891266e-01 
1.768844e+01 1.980872e-08 2.647922e-05 9.104202e-03 9.908693e-01 
1.786432e+01 1.170436e-08 1.865434e-05 7.647157e-03 9.923342e-01 
1.804020e+01 6.914099e-09 1.313867e-05 6.421773e-03 9.935651e-01 
1.821608e+01 4.083541e-09 9.252010e-06 5.391669e-03 9.945991e-01 
1.839196e+01 2.411380e-09 6.514007e-06 4.526044e-03 9.954674e-01 
1.856784e+01 1.423748e-09 4.585633e-06 3.798860e-03 9.961966e-01 
1.874372e+01 8.405231e-10 3.227744e-06 3.188134e-03 9.968086e-01 
1.891960e+01 4.961615e-10 2.271726e-06 2.675327e-03 9.973224e-01 
1.909548e+01 2.928603e-10 1.598736e-06 2.244818e-03 9.977536e-01 
1.927136e+01 1.728493e-10 1.125039e-06 1.883455e-03 9.981154e-01 
1.944724e+01 1.020115e-10 7.916489e-07 1.580170e-03 9.984190e-01 
1.962312e+01 6.020183e-11 5.570273e-07 1.325657e-03 9.986738e-01 
1.979899e+01 3.552649e-11 3.919246e-07 1.112092e-03 9.988875e-01 
1.997487e+01 2.096428e-11 2.757488e-07 9.329002e-04 9.990668e-01 
2.015075e+01 1.237072e-11 1.940046e-07 7.825590e-04 9.992172e-01 
2.032663e+01 7.299606e-12 1.364897e-07 6.564301e-04 9.993434e-01 
2.050251e+01 4.307200e-12 9.602384e-08 5.506188e-04 9.994493e-01 
2.067839e+01 2.541460e-12 6.755395e-08 4.618556e-04 9.995381e-01 
2.085427e+01 1.499565e-12 4.752435e-08 3.873960e-04 9.996126e-01 
2.103015e+01 8.847938e-13 3.343309e-08 3.249367e-04 9.996750e-01 
2.120603e+01 5.220529e-13 2.351973e-08 2.725449e-04 9.997274e-01 
2.138191e+01 3.080231e-13 1.654568e-08 2.285987e-04 9.997714e-01 
2.155779e+01 1.817393e-13 1.163948e-08 1.917372e-04 9.998083e-01 
2.173367e+01 1.072289e-13 8.188044e-09 1.608186e-04 9.998392e-01 
2.190955e+01 6.326636e-14 5.760027e-09 1.348851e-04 9.998651e-01 
2.208543e+01 3.732776e-14 4.051978e-09 1.131332e-04 9.998869e-01 
2.226131e+01 2.202366e-14 2.850415e-09 9.488871e-05 9.999051e-01 
2.243719e+01 1.299409e-14 2.005154e-09 7.958620e-05 9.999204e-01 
2.261307e+01 7.666569e-15 1.410544e-09 6.675132e-05 9.999332e-01 
2.278894e+01 4.523300e-15 9.922572e-10 5.598621e-05 9.999440e-01 
2.296482e+01 2.668756e-15 6.980094e-10 4.695713e-05 9.999530e-01 
2.314070e+01 1.574570e-15 4.910183e-10 3.938414e-05 9.999606e-01 
2.331658e+01 9.289969e-16 3.454089e-10 3.303244e-05 9.999670e-01 
2.349246e+01 5.481081e-16 2.429791e-10 2.770509e-05 9.999723e-01 
2.366834e+01 3.233835e-16 1.709244e-10 2.323689e-05 9.999768e-01 
2.384422e+01 1.907959e-16 1.202372e-10 1.948930e-05 9.999805e-01 
2.402010e+01 1.125693e-16 8.458107e-11 1.634610e-05 9.999837e-01 
2.419598e+01 6.641572e-17 5.949869e-11 1.370982e-05 9.999863e-01 
2.437186e+01 3.918515e-17 4.185443e-11 1.149872e-05 9.999885e-01 
2.454774e+01 2.311915e-17 2.944255e-11 9.644211e-06 9.999904e-01 
2.472362e+01 1.364025e-17 2.071138e-11 8.088797e-06 9.999919e-01 
2.489950e+01 8.047713e-18 1.456944e-11 6.784238e-06 9.999932e-01 
2.507538e+01 4.748130e-18 1.024888e-11 5.690076e-06 9.999943e-01 
2.525126e+01 2.801384e-18 7.209578e-12 4.772380e-06 9.999952e-01 
2.542714e+01 1.652809e-18 5.071580e-12 4.002690e-06 9.999960e-01 
2.560302e+01 9.751525e-19 3.567604e-12 3.357134e-06 9.999966e-01 
2.577889e+01 5.753372e-19 2.509632e-12 2.815694e-06 9.999972e-01 
2.595477e+01 3.394472e-19 1.765401e-12 2.361578e-06 9.999976e-01 
2.613065e+01 2.002729e-19 1.241871e-12 1.980701e-06 9.999980e-01 
2.630653e+01 1.181604e-19 8.735943e-13 1.661253e-06 9.999983e-01 
2.648241e+01 6.971426e-20 6.145299e-13 1.393325e-06 9.999986e-01 
2.665829e+01 4.113120e-20 4.322910e-13 1.168608e-06 9.999988e-01 
2.683417e+01 2.426728e-20 3.040951e-13 9.801343e-07 9.999990e-01 
2.701005e+01 1.431762e-20 2.139156e-13 8.220575e-07 9.999992e-01 
2.718593e+01 8.447350e-21 1.504789e-13 6.894755e-07 9.999993e-01 
2.736181e+01 4.983910e-21 1.058544e-13 5.782763e-07 9.999994e-01 
2.753769e+01 2.940491e-21 7.446325e-14 4.850115e-07 9.999995e-01 
2.771357e+01 1.734881e-21 5.238116e-14 4.067884e-07 9.999996e-01 
2.788945e+01 1.023574e-21 3.684752e-14 3.411813e-07 9.999997e-01 
2.806533e+01 6.039054e-22 2.592038e-14 2.861553e-07 9.999997e-01 
2.824121e+01 3.563023e-22 1.823369e-14 2.400039e-07 9.999998e-01 
2.841709e+01 2.102172e-22 1.282648e-14 2.012959e-07 9.999998e-01 
2.859296e+01 1.240275e-22 9.022787e-15 1.688307e-07 9.999998e-01 
2.876884e+01 7.317581e-23 6.347078e-15 1.416015e-07 9.999999e-01 
2.894472e+01 4.317350e-23 4.464850e-15 1.187639e-07 9.999999e-01 
2.912060e+01 2.547222e-23 3.140798e-15 9.960958e-08 9.999999e-01 
2.929648e+01 1.502853e-23 2.209394e-15 8.354446e-08 9.999999e-01 
2.947236e+01 8.866785e-24 1.554198e-15 7.007034e-08 9.999999e-01 
2.964824e+01 5.231375e-24 1.093300e-15 5.876934e-08 9.999999e-01 
2.982412e+01 3.086494e-24 7.690816e-16 4.929097e-08 1.000000e+00 
3.000000e+01 1.821022e-24 5.410103e-16 4.134128e-08 1.000000e+00 
