#E                   4            5            6            7            8 
-5.000000e+00 9.999938e-01 6.234496e-06 1.158303e-11 8.600151e-18 1.936915e-24 
-4.824121e+00 9.999926e-01 7.433345e-06 1.646602e-11 1.457659e-17 3.914208e-24 
-4.648241e+00 9.999911e-01 8.862722e-06 2.340749e-11 2.470618e-17 7.910012e-24 
-4.472362e+00 9.999894e-01 1.056695e-05 3.327523e-11 4.187504e-17 1.598491e-23 
-4.296482e+00 9.999874e-01 1.259889e-05 4.730283e-11 7.097489e-17 3.230302e-23 
-4.120603e+00 9.999850e-01 1.502155e-05 6.724391e-11 1.202968e-16 6.527936e-23 
-3.944724e+00 9.999821e-01 1.791006e-05 9.559136e-11 2.038934e-16 1.319193e-22 
-3.768844e+00 9.999786e-01 2.135399e-05 1.358889e-10 3.455827e-16 2.665881e-22 
-3.592965e+00 9.999745e-01 2.546013e-05 1.931742e-10 5.857342e-16 5.387320e-22 
-3.417085e+00 9.999696e-01 3.035582e-05 2.746085e-10 9.927703e-16 1.088691e-21 
-3.241206e+00 9.999638e-01 3.619286e-05 3.903717e-10 1.682661e-15 2.200066e-21 
-3.065327e+00 9.999568e-01 4.315224e-05 5.549351e-10 2.851963e-15 4.445970e-21 
-2.889447e+00 9.999485e-01 5.144974e-05 7.888701e-10 4.833822e-15 8.984558e-21 
-2.713568e+00 9.999387e-01 6.134262e-05 1.121419e-09 8.192883e-15 1.815625e-20 
-2.537688e+00 9.999269e-01 7.313759e-05 1.594152e-09 1.388615e-14 3.669061e-20 
-2.361809e+00 9.999128e-01 8.720030e-05 2.266160e-09 2.353565e-14 7.414512e-20 
-2.185930e+00 9.998960e-01 1.039667e-04 3.221442e-09 3.989048e-14 1.498336e-19 
-2.010050e+00 9.998760e-01 1.239564e-04 4.579399e-09 6.761000e-14 3.027849e-19 
-1.834171e+00 9.998522e-01 1.477890e-04 6.509761e-09 1.145911e-13 6.118679e-19 
-1.658291e+00 9.998238e-01 1.762029e-04 9.253789e-09 1.942178e-13 1.236457e-18 
-1.482412e+00 9.997899e-01 2.100786e-04 1.315442e-08 3.291733e-13 2.498609e-18 
-1.306533e+00 9.997495e-01 2.504654e-04 1.869912e-08 5.579014e-13 5.049106e-18 
-1.130653e+00 9.997014e-01 2.986141e-04 2.658074e-08 9.455551e-13 1.020299e-17 
-9.547739e-01 9.996439e-01 3.560154e-04 3.778410e-08 1.602553e-12 2.061751e-17 
-7.788945e-01 9.995755e-01 4.244461e-04 5.370890e-08 2.716020e-12 4.166202e-17 
-6.030151e-01 9.994939e-01 5.060233e-04 7.634449e-08 4.603072e-12 8.418577e-17 
-4.271357e-01 9.993966e-01 6.032700e-04 1.085181e-07 7.801100e-12 1.701101e-16 
-2.512563e-01 9.992807e-01 7.191919e-04 1.542478e-07 1.322074e-11 3.437270e-16 
-7.537688e-02 9.991424e-01 8.573697e-04 2.192430e-07 2.240506e-11 6.945241e-16 
1.005025e-01 9.989776e-01 1.022068e-03 3.116168e-07 3.796862e-11 1.403297e-15 
2.763819e-01 9.987812e-01 1.218367e-03 4.428967e-07 6.434129e-11 2.835293e-15 
4.522613e-01 9.985471e-01 1.452311e-03 6.294591e-07 1.090281e-10 5.728355e-15 
6.281407e-01 9.982680e-01 1.731098e-03 8.945673e-07 1.847427e-10 1.157290e-14 
8.040201e-01 9.979354e-01 2.063291e-03 1.271262e-06 3.130206e-10 2.337930e-14 
9.798995e-01 9.975391e-01 2.459073e-03 1.806465e-06 5.303356e-10 4.722726e-14 
1.155779e+00 9.970669e-01 2.930550e-03 2.566793e-06 8.984532e-10 9.539396e-14 
1.331658e+00 9.965042e-01 3.492107e-03 3.646806e-06 1.521951e-09 1.926680e-13 
1.507538e+00 9.958340e-01 4.160818e-03 5.180687e-06 2.577857e-09 3.890910e-13 
1.683417e+00 9.950357e-01 4.956943e-03 7.358782e-06 4.365771e-09 7.856637e-13 
1.859296e+00 9.940851e-01 5.904488e-03 1.045100e-05 7.392582e-09 1.586191e-12 
2.035176e+00 9.929533e-01 7.031872e-03 1.483986e-05 1.251560e-08 3.201802e-12 
2.211055e+00 9.916062e-01 8.372687e-03 2.106722e-05 2.118422e-08 6.461579e-12 
2.386935e+00 9.900035e-01 9.966571e-03 2.990003e-05 3.584763e-08 1.303677e-11 
2.562814e+00 9.880973e-01 1.186021e-02 4.242302e-05 6.064203e-08 2.629461e-11 
2.738693e+00 9.858313e-01 1.410843e-02 6.016880e-05 1.025479e-07 5.301557e-11 
2.914573e+00 9.831391e-01 1.677546e-02 8.530030e-05 1.733364e-07 1.068439e-10 
3.090452e+00 9.799426e-01 1.993625e-02 1.208657e-04 2.928368e-07 2.152133e-10 
3.266332e+00 9.761505e-01 2.367789e-02 1.711537e-04 4.944156e-07 4.332305e-10 
3.442211e+00 9.716559e-01 2.810103e-02 2.421859e-04 8.341388e-07 8.714623e-10 
3.618090e+00 9.663350e-01 3.332122e-02 3.423978e-04 1.406060e-06 1.751449e-09 
3.793970e+00 9.600440e-01 3.947006e-02 4.835721e-04 2.367651e-06 3.516372e-09 
3.969849e+00 9.526180e-01 4.669592e-02 6.821122e-04 3.981948e-06 7.051090e-09 
4.145729e+00 9.438686e-01 5.516392e-02 9.607613e-04 6.687115e-06 1.411831e-08 
4.321608e+00 9.335830e-01 6.505489e-02 1.350902e-03 1.121064e-05 2.822007e-08 
4.497487e+00 9.215230e-01 7.656260e-02 1.895588e-03 1.875574e-05 5.629180e-08 
4.673367e+00 9.074264e-01 8.988875e-02 2.653481e-03 3.130327e-05 1.120170e-07 
4.849246e+00 8.910090e-01 1.052348e-01 3.703852e-03 5.209676e-05 2.222740e-07 
5.025126e+00 8.719705e-01 1.227899e-01 5.152764e-03 8.641334e-05 4.395843e-07 
5.201005e+00 8.500026e-01 1.427133e-01 7.140450e-03 1.427742e-04 8.659531e-07 
5.376884e+00 8.248022e-01 1.651116e-01 9.849679e-03 2.348170e-04 1.698079e-06 
5.552764e+00 7.960895e-01 1.900085e-01 1.351453e-02 3.841421e-04 3.312102e-06 
5.728643e+00 7.636312e-01 2.173093e-01 1.842849e-02 6.245455e-04 6.420358e-06 
5.904523e+00 7.272701e-01 2.467595e-01 2.494989e-02 1.008153e-03 1.235677e-05 
6.080402e+00 6.869583e-01 2.779021e-01 3.350196e-02 1.614030e-03 2.358704e-05 
6.256281e+00 6.427933e-01 3.100390e-01 4.456338e-02 2.559781e-03 4.460138e-05 
6.432161e+00 5.950525e-01 3.422029e-01 5.864473e-02 4.016401e-03 8.343842e-05 
6.608040e+00 5.442209e-01 3.731531e-01 7.624578e-02 6.225975e-03 1.542126e-04 
6.783920e+00 4.910049e-01 4.014035e-01 9.778974e-02 9.520688e-03 2.811669e-04 
6.959799e+00 4.363264e-01 4.252950e-01 1.235338e-01 1.433984e-02 5.049213e-04 
7.135678e+00 3.812909e-01 4.431173e-01 1.534609e-01 2.123927e-02 8.916665e-04 
7.311558e+00 3.271275e-01 4.532760e-01 1.871653e-01 3.088522e-02 1.545955e-03 
7.487437e+00 2.751038e-01 4.544914e-01 2.237544e-01 4.402309e-02 2.627303e-03 
7.663317e+00 2.264232e-01 4.459987e-01 2.617960e-01 6.141229e-02 4.369869e-03 
7.839196e+00 1.821198e-01 4.277138e-01 2.993410e-01 8.372244e-02 7.102945e-03 
8.015075e+00 1.429657e-01 4.003238e-01 3.340471e-01 1.113953e-01 1.126800e-02 
8.190955e+00 1.094083e-01 3.652694e-01 3.634068e-01 1.444893e-01 1.742606e-02 
8.366834e+00 8.154835e-02 3.246098e-01 3.850568e-01 1.825370e-01 2.624810e-02 
8.542714e+00 5.916194e-02 2.807839e-01 3.971174e-01 2.244546e-01 3.848211e-02 
8.718593e+00 4.176134e-02 2.363131e-01 3.984904e-01 2.685412e-01 5.489398e-02 
8.894472e+00 2.868055e-02 1.935015e-01 3.890432e-01 3.125894e-01 7.618537e-02 
9.070352e+00 1.916872e-02 1.541961e-01 3.696327e-01 3.541035e-01 1.028990e-01 
9.246231e+00 1.247480e-02 1.196458e-01 3.419620e-01 3.905901e-01 1.353273e-01 
9.422111e+00 7.911740e-03 9.047303e-02 3.083068e-01 4.198652e-01 1.734433e-01 
9.597990e+00 4.895264e-03 6.674315e-02 2.711778e-01 4.403159e-01 2.168680e-01 
9.773869e+00 2.958705e-03 4.809675e-02 2.329950e-01 4.510662e-01 2.648834e-01 
9.949749e+00 1.749332e-03 3.390547e-02 1.958322e-01 4.520237e-01 3.164894e-01 
1.012563e+01 1.013350e-03 2.341749e-02 1.612643e-01 4.438117e-01 3.704932e-01 
1.030151e+01 5.760552e-04 1.587188e-02 1.303196e-01 4.276158e-01 4.256167e-01 
1.047739e+01 3.218831e-04 1.057416e-02 1.035167e-01 4.049842e-01 4.806030e-01 
1.065327e+01 1.770798e-04 6.935860e-03 8.095588e-02 3.776238e-01 5.343074e-01 
1.082915e+01 9.606522e-05 4.486224e-03 6.243275e-02 3.472217e-01 5.857633e-01 
1.100503e+01 5.146946e-05 2.865813e-03 4.755135e-02 3.153121e-01 6.342192e-01 
1.118090e+01 2.727354e-05 1.810603e-03 3.581968e-02 2.831933e-01 6.791491e-01 
1.135678e+01 1.431265e-05 1.132883e-03 2.672188e-02 2.518905e-01 7.202404e-01 
1.153266e+01 7.447585e-06 7.028522e-04 1.976648e-02 2.221558e-01 7.573675e-01 
1.170854e+01 3.846879e-06 4.328531e-04 1.451407e-02 1.944917e-01 7.905576e-01 
1.188442e+01 1.974380e-06 2.648782e-04 1.058957e-02 1.691896e-01 8.199540e-01 
1.206030e+01 1.007780e-06 1.611998e-04 7.683874e-03 1.463723e-01 8.457816e-01 
1.223618e+01 5.119784e-07 9.764140e-05 5.549235e-03 1.260362e-01 8.683165e-01 
1.241206e+01 2.590507e-07 5.890479e-05 3.991473e-03 1.080883e-01 8.878611e-01 
1.258794e+01 1.306240e-07 3.541377e-05 2.861134e-03 9.237770e-02 9.047256e-01 
1.276382e+01 6.567330e-08 2.122861e-05 2.044895e-03 7.871971e-02 9.192141e-01 
1.293970e+01 3.293630e-08 1.269378e-05 1.457887e-03 6.691443e-02 9.316150e-01 
1.311558e+01 1.648335e-08 7.574346e-06 1.037198e-03 5.675980e-02 9.421954e-01 
1.329146e+01 8.234589e-09 4.511542e-06 7.365883e-04 4.806042e-02 9.511985e-01 
1.346734e+01 4.107560e-09 2.683184e-06 5.223165e-04 4.063310e-02 9.588419e-01 
1.364322e+01 2.046321e-09 1.593763e-06 3.699053e-04 3.430996e-02 9.653185e-01 
1.381910e+01 1.018352e-09 9.456522e-07 2.616867e-04 2.893975e-02 9.707976e-01 
1.399497e+01 5.063258e-10 5.605920e-07 1.849612e-04 2.438805e-02 9.754264e-01 
1.417085e+01 2.515544e-10 3.320719e-07 1.306319e-04 2.053664e-02 9.793324e-01 
1.434673e+01 1.248981e-10 1.965801e-07 9.220196e-05 1.728238e-02 9.826252e-01 
1.452261e+01 6.197923e-11 1.163090e-07 6.504253e-05 1.453598e-02 9.853989e-01 
1.469849e+01 3.074257e-11 6.878453e-08 4.586256e-05 1.222049e-02 9.877336e-01 
1.487437e+01 1.524295e-11 4.066335e-08 3.232616e-05 1.026994e-02 9.896977e-01 
1.505025e+01 7.555433e-12 2.403128e-08 2.277778e-05 8.627969e-03 9.913492e-01 
1.522613e+01 3.743978e-12 1.419823e-08 1.604546e-05 7.246576e-03 9.927374e-01 
1.540201e+01 1.854853e-12 8.386753e-09 1.130043e-05 6.084982e-03 9.939037e-01 
1.557789e+01 9.187629e-13 4.953035e-09 7.957124e-06 5.108622e-03 9.948834e-01 
1.575377e+01 4.550181e-13 2.924691e-09 5.602066e-06 4.288242e-03 9.957062e-01 
1.592965e+01 2.253181e-13 1.726756e-09 3.943506e-06 3.599126e-03 9.963969e-01 
1.610553e+01 1.115616e-13 1.019373e-09 2.775673e-06 3.020412e-03 9.969768e-01 
1.628141e+01 5.523229e-14 6.017205e-10 1.953500e-06 2.534514e-03 9.974635e-01 
1.645729e+01 2.734243e-14 3.551586e-10 1.374752e-06 2.126616e-03 9.978720e-01 
1.663317e+01 1.353482e-14 2.096144e-10 9.674010e-07 1.784246e-03 9.982148e-01 
1.680905e+01 6.699521e-15 1.237074e-10 6.807141e-07 1.496913e-03 9.985024e-01 
1.698492e+01 3.316003e-15 7.300464e-11 4.789639e-07 1.255793e-03 9.987437e-01 
1.716080e+01 1.641229e-15 4.308123e-11 3.369953e-07 1.053471e-03 9.989462e-01 
1.733668e+01 8.122863e-16 2.542211e-11 2.370996e-07 8.837165e-04 9.991160e-01 
1.751256e+01 4.020104e-16 1.500110e-11 1.668115e-07 7.412957e-04 9.992585e-01 
1.768844e+01 1.989553e-16 8.851661e-12 1.173575e-07 6.218132e-04 9.993781e-01 
1.786432e+01 9.846121e-17 5.222975e-12 8.256340e-08 5.215790e-04 9.994783e-01 
1.804020e+01 4.872680e-17 3.081798e-12 5.808409e-08 4.374951e-04 9.995624e-01 
1.821608e+01 2.411375e-17 1.818379e-12 4.086213e-08 3.669614e-04 9.996330e-01 
1.839196e+01 1.193319e-17 1.072901e-12 2.874616e-08 3.077958e-04 9.996922e-01 
1.856784e+01 5.905334e-18 6.330398e-13 2.022248e-08 2.581670e-04 9.997418e-01 
1.874372e+01 2.922326e-18 3.735070e-13 1.422609e-08 2.165386e-04 9.997834e-01 
1.891960e+01 1.446139e-18 2.203756e-13 1.000769e-08 1.816214e-04 9.998184e-01 
1.909548e+01 7.156307e-19 1.300247e-13 7.040114e-09 1.523338e-04 9.998477e-01 
1.927136e+01 3.541326e-19 7.671606e-14 4.952488e-09 1.277684e-04 9.998722e-01 
1.944724e+01 1.752431e-19 4.526316e-14 3.483899e-09 1.071640e-04 9.998928e-01 
1.962312e+01 8.671909e-20 2.670558e-14 2.450790e-09 8.988208e-05 9.999101e-01 
1.979899e+01 4.291283e-20 1.575643e-14 1.724033e-09 7.538692e-05 9.999246e-01 
1.997487e+01 2.123531e-20 9.296359e-15 1.212785e-09 6.322922e-05 9.999368e-01 
2.015075e+01 1.050822e-20 5.484878e-15 8.531422e-10 5.303209e-05 9.999470e-01 
2.032663e+01 5.199950e-21 3.236088e-15 6.001478e-10 4.447941e-05 9.999555e-01 
2.050251e+01 2.573170e-21 1.909295e-15 4.221769e-10 3.730600e-05 9.999627e-01 
2.067839e+01 1.273319e-21 1.126485e-15 2.969820e-10 3.128945e-05 9.999687e-01 
2.085427e+01 6.300945e-22 6.646258e-16 2.089130e-10 2.624319e-05 9.999738e-01 
2.103015e+01 3.117983e-22 3.921287e-16 1.469604e-10 2.201076e-05 9.999780e-01 
2.120603e+01 1.542913e-22 2.313555e-16 1.033796e-10 1.846091e-05 9.999815e-01 
2.138191e+01 7.634998e-23 1.364994e-16 7.272260e-11 1.548356e-05 9.999845e-01 
2.155779e+01 3.778124e-23 8.053441e-17 5.115683e-11 1.298639e-05 9.999870e-01 
2.173367e+01 1.869577e-23 4.751515e-17 3.598633e-11 1.089196e-05 9.999891e-01 
2.190955e+01 9.251460e-24 2.803383e-17 2.531462e-11 9.135311e-06 9.999909e-01 
2.208543e+01 4.578014e-24 1.653990e-17 1.780759e-11 7.661971e-06 9.999923e-01 
2.226131e+01 2.265395e-24 9.758497e-18 1.252676e-11 6.426250e-06 9.999936e-01 
2.243719e+01 1.121013e-24 5.757488e-18 8.811957e-12 5.389824e-06 9.999946e-01 
2.261307e+01 5.547241e-25 3.396902e-18 6.198775e-12 4.520553e-06 9.999955e-01 
2.278894e+01 2.745008e-25 2.004163e-18 4.360530e-12 3.791477e-06 9.999962e-01 
2.296482e+01 1.358345e-25 1.182450e-18 3.067416e-12 3.179986e-06 9.999968e-01 
2.314070e+01 6.721659e-26 6.976423e-19 2.157774e-12 2.667116e-06 9.999973e-01 
2.331658e+01 3.326158e-26 4.116069e-19 1.517886e-12 2.236963e-06 9.999978e-01 
2.349246e+01 1.645922e-26 2.428468e-19 1.067757e-12 1.876184e-06 9.999981e-01 
2.366834e+01 8.144708e-27 1.432789e-19 7.511137e-13 1.573592e-06 9.999984e-01 
2.384422e+01 4.030341e-27 8.453411e-20 5.283709e-13 1.319802e-06 9.999987e-01 
2.402010e+01 1.994381e-27 4.987486e-20 3.716825e-13 1.106943e-06 9.999989e-01 
2.419598e+01 9.869028e-28 2.942601e-20 2.614600e-13 9.284147e-07 9.999991e-01 
2.437186e+01 4.883606e-28 1.736126e-20 1.839240e-13 7.786793e-07 9.999992e-01 
2.454774e+01 2.416612e-28 1.024309e-20 1.293813e-13 6.530933e-07 9.999993e-01 
2.472362e+01 1.195840e-28 6.043389e-21 9.101327e-14 5.477619e-07 9.999995e-01 
2.489950e+01 5.917515e-29 3.565580e-21 6.402327e-14 4.594184e-07 9.999995e-01 
2.507538e+01 2.928233e-29 2.103681e-21 4.503716e-14 3.853231e-07 9.999996e-01 
2.525126e+01 1.449011e-29 1.241165e-21 3.168138e-14 3.231778e-07 9.999997e-01 
2.542714e+01 7.170311e-30 7.322835e-22 2.228626e-14 2.710555e-07 9.999997e-01 
2.560302e+01 3.548168e-30 4.320449e-22 1.567727e-14 2.273394e-07 9.999998e-01 
2.577889e+01 1.755781e-30 2.549051e-22 1.102817e-14 1.906739e-07 9.999998e-01 
2.595477e+01 8.688337e-31 1.503932e-22 7.757764e-15 1.599219e-07 9.999998e-01 
2.613065e+01 4.299350e-31 8.873151e-23 5.457198e-15 1.341295e-07 9.999999e-01 
2.630653e+01 2.127497e-31 5.235131e-23 3.838865e-15 1.124970e-07 9.999999e-01 
2.648241e+01 1.052774e-31 3.088710e-23 2.700448e-15 9.435339e-08 9.999999e-01 
2.665829e+01 5.209565e-32 1.822329e-23 1.899630e-15 7.913600e-08 9.999999e-01 
2.683417e+01 2.577909e-32 1.075168e-23 1.336294e-15 6.637287e-08 9.999999e-01 
2.701005e+01 1.275657e-32 6.343459e-24 9.400159e-16 5.566820e-08 9.999999e-01 
2.718593e+01 6.312480e-33 3.742620e-24 6.612540e-16 4.668998e-08 1.000000e+00 
2.736181e+01 3.123678e-33 2.208134e-24 4.651590e-16 3.915978e-08 1.000000e+00 
2.753769e+01 1.545726e-33 1.302792e-24 3.272160e-16 3.284406e-08 1.000000e+00 
2.771357e+01 7.648894e-34 7.686431e-25 2.301800e-16 2.754694e-08 1.000000e+00 
2.788945e+01 3.784991e-34 4.534969e-25 1.619201e-16 2.310415e-08 1.000000e+00 
2.806533e+01 1.872971e-34 2.675617e-25 1.139026e-16 1.937789e-08 1.000000e+00 
2.824121e+01 9.268239e-35 1.578606e-25 8.012479e-17 1.625261e-08 1.000000e+00 
2.841709e+01 4.586310e-35 9.313723e-26 5.636376e-17 1.363137e-08 1.000000e+00 
2.859296e+01 2.269497e-35 5.495066e-26 3.964908e-17 1.143289e-08 1.000000e+00 
2.876884e+01 1.123041e-35 3.242072e-26 2.789114e-17 9.588986e-09 1.000000e+00 
2.894472e+01 5.557276e-36 1.912812e-26 1.962001e-17 8.042466e-09 1.000000e+00 
2.912060e+01 2.749971e-36 1.128553e-26 1.380169e-17 6.745370e-09 1.000000e+00 
2.929648e+01 1.360800e-36 6.658425e-27 9.708798e-18 5.657471e-09 1.000000e+00 
2.947236e+01 6.733806e-37 3.928450e-27 6.829652e-18 4.745029e-09 1.000000e+00 
2.964824e+01 3.332167e-37 2.317773e-27 4.804317e-18 3.979747e-09 1.000000e+00 
2.982412e+01 1.648895e-37 1.367478e-27 3.379596e-18 3.337890e-09 1.000000e+00 
3.000000e+01 8.159418e-38 8.068079e-28 2.377376e-18 2.799552e-09 1.000000e+00 
