#E                   2            3            4            5            6 
-5.000000e+00 9.999996e-01 4.488757e-07 4.965379e-14 1.173403e-22 6.782733e-32 
-4.824121e+00 9.999995e-01 5.351918e-07 7.058611e-14 1.988829e-22 1.370688e-31 
-4.648241e+00 9.999994e-01 6.381061e-07 1.003428e-13 3.370915e-22 2.769952e-31 
-4.472362e+00 9.999992e-01 7.608101e-07 1.426438e-13 5.713445e-22 5.597654e-31 
-4.296482e+00 9.999991e-01 9.071094e-07 2.027775e-13 9.683857e-22 1.131201e-30 
-4.120603e+00 9.999989e-01 1.081541e-06 2.882615e-13 1.641340e-21 2.285986e-30 
-3.944724e+00 9.999987e-01 1.289515e-06 4.097826e-13 2.781947e-21 4.619630e-30 
-3.768844e+00 9.999985e-01 1.537481e-06 5.825326e-13 4.715190e-21 9.335572e-30 
-3.592965e+00 9.999982e-01 1.833129e-06 8.281081e-13 7.991888e-21 1.886577e-29 
-3.417085e+00 9.999978e-01 2.185629e-06 1.177210e-12 1.354564e-20 3.812486e-29 
-3.241206e+00 9.999974e-01 2.605911e-06 1.673480e-12 2.295883e-20 7.704454e-29 
-3.065327e+00 9.999969e-01 3.107012e-06 2.378960e-12 3.891347e-20 1.556953e-28 
-2.889447e+00 9.999963e-01 3.704470e-06 3.381846e-12 6.595535e-20 3.146364e-28 
-2.713568e+00 9.999956e-01 4.416815e-06 4.807513e-12 1.117893e-19 6.358322e-28 
-2.537688e+00 9.999947e-01 5.266139e-06 6.834189e-12 1.894742e-19 1.284920e-27 
-2.361809e+00 9.999937e-01 6.278781e-06 9.715238e-12 3.211441e-19 2.596625e-27 
-2.185930e+00 9.999925e-01 7.486145e-06 1.381083e-11 5.443143e-19 5.247381e-27 
-2.010050e+00 9.999911e-01 8.925675e-06 1.963297e-11 9.225704e-19 1.060415e-26 
-1.834171e+00 9.999894e-01 1.064201e-05 2.790951e-11 1.563684e-18 2.142934e-26 
-1.658291e+00 9.999873e-01 1.268838e-05 3.967512e-11 2.650322e-18 4.330537e-26 
-1.482412e+00 9.999849e-01 1.512825e-05 5.640065e-11 4.492084e-18 8.751339e-26 
-1.306533e+00 9.999820e-01 1.803727e-05 8.017699e-11 7.613721e-18 1.768508e-25 
-1.130653e+00 9.999785e-01 2.150566e-05 1.139765e-10 1.290464e-17 3.573875e-25 
-9.547739e-01 9.999744e-01 2.564097e-05 1.620243e-10 2.187230e-17 7.222231e-25 
-7.788945e-01 9.999694e-01 3.057144e-05 2.303271e-10 3.707171e-17 1.459496e-24 
-6.030151e-01 9.999635e-01 3.644993e-05 3.274231e-10 6.283338e-17 2.949404e-24 
-4.271357e-01 9.999565e-01 4.345874e-05 4.654502e-10 1.064971e-16 5.960258e-24 
-2.512563e-01 9.999482e-01 5.181517e-05 6.616624e-10 1.805030e-16 1.204468e-23 
-7.537688e-02 9.999382e-01 6.177832e-05 9.405872e-10 3.059359e-16 2.434023e-23 
1.005025e-01 9.999263e-01 7.365706e-05 1.337091e-09 5.185321e-16 4.918734e-23 
2.763819e-01 9.999122e-01 8.781964e-05 1.900735e-09 8.788603e-16 9.939876e-23 
4.522613e-01 9.998953e-01 1.047051e-04 2.701974e-09 1.489577e-15 2.008665e-22 
6.281407e-01 9.998752e-01 1.248368e-04 3.840956e-09 2.524669e-15 4.059126e-22 
8.040201e-01 9.998512e-01 1.488386e-04 5.460039e-09 4.279021e-15 8.202682e-22 
9.798995e-01 9.998225e-01 1.774543e-04 7.761582e-09 7.252410e-15 1.657591e-21 
1.155779e+00 9.997884e-01 2.115705e-04 1.103322e-08 1.229187e-14 3.349626e-21 
1.331658e+00 9.997477e-01 2.522441e-04 1.568381e-08 2.083294e-14 6.768811e-21 
1.507538e+00 9.996992e-01 3.007346e-04 2.229448e-08 3.530855e-14 1.367808e-20 
1.683417e+00 9.996414e-01 3.585434e-04 3.169124e-08 5.984186e-14 2.763973e-20 
1.859296e+00 9.995725e-01 4.274597e-04 4.504806e-08 1.014204e-13 5.585187e-20 
2.035176e+00 9.994903e-01 5.096158e-04 6.403351e-08 1.718859e-13 1.128589e-19 
2.211055e+00 9.993924e-01 6.075525e-04 9.101892e-08 2.913050e-13 2.280484e-19 
2.386935e+00 9.992756e-01 7.242967e-04 1.293742e-07 4.936823e-13 4.607975e-19 
2.562814e+00 9.991364e-01 8.634545e-04 1.838883e-07 8.366376e-13 9.310722e-19 
2.738693e+00 9.989704e-01 1.029321e-03 2.613659e-07 1.417802e-12 1.881244e-18 
2.914573e+00 9.987726e-01 1.227010e-03 3.714752e-07 2.402592e-12 3.800956e-18 
3.090452e+00 9.985369e-01 1.462612e-03 5.279518e-07 4.071250e-12 7.679344e-18 
3.266332e+00 9.982559e-01 1.743373e-03 7.503069e-07 6.898520e-12 1.551443e-17 
3.442211e+00 9.979210e-01 2.077917e-03 1.066253e-06 1.168855e-11 3.134179e-17 
3.618090e+00 9.975220e-01 2.476497e-03 1.515142e-06 1.980328e-11 6.331169e-17 
3.793970e+00 9.970465e-01 2.951306e-03 2.152847e-06 3.354907e-11 1.278824e-16 
3.969849e+00 9.964801e-01 3.516826e-03 3.058675e-06 5.683084e-11 2.582841e-16 
4.145729e+00 9.958054e-01 4.190253e-03 4.345163e-06 9.625876e-11 5.215997e-16 
4.321608e+00 9.950018e-01 4.991983e-03 6.171949e-06 1.630197e-10 1.053224e-15 
4.497487e+00 9.940450e-01 5.946189e-03 8.765394e-06 2.760404e-10 2.126359e-15 
4.673367e+00 9.929061e-01 7.081484e-03 1.244631e-05 4.673315e-10 4.292126e-15 
4.849246e+00 9.915506e-01 8.431687e-03 1.766909e-05 7.910103e-10 8.661897e-15 
5.025126e+00 9.899382e-01 1.003670e-02 2.507692e-05 1.338522e-09 1.747592e-14 
5.201005e+00 9.880209e-01 1.194353e-02 3.557944e-05 2.264300e-09 3.524779e-14 
5.376884e+00 9.857422e-01 1.420736e-02 5.046186e-05 3.828967e-09 7.106616e-14 
5.552764e+00 9.830356e-01 1.689284e-02 7.153788e-05 6.471991e-09 1.432196e-13 
5.728643e+00 9.798232e-01 2.007542e-02 1.013635e-04 1.093369e-08 2.884794e-13 
5.904523e+00 9.760137e-01 2.384274e-02 1.435346e-04 1.845973e-08 5.807067e-13 
6.080402e+00 9.715008e-01 2.829612e-02 2.031003e-04 3.114317e-08 1.168094e-12 
6.256281e+00 9.661610e-01 3.355186e-02 2.871335e-04 5.249519e-08 2.347567e-12 
6.432161e+00 9.598519e-01 3.974247e-02 4.055137e-04 8.839438e-08 4.713099e-12 
6.608040e+00 9.524105e-01 4.701736e-02 5.719952e-04 1.486603e-07 9.450621e-12 
6.783920e+00 9.436511e-01 5.554296e-02 8.056503e-04 2.496506e-07 1.892263e-11 
6.959799e+00 9.333651e-01 6.550169e-02 1.132801e-03 4.185266e-07 3.782294e-11 
7.135678e+00 9.213203e-01 7.708947e-02 1.589570e-03 7.002167e-07 7.544808e-11 
7.311558e+00 9.072627e-01 9.051091e-02 2.225199e-03 1.168706e-06 1.501428e-10 
7.487437e+00 8.909200e-01 1.059717e-01 3.106286e-03 1.945187e-06 2.979504e-10 
7.663317e+00 8.720074e-01 1.236673e-01 4.322050e-03 3.226956e-06 5.893308e-10 
7.839196e+00 8.502373e-01 1.437667e-01 5.990688e-03 5.332899e-06 1.161216e-09 
8.015075e+00 8.253331e-01 1.663914e-01 8.266710e-03 8.774106e-06 2.277906e-09 
8.190955e+00 7.970481e-01 1.915886e-01 1.134893e-02 1.436179e-05 4.445544e-09 
8.366834e+00 7.651889e-01 2.192993e-01 1.548838e-02 2.336915e-05 8.624678e-09 
8.542714e+00 7.296439e-01 2.493234e-01 2.099496e-02 3.776901e-05 1.661954e-08 
8.718593e+00 6.904142e-01 2.812841e-01 2.824105e-02 6.057379e-05 3.177983e-08 
8.894472e+00 6.476457e-01 3.145983e-01 3.765958e-02 9.630811e-05 6.024391e-08 
9.070352e+00 6.016561e-01 3.484582e-01 4.973397e-02 1.516436e-04 1.130987e-07 
9.246231e+00 5.529530e-01 3.818335e-01 6.497705e-02 2.362187e-04 2.100542e-07 
9.422111e+00 5.022367e-01 4.135021e-01 8.389713e-02 3.636511e-04 3.855543e-07 
9.597990e+00 4.503818e-01 4.421133e-01 1.069514e-01 5.527232e-04 6.987016e-07 
9.773869e+00 3.983961e-01 4.662848e-01 1.344892e-01 8.286902e-04 1.248992e-06 
9.949749e+00 3.473565e-01 4.847246e-01 1.666920e-01 1.224625e-03 2.200665e-06 
1.012563e+01 2.983305e-01 4.963645e-01 2.035185e-01 1.782689e-03 3.819530e-06 
1.030151e+01 2.522907e-01 5.004812e-01 2.446664e-01 2.555226e-03 6.527506e-06 
1.047739e+01 2.100383e-01 4.967851e-01 2.895600e-01 3.605596e-03 1.098192e-05 
1.065327e+01 1.721464e-01 4.854578e-01 3.373689e-01 5.008722e-03 1.818912e-05 
1.082915e+01 1.389316e-01 4.671303e-01 3.870570e-01 6.851416e-03 2.966529e-05 
1.100503e+01 1.104571e-01 4.428066e-01 4.374561e-01 9.232585e-03 4.766230e-05 
1.118090e+01 8.656308e-02 4.137486e-01 4.873494e-01 1.226345e-02 7.548277e-05 
1.135678e+01 6.691588e-02 3.813436e-01 5.355547e-01 1.606792e-02 1.179175e-04 
1.153266e+01 5.106570e-02 3.469765e-01 5.809929e-01 2.078308e-02 1.818495e-04 
1.170854e+01 3.850306e-02 3.119244e-01 6.227355e-01 2.655989e-02 2.770842e-04 
1.188442e+01 2.870695e-02 2.772839e-01 6.600280e-01 3.356360e-02 4.174817e-04 
1.206030e+01 2.118101e-02 2.439314e-01 6.922913e-01 4.197381e-02 6.224877e-04 
1.223618e+01 1.547689e-02 2.125144e-01 7.191060e-01 5.198355e-02 9.191825e-04 
1.241206e+01 1.120638e-02 1.834651e-01 7.401869e-01 6.379665e-02 1.344984e-03 
1.258794e+01 8.044646e-03 1.570285e-01 7.553528e-01 7.762288e-02 1.951158e-03 
1.276382e+01 5.727519e-03 1.332973e-01 7.644980e-01 9.366983e-02 2.807281e-03 
1.293970e+01 4.045208e-03 1.122481e-01 7.675692e-01 1.121307e-01 4.006766e-03 
1.311558e+01 2.834410e-03 9.377443e-02 7.645507e-01 1.331670e-01 5.673482e-03 
1.329146e+01 1.970155e-03 7.771515e-02 7.554592e-01 1.568862e-01 7.969320e-03 
1.346734e+01 1.358185e-03 6.387747e-02 7.403489e-01 1.833131e-01 1.110232e-02 
1.364322e+01 9.282855e-04 5.205395e-02 7.193263e-01 2.123570e-01 1.533451e-02 
1.381910e+01 6.287156e-04 4.203488e-02 6.925729e-01 2.437752e-01 2.098826e-02 
1.399497e+01 4.217080e-04 3.361637e-02 6.603740e-01 2.771389e-01 2.844905e-02 
1.417085e+01 2.799279e-04 2.660533e-02 6.231480e-01 3.118043e-01 3.816243e-02 
1.434673e+01 1.837457e-04 2.082204e-02 5.814726e-01 3.468995e-01 5.062219e-02 
1.452261e+01 1.191700e-04 1.610113e-02 5.360999e-01 3.813323e-01 6.634746e-02 
1.469849e+01 7.630174e-05 1.229157e-02 4.879555e-01 4.138296e-01 8.584711e-02 
1.487437e+01 4.819201e-05 9.256170e-03 4.381146e-01 4.430089e-01 1.095721e-01 
1.505025e+01 3.000396e-05 6.870975e-03 3.877557e-01 4.674836e-01 1.378597e-01 
1.522613e+01 1.840299e-05 5.024716e-03 3.380919e-01 4.859890e-01 1.708760e-01 
1.540201e+01 1.111521e-05 3.618464e-03 2.902893e-01 4.975149e-01 2.085663e-01 
1.557789e+01 6.609422e-06 2.565391e-03 2.453826e-01 5.014208e-01 2.506246e-01 
1.575377e+01 3.869147e-06 1.790559e-03 2.042031e-01 4.975130e-01 2.964895e-01 
1.592965e+01 2.230269e-06 1.230592e-03 1.673290e-01 4.860677e-01 3.453704e-01 
1.610553e+01 1.266387e-06 8.331184e-04 1.350664e-01 4.677957e-01 3.963036e-01 
1.628141e+01 7.087661e-07 5.559386e-04 1.074610e-01 4.437549e-01 4.482274e-01 
1.645729e+01 3.912900e-07 3.659369e-04 8.433611e-02 4.152307e-01 5.000669e-01 
1.663317e+01 2.132754e-07 2.378108e-04 6.534652e-02 3.836028e-01 5.508126e-01 
1.680905e+01 1.148825e-07 1.527314e-04 5.003831e-02 3.502236e-01 5.995853e-01 
1.698492e+01 6.121882e-08 9.703819e-05 3.790535e-02 3.163200e-01 6.456776e-01 
1.716080e+01 3.230620e-08 6.105581e-05 2.843598e-02 2.829293e-01 6.885736e-01 
1.733668e+01 1.690058e-08 3.808258e-05 2.114711e-02 2.508673e-01 7.279475e-01 
1.751256e+01 8.773233e-09 2.357044e-05 1.560543e-02 2.207255e-01 7.636455e-01 
1.768844e+01 4.523364e-09 1.448949e-05 1.143786e-02 1.928877e-01 7.956599e-01 
1.786432e+01 2.318348e-09 8.854286e-06 8.333522e-03 1.675606e-01 8.240970e-01 
1.804020e+01 1.182085e-09 5.382788e-06 6.040401e-03 1.448081e-01 8.491462e-01 
1.821608e+01 6.000349e-10 3.257755e-06 4.358734e-03 1.245864e-01 8.710516e-01 
1.839196e+01 3.034114e-10 1.964071e-06 3.133160e-03 1.067767e-01 8.900882e-01 
1.856784e+01 1.529161e-10 1.180218e-06 2.244765e-03 9.121121e-02 9.065428e-01 
1.874372e+01 7.685099e-11 7.071991e-07 1.603740e-03 7.769529e-02 9.207003e-01 
1.891960e+01 3.853022e-11 4.227437e-07 1.143017e-03 6.602327e-02 9.328333e-01 
1.909548e+01 1.927817e-11 2.521883e-07 8.129880e-04 5.599017e-02 9.431966e-01 
1.927136e+01 9.628913e-12 1.501827e-07 5.772481e-04 4.739948e-02 9.520231e-01 
1.944724e+01 4.802321e-12 8.930530e-08 4.092638e-04 4.006802e-02 9.595226e-01 
1.962312e+01 2.392137e-12 5.303903e-08 2.898045e-04 3.382853e-02 9.658816e-01 
1.979899e+01 1.190326e-12 3.146724e-08 2.049990e-04 2.853075e-02 9.712642e-01 
1.997487e+01 5.917816e-13 1.865254e-08 1.448820e-04 2.404137e-02 9.758137e-01 
2.015075e+01 2.939907e-13 1.104825e-08 1.023183e-04 2.024332e-02 9.796544e-01 
2.032663e+01 1.459598e-13 6.539982e-09 7.221376e-05 1.703459e-02 9.828932e-01 
2.050251e+01 7.242752e-14 3.869282e-09 5.093979e-05 1.432691e-02 9.856222e-01 
2.067839e+01 3.592370e-14 2.288186e-09 3.591712e-05 1.204426e-02 9.879198e-01 
2.085427e+01 1.781133e-14 1.352664e-09 2.531533e-05 1.012152e-02 9.898532e-01 
2.103015e+01 8.828263e-15 7.993784e-10 1.783732e-05 8.503058e-03 9.914791e-01 
2.120603e+01 4.374614e-15 4.722808e-10 1.256496e-05 7.141509e-03 9.928459e-01 
2.138191e+01 2.167245e-15 2.789665e-10 8.849040e-06 5.996649e-03 9.939945e-01 
2.155779e+01 1.073484e-15 1.647491e-10 6.230898e-06 5.034387e-03 9.949594e-01 
2.173367e+01 5.316373e-16 9.728062e-11 4.386694e-06 4.225875e-03 9.957697e-01 
2.190955e+01 2.632560e-16 5.743447e-11 3.087927e-06 3.546745e-03 9.964502e-01 
2.208543e+01 1.303447e-16 3.390558e-11 2.173447e-06 2.976428e-03 9.970214e-01 
2.226131e+01 6.453100e-17 2.001380e-11 1.529646e-06 2.497587e-03 9.975009e-01 
2.243719e+01 3.194550e-17 1.181284e-11 1.076463e-06 2.095619e-03 9.979033e-01 
2.261307e+01 1.581331e-17 6.971898e-12 7.574941e-07 1.758231e-03 9.982410e-01 
2.278894e+01 7.827306e-18 4.114565e-12 5.330103e-07 1.475081e-03 9.985244e-01 
2.296482e+01 3.874199e-18 2.428158e-12 3.750353e-07 1.237473e-03 9.987622e-01 
2.314070e+01 1.917498e-18 1.432892e-12 2.638712e-07 1.038099e-03 9.989616e-01 
2.331658e+01 9.490166e-19 8.455431e-13 1.856512e-07 8.708198e-04 9.991290e-01 
2.349246e+01 4.696789e-19 4.989378e-13 1.306147e-07 7.304758e-04 9.992694e-01 
2.366834e+01 2.324440e-19 2.944064e-13 9.189169e-08 6.127363e-04 9.993872e-01 
2.384422e+01 1.150343e-19 1.737160e-13 6.464758e-08 5.139644e-04 9.994860e-01 
2.402010e+01 5.692850e-20 1.025004e-13 4.548009e-08 4.311075e-04 9.995688e-01 
2.419598e+01 2.817255e-20 6.047910e-14 3.199519e-08 3.616033e-04 9.996384e-01 
2.437186e+01 1.394176e-20 3.568456e-14 2.250832e-08 3.033013e-04 9.996967e-01 
2.454774e+01 6.899301e-21 2.105481e-14 1.583425e-08 2.543970e-04 9.997456e-01 
2.472362e+01 3.414201e-21 1.242278e-14 1.113905e-08 2.133764e-04 9.997866e-01 
2.489950e+01 1.689547e-21 7.329651e-15 7.836035e-09 1.789690e-04 9.998210e-01 
2.507538e+01 8.360822e-22 4.324595e-15 5.512417e-09 1.501091e-04 9.998499e-01 
2.525126e+01 4.137383e-22 2.551559e-15 3.877802e-09 1.259024e-04 9.998741e-01 
2.542714e+01 2.047391e-22 1.505442e-15 2.727894e-09 1.055989e-04 9.998944e-01 
2.560302e+01 1.013151e-22 8.882212e-16 1.918969e-09 8.856933e-05 9.999114e-01 
2.577889e+01 5.013565e-23 5.240551e-16 1.349918e-09 7.428585e-05 9.999257e-01 
2.595477e+01 2.480950e-23 3.091946e-16 9.496108e-10 6.230571e-05 9.999377e-01 
2.613065e+01 1.227690e-23 1.824256e-16 6.680102e-10 5.225752e-05 9.999477e-01 
2.630653e+01 6.075171e-24 1.076314e-16 4.699156e-10 4.382975e-05 9.999562e-01 
2.648241e+01 3.006268e-24 6.350265e-17 3.305644e-10 3.676111e-05 9.999632e-01 
2.665829e+01 1.487635e-24 3.746658e-17 2.325368e-10 3.083243e-05 9.999692e-01 
2.683417e+01 7.361476e-25 2.210527e-17 1.635788e-10 2.585988e-05 9.999741e-01 
2.701005e+01 3.642780e-25 1.304209e-17 1.150699e-10 2.168926e-05 9.999783e-01 
2.718593e+01 1.802605e-25 7.694821e-18 8.094620e-11 1.819126e-05 9.999818e-01 
2.736181e+01 8.920066e-26 4.539933e-18 5.694176e-11 1.525741e-05 9.999847e-01 
2.753769e+01 4.414030e-26 2.678552e-18 4.005576e-11 1.279671e-05 9.999872e-01 
2.771357e+01 2.184250e-26 1.580341e-18 2.817728e-11 1.073287e-05 9.999893e-01 
2.788945e+01 1.080860e-26 9.323975e-19 1.982133e-11 9.001877e-06 9.999910e-01 
2.806533e+01 5.348552e-27 5.501123e-19 1.394333e-11 7.550057e-06 9.999924e-01 
2.824121e+01 2.646689e-27 3.245649e-19 9.808446e-12 6.332385e-06 9.999937e-01 
2.841709e+01 1.309693e-27 1.914924e-19 6.899756e-12 5.311098e-06 9.999947e-01 
2.859296e+01 6.480912e-28 1.129800e-19 4.853636e-12 4.454523e-06 9.999955e-01 
2.876884e+01 3.207027e-28 6.665789e-20 3.414292e-12 3.736097e-06 9.999963e-01 
2.894472e+01 1.586971e-28 3.932797e-20 2.401784e-12 3.133538e-06 9.999969e-01 
2.912060e+01 7.852998e-29 2.320339e-20 1.689535e-12 2.628159e-06 9.999974e-01 
2.929648e+01 3.885992e-29 1.368993e-20 1.188504e-12 2.204288e-06 9.999978e-01 
2.947236e+01 1.922951e-29 8.077017e-21 8.360531e-13 1.848779e-06 9.999982e-01 
2.964824e+01 9.515564e-30 4.765415e-21 5.881215e-13 1.550607e-06 9.999984e-01 
2.982412e+01 4.708698e-30 2.811580e-21 4.137141e-13 1.300524e-06 9.999987e-01 
3.000000e+01 2.330060e-30 1.658824e-21 2.910271e-13 1.090775e-06 9.999989e-01 
