#E                   2            3            4            5            6 
-5.000000e+00 1.000000e+00 4.426812e-08 4.315391e-16 2.291004e-27 3.522373e-39 
-4.824121e+00 9.999999e-01 5.278063e-08 6.134611e-16 3.883079e-27 7.118183e-39 
-4.648241e+00 9.999999e-01 6.293004e-08 8.720752e-16 6.581526e-27 1.438477e-38 
-4.472362e+00 9.999999e-01 7.503112e-08 1.239712e-15 1.115519e-26 2.906945e-38 
-4.296482e+00 9.999999e-01 8.945918e-08 1.762332e-15 1.890720e-26 5.874495e-38 
-4.120603e+00 9.999999e-01 1.066617e-07 2.505271e-15 3.204628e-26 1.187147e-37 
-3.944724e+00 9.999999e-01 1.271721e-07 3.561406e-15 5.431603e-26 2.399044e-37 
-3.768844e+00 9.999998e-01 1.516265e-07 5.062773e-15 9.206156e-26 4.848104e-37 
-3.592965e+00 9.999998e-01 1.807834e-07 7.197063e-15 1.560374e-25 9.797285e-37 
-3.417085e+00 9.999998e-01 2.155471e-07 1.023110e-14 2.644716e-25 1.979883e-36 
-3.241206e+00 9.999997e-01 2.569955e-07 1.454418e-14 4.482594e-25 4.001044e-36 
-3.065327e+00 9.999997e-01 3.064142e-07 2.067550e-14 7.597657e-25 8.085504e-36 
-2.889447e+00 9.999996e-01 3.653359e-07 2.939157e-14 1.287745e-24 1.633958e-35 
-2.713568e+00 9.999996e-01 4.355879e-07 4.178205e-14 2.182631e-24 3.301982e-35 
-2.537688e+00 9.999995e-01 5.193489e-07 5.939592e-14 3.699395e-24 6.672805e-35 
-2.361809e+00 9.999994e-01 6.192167e-07 8.443518e-14 6.270194e-24 1.348473e-34 
-2.185930e+00 9.999993e-01 7.382884e-07 1.200301e-13 1.062750e-23 2.725059e-34 
-2.010050e+00 9.999991e-01 8.802569e-07 1.706307e-13 1.801281e-23 5.506932e-34 
-1.834171e+00 9.999990e-01 1.049525e-06 2.425627e-13 3.053036e-23 1.112867e-33 
-1.658291e+00 9.999987e-01 1.251342e-06 3.448187e-13 5.174664e-23 2.248936e-33 
-1.482412e+00 9.999985e-01 1.491968e-06 4.901823e-13 8.770662e-23 4.544759e-33 
-1.306533e+00 9.999982e-01 1.778864e-06 6.968260e-13 1.486561e-22 9.184268e-33 
-1.130653e+00 9.999979e-01 2.120929e-06 9.905836e-13 2.519607e-22 1.856001e-32 
-9.547739e-01 9.999975e-01 2.528770e-06 1.408179e-12 4.270542e-22 3.750696e-32 
-7.788945e-01 9.999970e-01 3.015037e-06 2.001818e-12 7.238243e-22 7.579585e-32 
-6.030151e-01 9.999964e-01 3.594809e-06 2.845714e-12 1.226827e-21 1.531719e-31 
-4.271357e-01 9.999957e-01 4.286067e-06 4.045366e-12 2.079377e-21 3.095369e-31 
-2.512563e-01 9.999949e-01 5.110249e-06 5.750748e-12 3.524385e-21 6.255268e-31 
-7.537688e-02 9.999939e-01 6.092915e-06 8.175058e-12 5.973560e-21 1.264094e-30 
1.005025e-01 9.999927e-01 7.264539e-06 1.162137e-11 1.012472e-20 2.554539e-30 
2.763819e-01 9.999913e-01 8.661456e-06 1.652051e-11 1.716061e-20 5.162331e-30 
4.522613e-01 9.999897e-01 1.032699e-05 2.348495e-11 2.908590e-20 1.043227e-29 
6.281407e-01 9.999877e-01 1.231278e-05 3.338533e-11 4.929830e-20 2.108200e-29 
8.040201e-01 9.999853e-01 1.468043e-05 4.745933e-11 8.355670e-20 4.260343e-29 
9.798995e-01 9.999825e-01 1.750334e-05 6.746636e-11 1.416219e-19 8.609485e-29 
1.155779e+00 9.999791e-01 2.086906e-05 9.590753e-11 2.400376e-19 1.739841e-28 
1.331658e+00 9.999751e-01 2.488196e-05 1.363383e-10 4.068440e-19 3.515941e-28 
1.507538e+00 9.999703e-01 2.966648e-05 1.938129e-10 6.895665e-19 7.105151e-28 
1.683417e+00 9.999646e-01 3.537097e-05 2.755162e-10 1.168757e-18 1.435835e-27 
1.859296e+00 9.999578e-01 4.217231e-05 3.916617e-10 1.980941e-18 2.901586e-27 
2.035176e+00 9.999497e-01 5.028140e-05 5.567683e-10 3.357518e-18 5.863620e-27 
2.211055e+00 9.999400e-01 5.994964e-05 7.914749e-10 5.690684e-18 1.184937e-26 
2.386935e+00 9.999285e-01 7.147679e-05 1.125121e-09 9.645168e-18 2.394552e-26 
2.562814e+00 9.999148e-01 8.522020e-05 1.599411e-09 1.634761e-17 4.838960e-26 
2.738693e+00 9.998984e-01 1.016059e-04 2.273630e-09 2.770750e-17 9.778646e-26 
2.914573e+00 9.998789e-01 1.211417e-04 3.232051e-09 4.696121e-17 1.976078e-25 
3.090452e+00 9.998556e-01 1.444332e-04 4.594465e-09 7.959385e-17 3.993261e-25 
3.266332e+00 9.998278e-01 1.722021e-04 6.531153e-09 1.349018e-16 8.069553e-25 
3.442211e+00 9.997947e-01 2.053088e-04 9.284154e-09 2.286408e-16 1.630681e-24 
3.618090e+00 9.997552e-01 2.447789e-04 1.319751e-08 3.875136e-16 3.295229e-24 
3.793970e+00 9.997081e-01 2.918347e-04 1.876025e-08 6.567754e-16 6.658845e-24 
3.969849e+00 9.996520e-01 3.479333e-04 2.666743e-08 1.113122e-15 1.345576e-23 
4.145729e+00 9.995852e-01 4.148111e-04 3.790696e-08 1.886532e-15 2.719024e-23 
4.321608e+00 9.995054e-01 4.945375e-04 5.388293e-08 3.197274e-15 5.494299e-23 
4.497487e+00 9.994103e-01 5.895781e-04 7.659083e-08 5.418623e-15 1.110209e-22 
4.673367e+00 9.992970e-01 7.028709e-04 1.088665e-07 9.183115e-15 2.243310e-22 
4.849246e+00 9.991619e-01 8.379156e-04 1.547400e-07 1.556258e-14 4.532778e-22 
5.025126e+00 9.990009e-01 9.988810e-04 2.199376e-07 2.637315e-14 9.158582e-22 
5.201005e+00 9.988090e-01 1.190731e-03 3.125957e-07 4.469191e-14 1.850455e-21 
5.376884e+00 9.985802e-01 1.419377e-03 4.442735e-07 7.573207e-14 3.738634e-21 
5.552764e+00 9.983075e-01 1.691853e-03 6.313915e-07 1.283251e-13 7.553150e-21 
5.728643e+00 9.979826e-01 2.016530e-03 8.972722e-07 2.174305e-13 1.525881e-20 
5.904523e+00 9.975954e-01 2.403364e-03 1.275036e-06 3.683853e-13 3.082377e-20 
6.080402e+00 9.971340e-01 2.864192e-03 1.811710e-06 6.240966e-13 6.226137e-20 
6.256281e+00 9.965843e-01 3.413077e-03 2.574044e-06 1.057213e-12 1.257515e-19 
6.432161e+00 9.959296e-01 4.066719e-03 3.656769e-06 1.790720e-12 2.539577e-19 
6.608040e+00 9.951499e-01 4.844929e-03 5.194267e-06 3.032759e-12 5.128084e-19 
6.783920e+00 9.942214e-01 5.771192e-03 7.377102e-06 5.135501e-12 1.035341e-18 
6.959799e+00 9.931162e-01 6.873310e-03 1.047538e-05 8.694610e-12 2.089942e-18 
7.135678e+00 9.918010e-01 8.184154e-03 1.487171e-05 1.471719e-11 4.217864e-18 
7.311558e+00 9.902364e-01 9.742527e-03 2.110777e-05 2.490518e-11 8.510218e-18 
7.487437e+00 9.883759e-01 1.159413e-02 2.994970e-05 4.213309e-11 1.716555e-17 
7.663317e+00 9.861648e-01 1.379270e-02 4.248022e-05 7.125264e-11 3.461138e-17 
7.839196e+00 9.835386e-01 1.640116e-02 6.022760e-05 1.204462e-10 6.975810e-17 
8.015075e+00 9.804216e-01 1.949303e-02 8.534614e-05 2.035003e-10 1.405238e-16 
8.190955e+00 9.767253e-01 2.315381e-02 1.208677e-04 3.436173e-10 2.829067e-16 
8.366834e+00 9.723466e-01 2.748239e-02 1.710511e-04 5.797943e-10 5.691487e-16 
8.542714e+00 9.671656e-01 3.259251e-02 2.418647e-04 9.774715e-10 1.144035e-15 
8.718593e+00 9.610444e-01 3.861391e-02 3.416505e-04 1.646255e-09 2.297290e-15 
8.894472e+00 9.538247e-01 4.569328e-02 4.820300e-04 2.769316e-09 4.607599e-15 
9.070352e+00 9.453264e-01 5.399444e-02 6.791321e-04 4.651961e-09 9.228300e-15 
9.246231e+00 9.353471e-01 6.369766e-02 9.552392e-04 7.801488e-09 1.845213e-14 
9.422111e+00 9.236615e-01 7.499753e-02 1.340970e-03 1.305774e-08 3.682310e-14 
9.597990e+00 9.100230e-01 8.809880e-02 1.878129e-03 2.180508e-08 7.331515e-14 
9.773869e+00 8.941671e-01 1.032095e-01 2.623365e-03 3.631403e-08 1.455773e-13 
9.949749e+00 8.758165e-01 1.205307e-01 3.652751e-03 6.028638e-08 2.881523e-13 
1.012563e+01 8.546909e-01 1.402417e-01 5.067373e-03 9.971615e-08 5.682662e-13 
1.030151e+01 8.305195e-01 1.624805e-01 6.999880e-03 1.642316e-07 1.115903e-12 
1.047739e+01 8.030588e-01 1.873192e-01 9.621771e-03 2.691563e-07 2.180508e-12 
1.065327e+01 7.721149e-01 2.147337e-01 1.315093e-02 4.386210e-07 4.236684e-12 
1.082915e+01 7.375698e-01 2.445710e-01 1.785848e-02 7.101678e-07 8.178640e-12 
1.100503e+01 6.994109e-01 2.765143e-01 2.407359e-02 1.141407e-06 1.567271e-11 
1.118090e+01 6.577606e-01 3.100534e-01 3.218423e-02 1.819392e-06 2.978608e-11 
1.135678e+01 6.129019e-01 3.444634e-01 4.263175e-02 2.873425e-06 5.608805e-11 
1.153266e+01 5.652969e-01 3.788019e-01 5.589664e-02 4.491960e-06 1.045418e-10 
1.170854e+01 5.155896e-01 4.119298e-01 7.247365e-02 6.944065e-06 1.926864e-10 
1.188442e+01 4.645919e-01 4.425620e-01 9.283558e-02 1.060551e-05 3.508750e-10 
1.206030e+01 4.132476e-01 4.693494e-01 1.173870e-01 1.598898e-05 6.307030e-10 
1.223618e+01 3.625772e-01 4.909869e-01 1.464122e-01 2.377723e-05 1.118276e-09 
1.241206e+01 3.136066e-01 5.063352e-01 1.800233e-01 3.485751e-05 1.954643e-09 
1.258794e+01 2.672903e-01 5.145403e-01 2.181191e-01 5.035522e-05 3.366659e-09 
1.276382e+01 2.244383e-01 5.151299e-01 2.603601e-01 7.166528e-05 5.712771e-09 
1.293970e+01 1.856603e-01 5.080686e-01 3.061706e-01 1.004804e-04 9.549987e-09 
1.311558e+01 1.513322e-01 4.937624e-01 3.547665e-01 1.388174e-04 1.573073e-08 
1.329146e+01 1.215909e-01 4.730109e-01 4.052091e-01 1.890444e-04 2.554185e-08 
1.346734e+01 9.635459e-02 4.469160e-01 4.564754e-01 2.539134e-04 4.090321e-08 
1.364322e+01 7.536238e-02 4.167653e-01 5.075356e-01 3.366031e-04 6.465073e-08 
1.381910e+01 5.822478e-02 3.839090e-01 5.574253e-01 4.407799e-04 1.009394e-07 
1.399497e+01 4.447623e-02 3.496487e-01 6.053042e-01 5.706795e-04 1.558169e-07 
1.417085e+01 3.362260e-02 3.151510e-01 6.504950e-01 7.312164e-04 2.380409e-07 
1.434673e+01 2.517912e-02 2.813918e-01 6.925006e-01 9.281231e-04 3.602423e-07 
1.452261e+01 1.869705e-02 2.491307e-01 7.310036e-01 1.168122e-03 5.405812e-07 
1.469849e+01 1.377939e-02 2.189111e-01 7.658495e-01 1.459136e-03 8.051037e-07 
1.487437e+01 1.008766e-02 1.910783e-01 7.970223e-01 1.810532e-03 1.191093e-06 
1.505025e+01 7.341817e-03 1.658090e-01 8.246140e-01 2.233418e-03 1.751834e-06 
1.522613e+01 5.316048e-03 1.431452e-01 8.487952e-01 2.740978e-03 2.563374e-06 
1.540201e+01 3.832059e-03 1.230279e-01 8.697874e-01 3.348877e-03 3.734127e-06 
1.557789e+01 2.751609e-03 1.053275e-01 8.878398e-01 4.075719e-03 5.418480e-06 
1.575377e+01 1.969128e-03 8.986951e-02 9.032099e-01 4.943582e-03 7.836073e-06 
1.592965e+01 1.405028e-03 7.645515e-02 9.161499e-01 5.978649e-03 1.129908e-05 
1.610553e+01 9.999589e-04 6.487651e-02 9.268954e-01 7.211916e-03 1.625078e-05 
1.628141e+01 7.100716e-04 5.492763e-02 9.356590e-01 8.680025e-03 2.331997e-05 
1.645729e+01 5.032187e-04 4.641186e-02 9.426253e-01 1.042620e-02 3.339770e-05 
1.663317e+01 3.559881e-04 3.914634e-02 9.479486e-01 1.250130e-02 4.774513e-05 
1.680905e+01 2.514242e-04 3.296448e-02 9.517509e-01 1.496501e-02 6.814508e-05 
1.698492e+01 1.773049e-04 2.771681e-02 9.541216e-01 1.788714e-02 9.711400e-05 
1.716080e+01 1.248552e-04 2.327087e-02 9.551171e-01 2.134899e-02 1.381980e-04 
1.733668e+01 8.779658e-05 1.951044e-02 9.547606e-01 2.544477e-02 1.963841e-04 
1.751256e+01 6.164933e-05 1.633433e-02 9.530423e-01 3.028306e-02 2.786705e-04 
1.768844e+01 4.322508e-05 1.365502e-02 9.499189e-01 3.598799e-02 3.948501e-04 
1.786432e+01 3.025926e-05 1.139720e-02 9.453137e-01 4.270025e-02 5.585841e-04 
1.804020e+01 2.114632e-05 9.496380e-03 9.391161e-01 5.057748e-02 7.888580e-04 
1.821608e+01 1.474970e-05 7.897505e-03 9.311820e-01 5.979377e-02 1.111939e-03 
1.839196e+01 1.026594e-05 6.553738e-03 9.213342e-01 7.053782e-02 1.563978e-03 
1.856784e+01 7.127751e-06 5.425330e-03 9.093640e-01 8.300916e-02 2.194411e-03 
1.874372e+01 4.935005e-06 4.478625e-03 8.950343e-01 9.741177e-02 3.070343e-03 
1.891960e+01 3.405789e-06 3.685176e-03 8.780853e-01 1.139441e-01 4.282040e-03 
1.909548e+01 2.341661e-06 3.020981e-03 8.582422e-01 1.327848e-01 5.949642e-03 
1.927136e+01 1.603070e-06 2.465811e-03 8.352283e-01 1.540733e-01 8.231009e-03 
1.944724e+01 1.091972e-06 2.002639e-03 8.087818e-01 1.778840e-01 1.133042e-02 
1.962312e+01 7.395570e-07 1.617134e-03 7.786787e-01 2.041960e-01 1.550743e-02 
1.979899e+01 4.975804e-07 1.297242e-03 7.447607e-01 2.328569e-01 2.108460e-02 
1.997487e+01 3.322614e-07 1.032812e-03 7.069688e-01 2.635458e-01 2.845219e-02 
2.015075e+01 2.199791e-07 8.152789e-04 6.653786e-01 2.957387e-01 3.806722e-02 
2.032663e+01 1.442454e-07 6.373970e-04 6.202347e-01 3.286842e-01 5.044351e-02 
2.050251e+01 9.357479e-08 4.930040e-04 5.719789e-01 3.613984e-01 6.612964e-02 
2.067839e+01 5.998867e-08 3.768290e-04 5.212634e-01 3.926874e-01 8.567228e-02 
2.085427e+01 3.796353e-08 2.843316e-04 4.689446e-01 4.212061e-01 1.095649e-01 
2.103015e+01 2.369313e-08 2.115750e-04 4.160488e-01 4.455545e-01 1.381851e-01 
2.120603e+01 1.457030e-08 1.551293e-04 3.637116e-01 4.644053e-01 1.717279e-01 
2.138191e+01 8.823034e-09 1.120023e-04 3.130932e-01 4.766473e-01 2.101475e-01 
2.155779e+01 5.258775e-09 7.959338e-05 2.652816e-01 4.815198e-01 2.531190e-01 
2.173367e+01 3.084570e-09 5.566348e-05 2.211995e-01 4.787122e-01 3.000327e-01 
2.190955e+01 1.780706e-09 3.831346e-05 1.815301e-01 4.684059e-01 3.500257e-01 
2.208543e+01 1.012130e-09 2.596445e-05 1.466762e-01 4.512498e-01 4.020481e-01 
2.226131e+01 5.667488e-10 1.733472e-05 1.167564e-01 4.282738e-01 4.549524e-01 
2.243719e+01 3.128997e-10 1.141076e-05 9.163518e-02 4.007619e-01 5.075915e-01 
2.261307e+01 1.704891e-10 7.412927e-06 7.097750e-02 3.701079e-01 5.589072e-01 
2.278894e+01 9.177531e-11 4.757758e-06 5.431462e-02 3.376819e-01 6.079987e-01 
2.296482e+01 4.886249e-11 3.020199e-06 4.110867e-02 3.047249e-01 6.541634e-01 
2.314070e+01 2.575922e-11 1.898349e-06 3.080757e-02 2.722798e-01 6.969107e-01 
2.331658e+01 1.346084e-11 1.182766e-06 2.288567e-02 2.411599e-01 7.359533e-01 
2.349246e+01 6.979832e-12 7.312321e-07 1.686955e-02 2.119475e-01 7.711822e-01 
2.366834e+01 3.594776e-12 4.490199e-07 1.235086e-02 1.850144e-01 8.026342e-01 
2.384422e+01 1.840506e-12 2.741033e-07 8.989374e-03 1.605541e-01 8.304563e-01 
2.402010e+01 9.375349e-13 1.664746e-07 6.509486e-03 1.386187e-01 8.548716e-01 
2.419598e+01 4.754793e-13 1.006643e-07 4.693077e-03 1.191561e-01 8.761507e-01 
2.437186e+01 2.402381e-13 6.064142e-08 3.370814e-03 1.020415e-01 8.945876e-01 
2.454774e+01 1.209919e-13 3.641392e-08 2.413328e-03 8.710478e-02 9.104819e-01 
2.472362e+01 6.076904e-14 2.180604e-08 1.723095e-03 7.415121e-02 9.241257e-01 
2.489950e+01 3.045077e-14 1.302795e-08 1.227417e-03 6.297738e-02 9.357952e-01 
2.507538e+01 1.522853e-14 7.768181e-09 8.726068e-04 5.338197e-02 9.457454e-01 
2.525126e+01 7.603136e-15 4.624210e-09 6.193274e-04 4.517308e-02 9.542076e-01 
2.542714e+01 3.790661e-15 2.748801e-09 4.389443e-04 3.817265e-02 9.613884e-01 
2.560302e+01 1.887644e-15 1.632044e-09 3.107287e-04 3.221868e-02 9.674706e-01 
2.577889e+01 9.390508e-16 9.680198e-10 2.197442e-04 2.716609e-02 9.726142e-01 
2.595477e+01 4.667569e-16 5.736795e-10 1.552694e-04 2.288648e-02 9.769582e-01 
2.613065e+01 2.318371e-16 3.397387e-10 1.096339e-04 1.926734e-02 9.806230e-01 
2.630653e+01 1.150840e-16 2.010761e-10 7.736489e-05 1.621079e-02 9.837118e-01 
2.648241e+01 5.709895e-17 1.189480e-10 5.456623e-05 1.363225e-02 9.863132e-01 
2.665829e+01 2.831765e-17 7.033470e-11 3.846981e-05 1.145901e-02 9.885025e-01 
2.683417e+01 1.403886e-17 4.157456e-11 2.711199e-05 9.628795e-03 9.903441e-01 
2.701005e+01 6.957872e-18 2.456720e-11 1.910174e-05 8.088480e-03 9.918924e-01 
2.718593e+01 3.447561e-18 1.451359e-11 1.345474e-05 6.792863e-03 9.931937e-01 
2.736181e+01 1.707875e-18 8.572396e-12 9.475156e-06 5.703576e-03 9.942869e-01 
2.753769e+01 8.459079e-19 5.062357e-12 6.671452e-06 4.788116e-03 9.952052e-01 
2.771357e+01 4.189147e-19 2.989088e-12 4.696667e-06 4.018996e-03 9.959763e-01 
2.788945e+01 2.074312e-19 1.764699e-12 3.306017e-06 3.373000e-03 9.966237e-01 
2.806533e+01 1.027015e-19 1.041734e-12 2.326885e-06 2.830542e-03 9.971671e-01 
2.824121e+01 5.084424e-20 6.149011e-13 1.637596e-06 2.375116e-03 9.976232e-01 
2.841709e+01 2.516950e-20 3.629289e-13 1.152408e-06 1.992819e-03 9.980060e-01 
2.859296e+01 1.245892e-20 2.141958e-13 8.109222e-07 1.671954e-03 9.983272e-01 
2.876884e+01 6.166858e-21 1.264089e-13 5.705971e-07 1.402678e-03 9.985968e-01 
2.894472e+01 3.052309e-21 7.459775e-14 4.014773e-07 1.176719e-03 9.988229e-01 
2.912060e+01 1.510696e-21 4.402079e-14 2.824727e-07 9.871244e-04 9.990126e-01 
2.929648e+01 7.476744e-22 2.597627e-14 1.987370e-07 8.280520e-04 9.991717e-01 
2.947236e+01 3.700298e-22 1.532796e-14 1.398202e-07 6.945959e-04 9.993053e-01 
2.964824e+01 1.831267e-22 9.044461e-15 9.836752e-08 5.826362e-04 9.994173e-01 
2.982412e+01 9.062721e-23 5.336705e-15 6.920311e-08 4.887140e-04 9.995112e-01 
3.000000e+01 4.484965e-23 3.148887e-15 4.868475e-08 4.099261e-04 9.995900e-01 
