#E                   5            6            7            8 
-5.000000e+00 9.999994e-01 6.069179e-07 8.710359e-14 3.653548e-21 
-4.824121e+00 9.999993e-01 7.236247e-07 1.238235e-13 6.192487e-21 
-4.648241e+00 9.999991e-01 8.627734e-07 1.760231e-13 1.049580e-20 
-4.472362e+00 9.999990e-01 1.028680e-06 2.502284e-13 1.778958e-20 
-4.296482e+00 9.999988e-01 1.226489e-06 3.557160e-13 3.015199e-20 
-4.120603e+00 9.999985e-01 1.462335e-06 5.056735e-13 5.110533e-20 
-3.944724e+00 9.999983e-01 1.743533e-06 7.188478e-13 8.661965e-20 
-3.768844e+00 9.999979e-01 2.078804e-06 1.021889e-12 1.468137e-19 
-3.592965e+00 9.999975e-01 2.478545e-06 1.452682e-12 2.488381e-19 
-3.417085e+00 9.999970e-01 2.955153e-06 2.065081e-12 4.217615e-19 
-3.241206e+00 9.999965e-01 3.523410e-06 2.935647e-12 7.148535e-19 
-3.065327e+00 9.999958e-01 4.200939e-06 4.173212e-12 1.211622e-18 
-2.889447e+00 9.999950e-01 5.008751e-06 5.932489e-12 2.053606e-18 
-2.713568e+00 9.999940e-01 5.971900e-06 8.433415e-12 3.480704e-18 
-2.537688e+00 9.999929e-01 7.120254e-06 1.198864e-11 5.899523e-18 
-2.361809e+00 9.999915e-01 8.489426e-06 1.704261e-11 9.999233e-18 
-2.185930e+00 9.999899e-01 1.012188e-05 2.422715e-11 1.694792e-17 
-2.010050e+00 9.999879e-01 1.206823e-05 3.444042e-11 2.872538e-17 
-1.834171e+00 9.999856e-01 1.438885e-05 4.895920e-11 4.868724e-17 
-1.658291e+00 9.999828e-01 1.715570e-05 6.959852e-11 8.252097e-17 
-1.482412e+00 9.999795e-01 2.045457e-05 9.893854e-11 1.398664e-16 
-1.306533e+00 9.999756e-01 2.438777e-05 1.406471e-10 2.370620e-16 
-1.130653e+00 9.999709e-01 2.907726e-05 1.999381e-10 4.018003e-16 
-9.547739e-01 9.999653e-01 3.466846e-05 2.842235e-10 6.810173e-16 
-7.788945e-01 9.999587e-01 4.133473e-05 4.040397e-10 1.154265e-15 
-6.030151e-01 9.999507e-01 4.928277e-05 5.743644e-10 1.956377e-15 
-4.271357e-01 9.999412e-01 5.875901e-05 8.164889e-10 3.315880e-15 
-2.512563e-01 9.999299e-01 7.005724e-05 1.160679e-09 5.620102e-15 
-7.537688e-02 9.999165e-01 8.352771e-05 1.649960e-09 9.525520e-15 
1.005025e-01 9.999004e-01 9.958801e-05 2.345488e-09 1.614478e-14 
2.763819e-01 9.998813e-01 1.187359e-04 3.334201e-09 2.736366e-14 
4.522613e-01 9.998584e-01 1.415650e-04 4.739678e-09 4.637827e-14 
6.281407e-01 9.998312e-01 1.687825e-04 6.737580e-09 7.860553e-14 
8.040201e-01 9.997988e-01 2.012319e-04 9.577600e-09 1.332261e-13 
9.798995e-01 9.997601e-01 2.399183e-04 1.361466e-08 2.257995e-13 
1.155779e+00 9.997139e-01 2.860400e-04 1.935324e-08 3.826954e-13 
1.331658e+00 9.996589e-01 3.410251e-04 2.751039e-08 6.486041e-13 
1.507538e+00 9.995934e-01 4.065756e-04 3.910525e-08 1.099263e-12 
1.683417e+00 9.995152e-01 4.847199e-04 5.558634e-08 1.863022e-12 
1.859296e+00 9.994220e-01 5.778748e-04 7.901226e-08 3.157387e-12 
2.035176e+00 9.993110e-01 6.889202e-04 1.123086e-07 5.350938e-12 
2.211055e+00 9.991786e-01 8.212868e-04 1.596329e-07 9.068234e-12 
2.386935e+00 9.990207e-01 9.790609e-04 2.268928e-07 1.536754e-11 
2.562814e+00 9.988326e-01 1.167109e-03 3.224823e-07 2.604192e-11 
2.738693e+00 9.986083e-01 1.391225e-03 4.583268e-07 4.412918e-11 
2.914573e+00 9.983410e-01 1.658305e-03 6.513672e-07 7.477561e-11 
3.090452e+00 9.980225e-01 1.976557e-03 9.256658e-07 1.266986e-10 
3.266332e+00 9.976429e-01 2.355741e-03 1.315394e-06 2.146628e-10 
3.442211e+00 9.971907e-01 2.807463e-03 1.869071e-06 3.636724e-10 
3.618090e+00 9.966518e-01 3.345514e-03 2.655572e-06 6.160641e-10 
3.793970e+00 9.960100e-01 3.986268e-03 3.772638e-06 1.043510e-09 
3.969849e+00 9.952455e-01 4.749156e-03 5.358936e-06 1.767313e-09 
4.145729e+00 9.943352e-01 5.657213e-03 7.611111e-06 2.992722e-09 
4.321608e+00 9.932515e-01 6.737711e-03 1.080790e-05 5.066909e-09 
4.497487e+00 9.919617e-01 8.022903e-03 1.534419e-05 8.576876e-09 
4.673367e+00 9.904273e-01 9.550865e-03 2.177903e-05 1.451467e-08 
4.849246e+00 9.886026e-01 1.136646e-02 3.090328e-05 2.455595e-08 
5.025126e+00 9.864337e-01 1.352243e-02 4.383467e-05 4.152916e-08 
5.201005e+00 9.838572e-01 1.608061e-02 6.215109e-05 7.020494e-08 
5.376884e+00 9.807986e-01 1.911321e-02 8.807719e-05 1.186222e-07 
5.552764e+00 9.771708e-01 2.270428e-02 1.247444e-04 2.003119e-07 
5.728643e+00 9.728720e-01 2.695110e-02 1.765522e-04 3.380200e-07 
5.904523e+00 9.677842e-01 3.196559e-02 2.496680e-04 5.699222e-07 
6.080402e+00 9.617707e-01 3.787558e-02 3.527141e-04 9.599729e-07 
6.256281e+00 9.546750e-01 4.482566e-02 4.977069e-04 1.615077e-06 
6.432161e+00 9.463184e-01 5.297755e-02 7.013298e-04 2.713472e-06 
6.608040e+00 9.364994e-01 6.250943e-02 9.866416e-04 4.551410e-06 
6.783920e+00 9.249931e-01 7.361393e-02 1.385343e-03 7.619515e-06 
6.959799e+00 9.115524e-01 8.649412e-02 1.940740e-03 1.272685e-05 
7.135678e+00 8.959104e-01 1.013568e-01 2.711548e-03 2.120089e-05 
7.311558e+00 8.777858e-01 1.184024e-01 3.776662e-03 3.520695e-05 
7.487437e+00 8.568908e-01 1.378100e-01 5.240973e-03 5.825265e-05 
7.663317e+00 8.329437e-01 1.597182e-01 7.242174e-03 9.597458e-05 
7.839196e+00 8.056852e-01 1.841991e-01 9.958310e-03 1.573462e-04 
8.015075e+00 7.749001e-01 2.112279e-01 1.361548e-02 2.564998e-04 
8.190955e+00 7.404428e-01 2.406471e-01 1.849463e-02 4.154160e-04 
8.366834e+00 7.022673e-01 2.721291e-01 2.493581e-02 6.677970e-04 
8.542714e+00 6.604571e-01 3.051410e-01 3.333745e-02 1.064479e-03 
8.718593e+00 6.152540e-01 3.389174e-01 4.414782e-02 1.680727e-03 
8.894472e+00 5.670800e-01 3.724493e-01 5.784502e-02 2.625653e-03 
9.070352e+00 5.165463e-01 4.044973e-01 7.490276e-02 4.053710e-03 
9.246231e+00 4.644465e-01 4.336362e-01 9.573951e-02 6.177739e-03 
9.422111e+00 4.117290e-01 4.583368e-01 1.206518e-01 9.282301e-03 
9.597990e+00 3.594478e-01 4.770815e-01 1.497356e-01 1.373505e-02 
9.773869e+00 3.086957e-01 4.885070e-01 1.828045e-01 1.999288e-02 
9.949749e+00 2.605259e-01 4.915576e-01 2.193178e-01 2.859868e-02 
1.012563e+01 2.158718e-01 4.856272e-01 2.583366e-01 4.016442e-02 
1.030151e+01 1.754769e-01 4.706636e-01 2.985224e-01 5.533705e-02 
1.047739e+01 1.398437e-01 4.472155e-01 3.381946e-01 7.474621e-02 
1.065327e+01 1.092093e-01 4.164060e-01 3.754484e-01 9.893641e-02 
1.082915e+01 8.355069e-02 3.798315e-01 4.083266e-01 1.282913e-01 
1.100503e+01 6.261628e-02 3.393998e-01 4.350226e-01 1.629614e-01 
1.118090e+01 4.597712e-02 2.971321e-01 4.540808e-01 2.028100e-01 
1.135678e+01 3.308898e-02 2.549615e-01 4.645599e-01 2.473896e-01 
1.153266e+01 2.335494e-02 2.145623e-01 4.661267e-01 2.959560e-01 
1.170854e+01 1.618018e-02 1.772317e-01 4.590663e-01 3.475218e-01 
1.188442e+01 1.101360e-02 1.438371e-01 4.442101e-01 4.009392e-01 
1.206030e+01 7.374134e-03 1.148249e-01 4.228019e-01 4.549991e-01 
1.223618e+01 4.862572e-03 9.027647e-02 3.963318e-01 5.085292e-01 
1.241206e+01 3.161972e-03 6.999226e-02 3.663682e-01 5.604776e-01 
1.258794e+01 2.030293e-03 5.358388e-02 3.344147e-01 6.099711e-01 
1.276382e+01 1.288940e-03 4.055939e-02 3.018048e-01 6.563469e-01 
1.293970e+01 8.100723e-04 3.039248e-02 2.696399e-01 6.991575e-01 
1.311558e+01 5.045995e-04 2.257213e-02 2.387669e-01 7.381564e-01 
1.329146e+01 3.118740e-04 1.663368e-02 2.097845e-01 7.732699e-01 
1.346734e+01 1.914511e-04 1.217448e-02 1.830708e-01 8.045633e-01 
1.364322e+01 1.168362e-04 8.858365e-03 1.588201e-01 8.322047e-01 
1.381910e+01 7.093985e-05 6.412831e-03 1.370835e-01 8.564327e-01 
1.399497e+01 4.288523e-05 4.622222e-03 1.178066e-01 8.775283e-01 
1.417085e+01 2.582875e-05 3.319173e-03 1.008631e-01 8.957919e-01 
1.434673e+01 1.550656e-05 2.375884e-03 8.608174e-02 9.115269e-01 
1.452261e+01 9.284317e-06 1.696068e-03 7.326769e-02 9.250270e-01 
1.469849e+01 5.546064e-06 1.207985e-03 6.221775e-02 9.365687e-01 
1.487437e+01 3.306531e-06 8.586831e-04 5.273136e-02 9.464066e-01 
1.505025e+01 1.968084e-06 6.093789e-04 4.461768e-02 9.547710e-01 
1.522613e+01 1.169794e-06 4.318535e-04 3.769983e-02 9.618671e-01 
1.540201e+01 6.944864e-07 3.056852e-04 3.181712e-02 9.678765e-01 
1.557789e+01 4.118958e-07 2.161631e-04 2.682572e-02 9.729577e-01 
1.575377e+01 2.440889e-07 1.527305e-04 2.259847e-02 9.772486e-01 
1.592965e+01 1.445451e-07 1.078361e-04 1.902397e-02 9.808681e-01 
1.610553e+01 8.554635e-08 7.609321e-05 1.600539e-02 9.839184e-01 
1.628141e+01 5.060384e-08 5.366750e-05 1.345907e-02 9.864872e-01 
1.645729e+01 2.992153e-08 3.783512e-05 1.131312e-02 9.886490e-01 
1.663317e+01 1.768608e-08 2.666406e-05 9.505979e-03 9.904673e-01 
1.680905e+01 1.045083e-08 1.878578e-05 7.985152e-03 9.919961e-01 
1.698492e+01 6.173943e-09 1.323196e-05 6.705974e-03 9.932808e-01 
1.716080e+01 3.646565e-09 9.318137e-06 5.630540e-03 9.943601e-01 
1.733668e+01 2.153423e-09 6.560817e-06 4.726747e-03 9.952667e-01 
1.751256e+01 1.271484e-09 4.618735e-06 3.967446e-03 9.960279e-01 
1.768844e+01 7.506531e-10 3.251133e-06 3.329708e-03 9.966670e-01 
1.786432e+01 4.431213e-10 2.288240e-06 2.794193e-03 9.972035e-01 
1.804020e+01 2.615582e-10 1.610389e-06 2.344601e-03 9.976538e-01 
1.821608e+01 1.543769e-10 1.133257e-06 1.967207e-03 9.980317e-01 
1.839196e+01 9.111084e-11 7.974424e-07 1.650458e-03 9.983487e-01 
1.856784e+01 5.376943e-11 5.611102e-07 1.384640e-03 9.986148e-01 
1.874372e+01 3.173088e-11 3.948011e-07 1.161583e-03 9.988380e-01 
1.891960e+01 1.872463e-11 2.777748e-07 9.744248e-04 9.990253e-01 
1.909548e+01 1.104921e-11 1.954313e-07 8.173972e-04 9.991824e-01 
1.927136e+01 6.519857e-12 1.374943e-07 6.856571e-04 9.993142e-01 
1.944724e+01 3.847120e-12 9.673101e-08 5.751374e-04 9.994248e-01 
1.962312e+01 2.269999e-12 6.805172e-08 4.824235e-04 9.995175e-01 
1.979899e+01 1.339396e-12 4.787470e-08 4.046493e-04 9.995953e-01 
1.997487e+01 7.902912e-13 3.367964e-08 3.394093e-04 9.996606e-01 
2.015075e+01 4.662948e-13 2.369323e-08 2.846846e-04 9.997153e-01 
2.032663e+01 2.751250e-13 1.666777e-08 2.387814e-04 9.997612e-01 
2.050251e+01 1.623291e-13 1.172539e-08 2.002782e-04 9.997997e-01 
2.067839e+01 9.577677e-14 8.248488e-09 1.679826e-04 9.998320e-01 
2.085427e+01 5.650952e-14 5.802554e-09 1.408941e-04 9.998591e-01 
2.103015e+01 3.334119e-14 4.081898e-09 1.181732e-04 9.998818e-01 
2.120603e+01 1.967157e-14 2.871465e-09 9.911603e-05 9.999009e-01 
2.138191e+01 1.160635e-14 2.019964e-09 8.313184e-05 9.999169e-01 
2.155779e+01 6.847800e-15 1.420962e-09 6.972520e-05 9.999303e-01 
2.173367e+01 4.040226e-15 9.995867e-10 5.848052e-05 9.999415e-01 
2.190955e+01 2.383743e-15 7.031657e-10 4.904919e-05 9.999510e-01 
2.208543e+01 1.406412e-15 4.946457e-10 4.113882e-05 9.999589e-01 
2.226131e+01 8.297838e-16 3.479607e-10 3.450415e-05 9.999655e-01 
2.243719e+01 4.895725e-16 2.447742e-10 2.893945e-05 9.999711e-01 
2.261307e+01 2.888476e-16 1.721872e-10 2.427218e-05 9.999757e-01 
2.278894e+01 1.704198e-16 1.211255e-10 2.035762e-05 9.999796e-01 
2.296482e+01 1.005475e-16 8.520599e-11 1.707438e-05 9.999829e-01 
2.314070e+01 5.932284e-17 5.993830e-11 1.432065e-05 9.999857e-01 
2.331658e+01 3.500037e-17 4.216368e-11 1.201103e-05 9.999880e-01 
2.349246e+01 2.065014e-17 2.966009e-11 1.007390e-05 9.999899e-01 
2.366834e+01 1.218354e-17 2.086442e-11 8.449188e-06 9.999916e-01 
2.384422e+01 7.188258e-18 1.467709e-11 7.086505e-06 9.999929e-01 
2.402010e+01 4.241054e-18 1.032461e-11 5.943594e-06 9.999941e-01 
2.419598e+01 2.502211e-18 7.262850e-12 4.985011e-06 9.999950e-01 
2.437186e+01 1.476297e-18 5.109054e-12 4.181027e-06 9.999958e-01 
2.454774e+01 8.710114e-19 3.593966e-12 3.506710e-06 9.999965e-01 
2.472362e+01 5.138942e-19 2.528176e-12 2.941147e-06 9.999971e-01 
2.489950e+01 3.031961e-19 1.778445e-12 2.466797e-06 9.999975e-01 
2.507538e+01 1.788848e-19 1.251048e-12 2.068951e-06 9.999979e-01 
2.525126e+01 1.055415e-19 8.800494e-13 1.735269e-06 9.999983e-01 
2.542714e+01 6.226915e-20 6.190708e-13 1.455404e-06 9.999985e-01 
2.560302e+01 3.673861e-20 4.354853e-13 1.220675e-06 9.999988e-01 
2.577889e+01 2.167566e-20 3.063421e-13 1.023804e-06 9.999990e-01 
2.595477e+01 1.278857e-20 2.154963e-13 8.586841e-07 9.999991e-01 
2.613065e+01 7.545219e-21 1.515909e-13 7.201948e-07 9.999993e-01 
2.630653e+01 4.451655e-21 1.066366e-13 6.040413e-07 9.999994e-01 
2.648241e+01 2.626463e-21 7.501347e-14 5.066210e-07 9.999995e-01 
2.665829e+01 1.549605e-21 5.276822e-14 4.249128e-07 9.999996e-01 
2.683417e+01 9.142618e-22 3.711979e-14 3.563825e-07 9.999996e-01 
2.701005e+01 5.394116e-22 2.611191e-14 2.989048e-07 9.999997e-01 
2.718593e+01 3.182511e-22 1.836842e-14 2.506972e-07 9.999997e-01 
2.736181e+01 1.877671e-22 1.292126e-14 2.102646e-07 9.999998e-01 
2.753769e+01 1.107820e-22 9.089458e-15 1.763529e-07 9.999998e-01 
2.771357e+01 6.536103e-23 6.393978e-15 1.479106e-07 9.999999e-01 
2.788945e+01 3.856280e-23 4.497842e-15 1.240554e-07 9.999999e-01 
2.806533e+01 2.275193e-23 3.164006e-15 1.040477e-07 9.999999e-01 
2.824121e+01 1.342356e-23 2.225720e-15 8.726676e-08 9.999999e-01 
2.841709e+01 7.919860e-24 1.565682e-15 7.319230e-08 9.999999e-01 
2.859296e+01 4.672692e-24 1.101379e-15 6.138779e-08 9.999999e-01 
2.876884e+01 2.756873e-24 7.747645e-16 5.148711e-08 9.999999e-01 
2.894472e+01 1.626546e-24 5.450080e-16 4.318323e-08 1.000000e+00 
2.912060e+01 9.596571e-25 3.833857e-16 3.621860e-08 1.000000e+00 
2.929648e+01 5.661946e-25 2.696926e-16 3.037723e-08 1.000000e+00 
2.947236e+01 3.340530e-25 1.897152e-16 2.547796e-08 1.000000e+00 
2.964824e+01 1.970902e-25 1.334551e-16 2.136886e-08 1.000000e+00 
2.982412e+01 1.162826e-25 9.387897e-17 1.792247e-08 1.000000e+00 
3.000000e+01 6.860635e-26 6.603914e-17 1.503192e-08 1.000000e+00 
