#E                   1            2            3 
-5.000000e+00 1.000000e+00 2.046311e-09 1.089447e-23 
-4.824121e+00 1.000000e+00 2.439805e-09 1.548721e-23 
-4.648241e+00 1.000000e+00 2.908965e-09 2.201608e-23 
-4.472362e+00 1.000000e+00 3.468343e-09 3.129730e-23 
-4.296482e+00 1.000000e+00 4.135285e-09 4.449117e-23 
-4.120603e+00 1.000000e+00 4.930477e-09 6.324711e-23 
-3.944724e+00 1.000000e+00 5.878579e-09 8.990992e-23 
-3.768844e+00 1.000000e+00 7.008996e-09 1.278128e-22 
-3.592965e+00 1.000000e+00 8.356786e-09 1.816943e-22 
-3.417085e+00 1.000000e+00 9.963748e-09 2.582904e-22 
-3.241206e+00 1.000000e+00 1.187972e-08 3.671768e-22 
-3.065327e+00 1.000000e+00 1.416412e-08 5.219659e-22 
-2.889447e+00 1.000000e+00 1.688780e-08 7.420087e-22 
-2.713568e+00 1.000000e+00 2.013523e-08 1.054814e-21 
-2.537688e+00 1.000000e+00 2.400712e-08 1.499487e-21 
-2.361809e+00 1.000000e+00 2.862355e-08 2.131620e-21 
-2.185930e+00 1.000000e+00 3.412769e-08 3.030237e-21 
-2.010050e+00 1.000000e+00 4.069025e-08 4.307681e-21 
-1.834171e+00 1.000000e+00 4.851475e-08 6.123651e-21 
-1.658291e+00 9.999999e-01 5.784385e-08 8.705171e-21 
-1.482412e+00 9.999999e-01 6.896689e-08 1.237497e-20 
-1.306533e+00 9.999999e-01 8.222883e-08 1.759183e-20 
-1.130653e+00 9.999999e-01 9.804096e-08 2.500794e-20 
-9.547739e-01 9.999999e-01 1.168937e-07 3.555043e-20 
-7.788945e-01 9.999999e-01 1.393717e-07 5.053727e-20 
-6.030151e-01 9.999998e-01 1.661720e-07 7.184204e-20 
-4.271357e-01 9.999998e-01 1.981259e-07 1.021282e-19 
-2.512563e-01 9.999998e-01 2.362244e-07 1.451819e-19 
-7.537688e-02 9.999997e-01 2.816490e-07 2.063856e-19 
1.005025e-01 9.999997e-01 3.358084e-07 2.933906e-19 
2.763819e-01 9.999996e-01 4.003825e-07 4.170740e-19 
4.522613e-01 9.999995e-01 4.773737e-07 5.928980e-19 
6.281407e-01 9.999994e-01 5.691698e-07 8.428433e-19 
8.040201e-01 9.999993e-01 6.786178e-07 1.198157e-18 
9.798995e-01 9.999992e-01 8.091121e-07 1.703258e-18 
1.155779e+00 9.999990e-01 9.646995e-07 2.421293e-18 
1.331658e+00 9.999988e-01 1.150205e-06 3.442026e-18 
1.507538e+00 9.999986e-01 1.371383e-06 4.893065e-18 
1.683417e+00 9.999984e-01 1.635092e-06 6.955811e-18 
1.859296e+00 9.999981e-01 1.949510e-06 9.888139e-18 
2.035176e+00 9.999977e-01 2.324389e-06 1.405663e-17 
2.211055e+00 9.999972e-01 2.771354e-06 1.998242e-17 
2.386935e+00 9.999967e-01 3.304268e-06 2.840630e-17 
2.562814e+00 9.999961e-01 3.939657e-06 4.038139e-17 
2.738693e+00 9.999953e-01 4.697226e-06 5.740476e-17 
2.914573e+00 9.999944e-01 5.600471e-06 8.160455e-17 
3.090452e+00 9.999933e-01 6.677402e-06 1.160061e-16 
3.266332e+00 9.999920e-01 7.961418e-06 1.649101e-16 
3.442211e+00 9.999905e-01 9.492339e-06 2.344301e-16 
3.618090e+00 9.999887e-01 1.131764e-05 3.332572e-16 
3.793970e+00 9.999865e-01 1.349393e-05 4.737459e-16 
3.969849e+00 9.999839e-01 1.608869e-05 6.734591e-16 
4.145729e+00 9.999808e-01 1.918239e-05 9.573634e-16 
4.321608e+00 9.999771e-01 2.287097e-05 1.360950e-15 
4.497487e+00 9.999727e-01 2.726881e-05 1.934671e-15 
4.673367e+00 9.999675e-01 3.251228e-05 2.750247e-15 
4.849246e+00 9.999612e-01 3.876396e-05 3.909632e-15 
5.025126e+00 9.999538e-01 4.621770e-05 5.557757e-15 
5.201005e+00 9.999449e-01 5.510461e-05 7.900646e-15 
5.376884e+00 9.999343e-01 6.570021e-05 1.123117e-14 
5.552764e+00 9.999217e-01 7.833300e-05 1.596564e-14 
5.728643e+00 9.999066e-01 9.339458e-05 2.269586e-14 
5.904523e+00 9.998886e-01 1.113518e-04 3.226308e-14 
6.080402e+00 9.998672e-01 1.327613e-04 4.586310e-14 
6.256281e+00 9.998417e-01 1.582865e-04 6.519574e-14 
6.432161e+00 9.998113e-01 1.887183e-04 9.267720e-14 
6.608040e+00 9.997750e-01 2.249996e-04 1.317419e-13 
6.783920e+00 9.997317e-01 2.682541e-04 1.872717e-13 
6.959799e+00 9.996802e-01 3.198214e-04 2.662053e-13 
7.135678e+00 9.996187e-01 3.812977e-04 3.784050e-13 
7.311558e+00 9.995454e-01 4.545857e-04 5.378881e-13 
7.487437e+00 9.994580e-01 5.419526e-04 7.645764e-13 
7.663317e+00 9.993539e-01 6.460996e-04 1.086782e-12 
7.839196e+00 9.992298e-01 7.702452e-04 1.544740e-12 
8.015075e+00 9.990818e-01 9.182229e-04 2.195624e-12 
8.190955e+00 9.989054e-01 1.094599e-03 3.120673e-12 
8.366834e+00 9.986952e-01 1.304809e-03 4.435308e-12 
8.542714e+00 9.984447e-01 1.555326e-03 6.303500e-12 
8.718593e+00 9.981461e-01 1.853852e-03 8.958159e-12 
8.894472e+00 9.977905e-01 2.209549e-03 1.273007e-11 
9.070352e+00 9.973667e-01 2.633314e-03 1.808895e-11 
9.246231e+00 9.968619e-01 3.138096e-03 2.570161e-11 
9.422111e+00 9.962607e-01 3.739278e-03 3.651449e-11 
9.597990e+00 9.955449e-01 4.455116e-03 5.187045e-11 
9.773869e+00 9.946927e-01 5.307262e-03 7.367413e-11 
9.949749e+00 9.936786e-01 6.321367e-03 1.046258e-10 
1.012563e+01 9.924722e-01 7.527779e-03 1.485519e-10 
1.030151e+01 9.910376e-01 8.962354e-03 2.108710e-10 
1.047739e+01 9.893326e-01 1.066738e-02 2.992513e-10 
1.065327e+01 9.873074e-01 1.269262e-02 4.245345e-10 
1.082915e+01 9.849035e-01 1.509649e-02 6.020342e-10 
1.100503e+01 9.820526e-01 1.794736e-02 8.533538e-10 
1.118090e+01 9.786751e-01 2.132494e-02 1.208926e-09 
1.135678e+01 9.746782e-01 2.532176e-02 1.711549e-09 
1.153266e+01 9.699553e-01 3.004470e-02 2.421290e-09 
1.170854e+01 9.643836e-01 3.561635e-02 3.422251e-09 
1.188442e+01 9.578237e-01 4.217631e-02 4.831861e-09 
1.206030e+01 9.501180e-01 4.988202e-02 6.813548e-09 
1.223618e+01 9.410910e-01 5.890899e-02 9.593881e-09 
1.241206e+01 9.305499e-01 6.945012e-02 1.348557e-08 
1.258794e+01 9.182863e-01 8.171371e-02 1.891797e-08 
1.276382e+01 9.040804e-01 9.591959e-02 2.647710e-08 
1.293970e+01 8.877068e-01 1.122932e-01 3.695727e-08 
1.311558e+01 8.689434e-01 1.310565e-01 5.142671e-08 
1.329146e+01 8.475831e-01 1.524168e-01 7.130934e-08 
1.346734e+01 8.234487e-01 1.765512e-01 9.848443e-08 
1.364322e+01 7.964107e-01 2.035892e-01 1.354051e-07 
1.381910e+01 7.664066e-01 2.335932e-01 1.852354e-07 
1.399497e+01 7.334605e-01 2.665392e-01 2.520046e-07 
1.417085e+01 6.977005e-01 3.022992e-01 3.407749e-07 
1.434673e+01 6.593709e-01 3.406286e-01 4.578206e-07 
1.452261e+01 6.188364e-01 3.811629e-01 6.108131e-07 
1.469849e+01 5.765759e-01 4.234233e-01 8.090136e-07 
1.487437e+01 5.331645e-01 4.668345e-01 1.063475e-06 
1.505025e+01 4.892449e-01 5.107537e-01 1.387265e-06 
1.522613e+01 4.454908e-01 5.545074e-01 1.795721e-06 
1.540201e+01 4.025655e-01 5.974322e-01 2.306766e-06 
1.557789e+01 3.610829e-01 6.389141e-01 2.941310e-06 
1.575377e+01 3.215741e-01 6.784222e-01 3.723761e-06 
1.592965e+01 2.844635e-01 7.155318e-01 4.682677e-06 
1.610553e+01 2.500570e-01 7.499372e-01 5.851586e-06 
1.628141e+01 2.185410e-01 7.814518e-01 7.269999e-06 
1.645729e+01 1.899907e-01 8.100003e-01 8.984642e-06 
1.663317e+01 1.643857e-01 8.356033e-01 1.105094e-05 
1.680905e+01 1.416280e-01 8.583585e-01 1.353478e-05 
1.698492e+01 1.215625e-01 8.784210e-01 1.651462e-05 
1.716080e+01 1.039954e-01 8.959846e-01 2.008399e-05 
1.733668e+01 8.871045e-02 9.112652e-01 2.435441e-05 
1.751256e+01 7.548275e-02 9.244878e-01 2.945897e-05 
1.768844e+01 6.408867e-02 9.358758e-01 3.555642e-05 
1.786432e+01 5.431342e-02 9.456437e-01 4.283618e-05 
1.804020e+01 4.595589e-02 9.539926e-01 5.152425e-05 
1.821608e+01 3.883151e-02 9.611066e-01 6.189017e-05 
1.839196e+01 3.277359e-02 9.671522e-01 7.425546e-05 
1.856784e+01 2.763351e-02 9.722775e-01 8.900353e-05 
1.874372e+01 2.328011e-02 9.766133e-01 1.065916e-04 
1.891960e+01 1.959866e-02 9.802738e-01 1.275649e-04 
1.909548e+01 1.648949e-02 9.833579e-01 1.525735e-04 
1.927136e+01 1.386652e-02 9.859511e-01 1.823922e-04 
1.944724e+01 1.165577e-02 9.881263e-01 2.179449e-04 
1.962312e+01 9.793919e-03 9.899457e-01 2.603329e-04 
1.979899e+01 8.226930e-03 9.914622e-01 3.108689e-04 
1.997487e+01 6.908838e-03 9.927200e-01 3.711175e-04 
2.015075e+01 5.800624e-03 9.937564e-01 4.429432e-04 
2.032663e+01 4.869235e-03 9.946022e-01 5.285681e-04 
2.050251e+01 4.086714e-03 9.952826e-01 6.306399e-04 
2.067839e+01 3.429450e-03 9.958182e-01 7.523129e-04 
2.085427e+01 2.877521e-03 9.962251e-01 8.973449e-04 
2.103015e+01 2.414135e-03 9.965157e-01 1.070211e-03 
2.120603e+01 2.025153e-03 9.966986e-01 1.276241e-03 
2.138191e+01 1.698673e-03 9.967795e-01 1.521778e-03 
2.155779e+01 1.424683e-03 9.967609e-01 1.814374e-03 
2.173367e+01 1.194766e-03 9.966422e-01 2.163010e-03 
2.190955e+01 1.001850e-03 9.964198e-01 2.578368e-03 
2.208543e+01 8.399898e-04 9.960869e-01 3.073147e-03 
2.226131e+01 7.041948e-04 9.956334e-01 3.662427e-03 
2.243719e+01 5.902729e-04 9.950456e-01 4.364113e-03 
2.261307e+01 4.947051e-04 9.943059e-01 5.199438e-03 
2.278894e+01 4.145373e-04 9.933919e-01 6.193562e-03 
2.296482e+01 3.472899e-04 9.922765e-01 7.376256e-03 
2.314070e+01 2.908824e-04 9.909264e-01 8.782702e-03 
2.331658e+01 2.435687e-04 9.893020e-01 1.045440e-02 
2.349246e+01 2.038839e-04 9.873559e-01 1.244020e-02 
2.366834e+01 1.705988e-04 9.850319e-01 1.479747e-02 
2.384422e+01 1.426824e-04 9.822640e-01 1.759336e-02 
2.402010e+01 1.192697e-04 9.789745e-01 2.090621e-02 
2.419598e+01 9.963517e-05 9.750733e-01 2.482703e-02 
2.437186e+01 8.317019e-05 9.704559e-01 2.946095e-02 
2.454774e+01 6.936440e-05 9.650019e-01 3.492871e-02 
2.472362e+01 5.778975e-05 9.585743e-01 4.136791e-02 
2.489950e+01 4.808729e-05 9.510180e-01 4.893392e-02 
2.507538e+01 3.995606e-05 9.421598e-01 5.780020e-02 
2.525126e+01 3.314375e-05 9.318091e-01 6.815773e-02 
2.542714e+01 2.743882e-05 9.197594e-01 8.021320e-02 
2.560302e+01 2.266398e-05 9.057919e-01 9.418539e-02 
2.577889e+01 1.867063e-05 8.896819e-01 1.102994e-01 
2.595477e+01 1.533423e-05 8.712063e-01 1.287784e-01 
2.613065e+01 1.255035e-05 8.501557e-01 1.498318e-01 
2.630653e+01 1.023145e-05 8.263488e-01 1.736410e-01 
2.648241e+01 8.304056e-06 7.996497e-01 2.003420e-01 
2.665829e+01 6.706417e-06 7.699872e-01 2.300061e-01 
2.683417e+01 5.386565e-06 7.373748e-01 2.626198e-01 
2.701005e+01 4.300635e-06 7.019278e-01 2.980679e-01 
2.718593e+01 3.411492e-06 6.638770e-01 3.361196e-01 
2.736181e+01 2.687576e-06 6.235734e-01 3.764239e-01 
2.753769e+01 2.101973e-06 5.814835e-01 4.185144e-01 
2.771357e+01 1.631654e-06 5.381726e-01 4.618257e-01 
2.788945e+01 1.256880e-06 4.942777e-01 5.057210e-01 
2.806533e+01 9.607404e-07 4.504708e-01 5.495283e-01 
2.824121e+01 7.287804e-07 4.074185e-01 5.925808e-01 
2.841709e+01 5.487160e-07 3.657422e-01 6.342572e-01 
2.859296e+01 4.101902e-07 3.259839e-01 6.740156e-01 
2.876884e+01 3.045605e-07 2.885812e-01 7.114185e-01 
2.894472e+01 2.247012e-07 2.538536e-01 7.461462e-01 
2.912060e+01 1.648138e-07 2.220010e-01 7.779989e-01 
2.929648e+01 1.202435e-07 1.931107e-01 8.068892e-01 
2.947236e+01 8.730436e-08 1.671722e-01 8.328277e-01 
2.964824e+01 6.311595e-08 1.440956e-01 8.559043e-01 
2.982412e+01 4.545528e-08 1.237312e-01 8.762687e-01 
3.000000e+01 3.262658e-08 1.058888e-01 8.941111e-01 
