#E                   4            5            6            7            8 
-5.000000e+00 9.999998e-01 1.780633e-07 9.459062e-15 1.726915e-22 1.350071e-31 
-4.824121e+00 9.999998e-01 2.123039e-07 1.344668e-14 2.926991e-22 2.728289e-31 
-4.648241e+00 9.999997e-01 2.531287e-07 1.911533e-14 4.961029e-22 5.513460e-31 
-4.472362e+00 9.999997e-01 3.018039e-07 2.717370e-14 8.408569e-22 1.114187e-30 
-4.296482e+00 9.999996e-01 3.598390e-07 3.862919e-14 1.425189e-21 2.251603e-30 
-4.120603e+00 9.999996e-01 4.290340e-07 5.491392e-14 2.415587e-21 4.550148e-30 
-3.944724e+00 9.999995e-01 5.115347e-07 7.806374e-14 4.094238e-21 9.195160e-30 
-3.768844e+00 9.999994e-01 6.098998e-07 1.109727e-13 6.939423e-21 1.858203e-29 
-3.592965e+00 9.999993e-01 7.271800e-07 1.577550e-13 1.176180e-20 3.755146e-29 
-3.417085e+00 9.999991e-01 8.670124e-07 2.242590e-13 1.993535e-20 7.588581e-29 
-3.241206e+00 9.999990e-01 1.033734e-06 3.187988e-13 3.378891e-20 1.533537e-28 
-3.065327e+00 9.999988e-01 1.232515e-06 4.531934e-13 5.726965e-20 3.099046e-28 
-2.889447e+00 9.999985e-01 1.469520e-06 6.442439e-13 9.706770e-20 6.262702e-28 
-2.713568e+00 9.999982e-01 1.752099e-06 9.158347e-13 1.645224e-19 1.265597e-27 
-2.537688e+00 9.999979e-01 2.089017e-06 1.301919e-12 2.788529e-19 2.557579e-27 
-2.361809e+00 9.999975e-01 2.490722e-06 1.850762e-12 4.726345e-19 5.168478e-27 
-2.185930e+00 9.999970e-01 2.969672e-06 2.630978e-12 8.010793e-19 1.044471e-26 
-2.010050e+00 9.999965e-01 3.540721e-06 3.740106e-12 1.357768e-18 2.110716e-26 
-1.834171e+00 9.999958e-01 4.221579e-06 5.316803e-12 2.301313e-18 4.265435e-26 
-1.658291e+00 9.999950e-01 5.033360e-06 7.558178e-12 3.900549e-18 8.619793e-26 
-1.482412e+00 9.999940e-01 6.001241e-06 1.074444e-11 6.611129e-18 1.741928e-25 
-1.306533e+00 9.999928e-01 7.155236e-06 1.527390e-11 1.120535e-17 3.520169e-25 
-1.130653e+00 9.999915e-01 8.531136e-06 2.171282e-11 1.899220e-17 7.113719e-25 
-9.547739e-01 9.999898e-01 1.017161e-05 3.086615e-11 3.219029e-17 1.437573e-24 
-7.788945e-01 9.999879e-01 1.212753e-05 4.387817e-11 5.456000e-17 2.905111e-24 
-6.030151e-01 9.999855e-01 1.445954e-05 6.237556e-11 9.247487e-17 5.870777e-24 
-4.271357e-01 9.999828e-01 1.723998e-05 8.867070e-11 1.567375e-16 1.186392e-23 
-2.512563e-01 9.999794e-01 2.055507e-05 1.260508e-10 2.656573e-16 2.397511e-23 
-7.537688e-02 9.999755e-01 2.450759e-05 1.791888e-10 4.502673e-16 4.844987e-23 
1.005025e-01 9.999708e-01 2.922012e-05 2.547274e-10 7.631655e-16 9.790940e-23 
2.763819e-01 9.999652e-01 3.483879e-05 3.621097e-10 1.293501e-15 1.978590e-22 
4.522613e-01 9.999585e-01 4.153781e-05 5.147592e-10 2.192371e-15 3.998404e-22 
6.281407e-01 9.999505e-01 4.952489e-05 7.317581e-10 3.715874e-15 8.080105e-22 
8.040201e-01 9.999410e-01 5.904768e-05 1.040232e-09 6.298066e-15 1.632851e-21 
9.798995e-01 9.999296e-01 7.040142e-05 1.478742e-09 1.067462e-14 3.299708e-21 
1.155779e+00 9.999161e-01 8.393807e-05 2.102100e-09 1.809244e-14 6.668121e-21 
1.331658e+00 9.998999e-01 1.000773e-04 2.988224e-09 3.066482e-14 1.347505e-20 
1.507538e+00 9.998807e-01 1.193192e-04 4.247875e-09 5.197356e-14 2.723051e-20 
1.683417e+00 9.998577e-01 1.422604e-04 6.038494e-09 8.808923e-14 5.502747e-20 
1.859296e+00 9.998304e-01 1.696116e-04 8.583881e-09 1.493005e-13 1.111991e-19 
2.035176e+00 9.997978e-01 2.022203e-04 1.220215e-08 2.530448e-13 2.247093e-19 
2.211055e+00 9.997589e-01 2.410968e-04 1.734548e-08 4.288752e-13 4.540859e-19 
2.386935e+00 9.997125e-01 2.874450e-04 2.465660e-08 7.268774e-13 9.175964e-19 
2.562814e+00 9.996573e-01 3.427000e-04 3.504904e-08 1.231934e-12 1.854221e-18 
2.738693e+00 9.995914e-01 4.085724e-04 4.982122e-08 2.087898e-12 3.746853e-18 
2.914573e+00 9.995128e-01 4.871002e-04 7.081857e-08 3.538551e-12 7.571228e-18 
3.090452e+00 9.994192e-01 5.807124e-04 1.006638e-07 5.997015e-12 1.529887e-17 
3.266332e+00 9.993076e-01 6.923027e-04 1.430842e-07 1.016335e-11 3.091326e-17 
3.442211e+00 9.991745e-01 8.253186e-04 2.033765e-07 1.722382e-11 6.246270e-17 
3.618090e+00 9.990158e-01 9.838664e-04 2.890672e-07 2.918844e-11 1.262076e-16 
3.793970e+00 9.988268e-01 1.172836e-03 4.108502e-07 4.946284e-11 2.549982e-16 
3.969849e+00 9.986014e-01 1.398050e-03 5.839187e-07 8.381686e-11 5.151966e-16 
4.145729e+00 9.983327e-01 1.666439e-03 8.298554e-07 1.420250e-10 1.040854e-15 
4.321608e+00 9.980126e-01 1.986248e-03 1.179316e-06 2.406445e-10 2.102734e-15 
4.497487e+00 9.976310e-01 2.367287e-03 1.675833e-06 4.077183e-10 4.247684e-15 
4.673367e+00 9.971764e-01 2.821217e-03 2.381222e-06 6.907369e-10 8.580015e-15 
4.849246e+00 9.966347e-01 3.361893e-03 3.383224e-06 1.170111e-09 1.732949e-14 
5.025126e+00 9.959894e-01 4.005771e-03 4.806360e-06 1.981965e-09 3.499761e-14 
5.201005e+00 9.952208e-01 4.772372e-03 6.827284e-06 3.356689e-09 7.067029e-14 
5.376884e+00 9.943055e-01 5.684838e-03 9.696505e-06 5.684102e-09 1.426826e-13 
5.552764e+00 9.932157e-01 6.770570e-03 1.376911e-05 9.623565e-09 2.880240e-13 
5.728643e+00 9.919185e-01 8.061969e-03 1.954813e-05 1.628991e-08 5.812927e-13 
5.904523e+00 9.903749e-01 9.597282e-03 2.774571e-05 2.756721e-08 1.172877e-12 
6.080402e+00 9.885390e-01 1.142157e-02 3.936922e-05 4.663772e-08 2.365812e-12 
6.256281e+00 9.863563e-01 1.358781e-02 5.584236e-05 7.887287e-08 4.770392e-12 
6.432161e+00 9.837626e-01 1.615806e-02 7.917483e-05 1.333320e-07 9.614892e-12 
6.608040e+00 9.806827e-01 1.920485e-02 1.121998e-04 2.252802e-07 1.936941e-11 
6.783920e+00 9.770282e-01 2.281250e-02 1.589051e-04 3.804101e-07 3.899679e-11 
6.959799e+00 9.726959e-01 2.707861e-02 2.248923e-04 6.419073e-07 7.845716e-11 
7.135678e+00 9.675655e-01 3.211539e-02 3.180130e-04 1.082246e-06 1.577138e-10 
7.311558e+00 9.614981e-01 3.805087e-02 4.492414e-04 1.822823e-06 3.167171e-10 
7.487437e+00 9.543333e-01 4.502977e-02 6.338673e-04 3.066524e-06 6.352681e-10 
7.663317e+00 9.458881e-01 5.321363e-02 8.931100e-04 5.151533e-06 1.272420e-09 
7.839196e+00 9.359550e-01 6.278004e-02 1.256282e-03 8.639767e-06 2.544366e-09 
8.015075e+00 9.243016e-01 7.392030e-02 1.763651e-03 1.446143e-05 5.077759e-09 
8.190955e+00 9.106707e-01 8.683500e-02 2.470172e-03 2.414955e-05 1.011005e-08 
8.366834e+00 8.947829e-01 1.017266e-01 3.450249e-03 4.021757e-05 2.007445e-08 
8.542714e+00 8.763412e-01 1.187883e-01 4.803667e-03 6.676083e-05 3.973132e-08 
8.718593e+00 8.550390e-01 1.381878e-01 6.662734e-03 1.104040e-04 7.833927e-08 
8.894472e+00 8.305717e-01 1.600459e-01 9.200483e-03 1.817717e-04 1.537817e-07 
9.070352e+00 8.026546e-01 1.844079e-01 1.263948e-02 2.977339e-04 3.003239e-07 
9.246231e+00 7.710448e-01 2.112097e-01 1.726024e-02 4.847630e-04 5.830081e-07 
9.422111e+00 7.355696e-01 2.402378e-01 2.340766e-02 7.838338e-04 1.123964e-06 
9.597990e+00 6.961599e-01 2.710879e-01 3.149271e-02 1.257360e-03 2.149669e-06 
9.773869e+00 6.528861e-01 3.031251e-01 4.198609e-02 1.998657e-03 4.074120e-06 
9.949749e+00 6.059930e-01 3.354560e-01 5.539907e-02 3.144263e-03 7.641838e-06 
1.012563e+01 5.559296e-01 3.669199e-01 7.224730e-02 4.889016e-03 1.416719e-05 
1.030151e+01 5.033654e-01 3.961123e-01 9.299339e-02 7.503008e-03 2.592276e-05 
1.047739e+01 4.491874e-01 4.214499e-01 1.179677e-01 1.134828e-02 4.674759e-05 
1.065327e+01 3.944713e-01 4.412830e-01 1.472712e-01 1.689150e-02 8.296231e-05 
1.082915e+01 3.404243e-01 4.540522e-01 1.806716e-01 2.470720e-02 1.446838e-04 
1.100503e+01 2.883012e-01 4.584744e-01 2.175118e-01 3.546499e-02 2.476165e-04 
1.118090e+01 2.393026e-01 4.537322e-01 2.566555e-01 4.989433e-02 4.153501e-04 
1.135678e+01 1.944689e-01 4.396285e-01 2.964971e-01 6.872336e-02 6.821045e-04 
1.153266e+01 1.545877e-01 4.166716e-01 3.350517e-01 9.259325e-02 1.095745e-03 
1.170854e+01 1.201303e-01 3.860601e-01 3.701317e-01 1.219571e-01 1.720762e-03 
1.188442e+01 9.123034e-02 3.495629e-01 3.995859e-01 1.569801e-01 2.640836e-03 
1.206030e+01 6.770563e-02 3.093102e-01 4.215630e-01 1.974606e-01 3.960597e-03 
1.223618e+01 4.911692e-02 2.675371e-01 4.347462e-01 2.427935e-01 5.806318e-03 
1.241206e+01 3.485026e-02 2.263301e-01 4.385080e-01 2.919861e-01 8.325484e-03 
1.258794e+01 2.420511e-02 1.874247e-01 4.329577e-01 3.437270e-01 1.168542e-02 
1.276382e+01 1.647330e-02 1.520841e-01 4.188764e-01 3.964948e-01 1.607133e-02 
1.293970e+01 1.099856e-02 1.210660e-01 3.975648e-01 4.486865e-01 2.168406e-02 
1.311558e+01 7.213023e-03 9.466456e-02 3.706436e-01 4.987409e-01 2.873797e-02 
1.329146e+01 4.652427e-03 7.280030e-02 3.398487e-01 5.452399e-01 3.745865e-02 
1.346734e+01 2.955033e-03 5.513145e-02 3.068565e-01 5.869765e-01 4.808047e-02 
1.364322e+01 1.850424e-03 4.116156e-02 2.731563e-01 6.229886e-01 6.084313e-02 
1.381910e+01 1.143571e-03 3.032964e-02 2.399772e-01 6.525629e-01 7.598664e-02 
1.399497e+01 6.981292e-04 2.207614e-02 2.082617e-01 6.752200e-01 9.374402e-02 
1.417085e+01 4.213297e-04 1.588521e-02 1.786745e-01 6.906880e-01 1.143309e-01 
1.434673e+01 2.515299e-04 1.130691e-02 1.516342e-01 6.988754e-01 1.379320e-01 
1.452261e+01 1.486081e-04 7.964900e-03 1.273553e-01 6.998470e-01 1.646842e-01 
1.469849e+01 8.692168e-05 5.554556e-03 1.058935e-01 6.938075e-01 1.946575e-01 
1.487437e+01 5.034359e-05 3.835737e-03 8.718714e-02 6.810915e-01 2.278353e-01 
1.505025e+01 2.887692e-05 2.623246e-03 7.109285e-02 6.621592e-01 2.640958e-01 
1.522613e+01 1.640522e-05 1.776862e-03 5.741483e-02 6.375938e-01 3.031981e-01 
1.540201e+01 9.231224e-06 1.192104e-03 4.592701e-02 6.080952e-01 3.447764e-01 
1.557789e+01 5.145222e-06 7.922141e-04 3.638982e-02 5.744692e-01 3.883436e-01 
1.575377e+01 2.840866e-06 5.215220e-04 2.856231e-02 5.376055e-01 4.333078e-01 
1.592965e+01 1.554018e-06 3.401428e-04 2.221087e-02 4.984474e-01 4.790001e-01 
1.610553e+01 8.423779e-07 2.198345e-04 1.711526e-02 4.579528e-01 5.247113e-01 
1.628141e+01 4.526113e-07 1.408308e-04 1.307281e-02 4.170513e-01 5.697346e-01 
1.645729e+01 2.411393e-07 8.945893e-05 9.900983e-03 3.766018e-01 6.134075e-01 
1.663317e+01 1.274455e-07 5.637204e-05 7.438781e-03 3.373567e-01 6.551480e-01 
1.680905e+01 6.685171e-08 3.525617e-05 5.546981e-03 2.999354e-01 6.944823e-01 
1.698492e+01 3.482333e-08 2.189659e-05 4.107536e-03 2.648109e-01 7.310597e-01 
1.716080e+01 1.802393e-08 1.351261e-05 3.022230e-03 2.323087e-01 7.646556e-01 
1.733668e+01 9.274856e-09 8.290489e-06 2.210813e-03 2.026158e-01 7.951651e-01 
1.751256e+01 4.747865e-09 5.060049e-06 1.608830e-03 1.757984e-01 8.225877e-01 
1.768844e+01 2.419191e-09 3.074044e-06 1.165330e-03 1.518228e-01 8.470088e-01 
1.786432e+01 1.227601e-09 1.859862e-06 8.406262e-04 1.305794e-01 8.685781e-01 
1.804020e+01 6.206952e-10 1.121205e-06 6.042141e-04 1.119041e-01 8.874906e-01 
1.821608e+01 3.128483e-10 6.737892e-07 4.329255e-04 9.559865e-02 9.039677e-01 
1.839196e+01 1.572552e-10 4.038115e-07 3.093508e-04 8.144666e-02 9.182436e-01 
1.856784e+01 7.885953e-11 2.414412e-07 2.205298e-04 6.922658e-02 9.305526e-01 
1.874372e+01 3.946620e-11 1.440675e-07 1.568937e-04 5.872112e-02 9.411218e-01 
1.891960e+01 1.971717e-11 8.581606e-08 1.114273e-04 4.972376e-02 9.501647e-01 
1.909548e+01 9.836081e-12 5.104222e-08 7.901981e-05 4.204282e-02 9.578781e-01 
1.927136e+01 4.900647e-12 3.032106e-08 5.596727e-05 3.550369e-02 9.644403e-01 
1.944724e+01 2.439050e-12 1.799265e-08 3.959756e-05 2.994961e-02 9.700108e-01 
1.962312e+01 1.212816e-12 1.066726e-08 2.799043e-05 2.524154e-02 9.747305e-01 
1.979899e+01 6.026101e-13 6.319427e-09 1.977051e-05 2.125727e-02 9.787230e-01 
1.997487e+01 2.992241e-13 3.741290e-09 1.395549e-05 1.789032e-02 9.820957e-01 
2.015075e+01 1.484976e-13 2.213746e-09 9.845433e-06 1.504844e-02 9.849417e-01 
2.032663e+01 7.366180e-14 1.309284e-09 6.942638e-06 1.265216e-02 9.873409e-01 
2.050251e+01 3.652553e-14 7.740546e-10 4.893793e-06 1.063333e-02 9.893618e-01 
2.067839e+01 1.810543e-14 4.574750e-10 3.448457e-06 8.933707e-03 9.910628e-01 
2.085427e+01 8.972255e-15 2.702985e-10 2.429319e-06 7.503690e-03 9.924939e-01 
2.103015e+01 4.445228e-15 1.596686e-10 1.710976e-06 6.301119e-03 9.936972e-01 
2.120603e+01 2.201922e-15 9.429983e-11 1.204810e-06 5.290248e-03 9.947085e-01 
2.138191e+01 1.090534e-15 5.568413e-11 8.482477e-07 4.440823e-03 9.955583e-01 
2.155779e+01 5.400283e-16 3.287701e-11 5.971275e-07 3.727273e-03 9.962721e-01 
2.173367e+01 2.673893e-16 1.940900e-11 4.203019e-07 3.128016e-03 9.968716e-01 
2.190955e+01 1.323821e-16 1.145703e-11 2.958106e-07 2.624852e-03 9.973749e-01 
2.208543e+01 6.553593e-17 6.762474e-12 2.081760e-07 2.202446e-03 9.977973e-01 
2.226131e+01 3.244143e-17 3.991256e-12 1.464934e-07 1.847890e-03 9.981520e-01 
2.243719e+01 1.605816e-17 2.355530e-12 1.030815e-07 1.550323e-03 9.984496e-01 
2.261307e+01 7.948231e-18 1.390103e-12 7.253079e-08 1.300611e-03 9.986993e-01 
2.278894e+01 3.933940e-18 8.203284e-13 5.103247e-08 1.091076e-03 9.989089e-01 
2.296482e+01 1.947020e-18 4.840763e-13 3.590510e-08 9.152673e-04 9.990847e-01 
2.314070e+01 9.636087e-19 2.856456e-13 2.526116e-08 7.677655e-04 9.992322e-01 
2.331658e+01 4.768927e-19 1.685509e-13 1.777216e-08 6.440194e-04 9.993560e-01 
2.349246e+01 2.360109e-19 9.945481e-14 1.250312e-08 5.402075e-04 9.994598e-01 
2.366834e+01 1.167982e-19 5.868313e-14 8.796084e-09 4.531218e-04 9.995469e-01 
2.384422e+01 5.780082e-20 3.462539e-14 6.188056e-09 3.800697e-04 9.996199e-01 
2.402010e+01 2.860400e-20 2.043012e-14 4.353253e-09 3.187913e-04 9.996812e-01 
2.419598e+01 1.415518e-20 1.205432e-14 3.062453e-09 2.673901e-04 9.997326e-01 
2.437186e+01 7.004872e-21 7.112320e-15 2.154374e-09 2.242749e-04 9.997757e-01 
2.454774e+01 3.466428e-21 4.196397e-15 1.515549e-09 1.881104e-04 9.998119e-01 
2.472362e+01 1.715385e-21 2.475936e-15 1.066145e-09 1.577766e-04 9.998422e-01 
2.489950e+01 8.488652e-22 1.460832e-15 7.499986e-10 1.323336e-04 9.998677e-01 
2.507538e+01 4.200628e-22 8.619043e-16 5.275976e-10 1.109931e-04 9.998890e-01 
2.525126e+01 2.078683e-22 5.085299e-16 3.711450e-10 9.309371e-05 9.999069e-01 
2.542714e+01 1.028634e-22 3.000355e-16 2.610858e-10 7.808065e-05 9.999219e-01 
2.560302e+01 5.090173e-23 1.770222e-16 1.836631e-10 6.548856e-05 9.999345e-01 
2.577889e+01 2.518856e-23 1.044436e-16 1.291991e-10 5.492709e-05 9.999451e-01 
2.595477e+01 1.246446e-23 6.162196e-17 9.088589e-11 4.606881e-05 9.999539e-01 
2.613065e+01 6.167978e-24 3.635703e-17 6.393414e-11 3.863908e-05 9.999614e-01 
2.630653e+01 3.052191e-24 2.145066e-17 4.497473e-11 3.240753e-05 9.999676e-01 
2.648241e+01 1.510359e-24 1.265589e-17 3.163763e-11 2.718096e-05 9.999728e-01 
2.665829e+01 7.473917e-25 7.466966e-18 2.225558e-11 2.279729e-05 9.999772e-01 
2.683417e+01 3.698419e-25 4.405502e-18 1.565574e-11 1.912060e-05 9.999809e-01 
2.701005e+01 1.830137e-25 2.599240e-18 1.101306e-11 1.603686e-05 9.999840e-01 
2.718593e+01 9.056302e-26 1.533547e-18 7.747156e-12 1.345045e-05 9.999865e-01 
2.736181e+01 4.481445e-26 9.047899e-19 5.449747e-12 1.128118e-05 9.999887e-01 
2.753769e+01 2.217609e-26 5.338241e-19 3.833630e-12 9.461757e-06 9.999905e-01 
2.771357e+01 1.097367e-26 3.149550e-19 2.696771e-12 7.935769e-06 9.999921e-01 
2.788945e+01 5.430235e-27 1.858227e-19 1.897045e-12 6.655890e-06 9.999933e-01 
2.806533e+01 2.687109e-27 1.096349e-19 1.334477e-12 5.582428e-06 9.999944e-01 
2.824121e+01 1.329695e-27 6.468429e-20 9.387387e-13 4.682093e-06 9.999953e-01 
2.841709e+01 6.579886e-28 3.816355e-20 6.603560e-13 3.926964e-06 9.999961e-01 
2.859296e+01 3.256004e-28 2.251639e-20 4.645276e-13 3.293622e-06 9.999967e-01 
2.876884e+01 1.611207e-28 1.328460e-20 3.267720e-13 2.762425e-06 9.999972e-01 
2.894472e+01 7.972925e-29 7.837877e-21 2.298678e-13 2.316900e-06 9.999977e-01 
2.912060e+01 3.945336e-29 4.624324e-21 1.617005e-13 1.943229e-06 9.999981e-01 
2.929648e+01 1.952317e-29 2.728337e-21 1.137482e-13 1.629824e-06 9.999984e-01 
2.947236e+01 9.660880e-30 1.609711e-21 8.001618e-14 1.366965e-06 9.999986e-01 
2.964824e+01 4.780606e-30 9.497243e-22 5.628738e-14 1.146500e-06 9.999989e-01 
2.982412e+01 2.365643e-30 5.603344e-22 3.959535e-14 9.615915e-07 9.999990e-01 
3.000000e+01 1.170619e-30 3.305955e-22 2.785335e-14 8.065053e-07 9.999992e-01 
