#E                   2            3            4            5            6 
-5.000000e+00 9.999989e-01 1.067840e-06 2.760322e-13 4.590356e-21 1.600799e-29 
-4.824121e+00 9.999987e-01 1.273179e-06 3.923977e-13 7.780306e-21 3.234972e-29 
-4.648241e+00 9.999985e-01 1.518004e-06 5.578190e-13 1.318703e-20 6.537388e-29 
-4.472362e+00 9.999982e-01 1.809906e-06 7.929760e-13 2.235101e-20 1.321107e-28 
-4.296482e+00 9.999978e-01 2.157940e-06 1.127267e-12 3.788326e-20 2.669756e-28 
-4.120603e+00 9.999974e-01 2.572899e-06 1.602483e-12 6.420924e-20 5.395171e-28 
-3.944724e+00 9.999969e-01 3.067651e-06 2.278034e-12 1.088298e-19 1.090282e-27 
-3.768844e+00 9.999963e-01 3.657540e-06 3.238373e-12 1.844581e-19 2.203293e-27 
-3.592965e+00 9.999956e-01 4.360861e-06 4.603557e-12 3.126423e-19 4.452520e-27 
-3.417085e+00 9.999948e-01 5.199425e-06 6.544252e-12 5.299047e-19 8.997861e-27 
-3.241206e+00 9.999938e-01 6.199239e-06 9.303074e-12 8.981476e-19 1.818330e-26 
-3.065327e+00 9.999926e-01 7.391308e-06 1.322491e-11 1.522291e-18 3.674565e-26 
-2.889447e+00 9.999912e-01 8.812602e-06 1.880006e-11 2.580164e-18 7.425730e-26 
-2.713568e+00 9.999895e-01 1.050720e-05 2.672547e-11 4.373176e-18 1.500625e-25 
-2.537688e+00 9.999875e-01 1.252764e-05 3.799193e-11 7.412187e-18 3.032530e-25 
-2.361809e+00 9.999851e-01 1.493660e-05 5.400789e-11 1.256307e-17 6.128270e-25 
-2.185930e+00 9.999822e-01 1.780877e-05 7.677554e-11 2.129339e-17 1.238427e-24 
-2.010050e+00 9.999788e-01 2.123323e-05 1.091411e-10 3.609056e-17 2.502665e-24 
-1.834171e+00 9.999747e-01 2.531615e-05 1.551506e-10 6.117053e-17 5.057487e-24 
-1.658291e+00 9.999698e-01 3.018415e-05 2.205557e-10 1.036789e-16 1.022037e-23 
-1.482412e+00 9.999640e-01 3.598819e-05 3.135325e-10 1.757269e-16 2.065370e-23 
-1.306533e+00 9.999571e-01 4.290821e-05 4.457039e-10 2.978418e-16 4.173771e-23 
-1.130653e+00 9.999488e-01 5.115879e-05 6.335922e-10 5.048152e-16 8.434489e-23 
-9.547739e-01 9.999390e-01 6.099573e-05 9.006840e-10 8.556153e-16 1.704466e-22 
-7.788945e-01 9.999273e-01 7.272401e-05 1.280366e-09 1.450186e-15 3.444427e-22 
-6.030151e-01 9.999133e-01 8.670720e-05 1.820099e-09 2.457922e-15 6.960570e-22 
-4.271357e-01 9.998966e-01 1.033788e-04 2.587347e-09 4.165922e-15 1.406602e-21 
-2.512563e-01 9.998767e-01 1.232555e-04 3.678011e-09 7.060784e-15 2.842474e-21 
-7.537688e-02 9.998530e-01 1.469533e-04 5.228410e-09 1.196721e-14 5.744074e-21 
1.005025e-01 9.998248e-01 1.752066e-04 7.432317e-09 2.028295e-14 1.160758e-20 
2.763819e-01 9.997911e-01 2.088908e-04 1.056517e-08 3.437690e-14 2.345637e-20 
4.522613e-01 9.997509e-01 2.490493e-04 1.501848e-08 5.826392e-14 4.739986e-20 
6.281407e-01 9.997031e-01 2.969259e-04 2.134873e-08 9.874821e-14 9.578337e-20 
8.040201e-01 9.996460e-01 3.540028e-04 3.034689e-08 1.673612e-13 1.935526e-19 
9.798995e-01 9.995779e-01 4.220467e-04 4.313716e-08 2.836453e-13 3.911140e-19 
1.155779e+00 9.994968e-01 5.031631e-04 6.131732e-08 4.807183e-13 7.903180e-19 
1.331658e+00 9.994001e-01 5.998604e-04 8.715816e-08 8.147024e-13 1.596959e-18 
1.507538e+00 9.992847e-01 7.151276e-04 1.238867e-07 1.380700e-12 3.226840e-18 
1.683417e+00 9.991473e-01 8.525252e-04 1.760889e-07 2.339860e-12 6.520058e-18 
1.859296e+00 9.989835e-01 1.016294e-03 2.502809e-07 3.965236e-12 1.317389e-17 
2.035176e+00 9.987882e-01 1.211485e-03 3.557211e-07 6.719461e-12 2.661723e-17 
2.211055e+00 9.985554e-01 1.444110e-03 5.055631e-07 1.138632e-11 5.377687e-17 
2.386935e+00 9.982780e-01 1.721325e-03 7.184914e-07 1.929360e-11 1.086447e-16 
2.562814e+00 9.979473e-01 2.051647e-03 1.021044e-06 3.269036e-11 2.194818e-16 
2.738693e+00 9.975533e-01 2.445201e-03 1.450908e-06 5.538582e-11 4.433645e-16 
2.914573e+00 9.970839e-01 2.914027e-03 2.061591e-06 9.383061e-11 8.955509e-16 
3.090452e+00 9.965246e-01 3.472429e-03 2.929043e-06 1.589466e-10 1.808758e-15 
3.266332e+00 9.958584e-01 4.137389e-03 4.161043e-06 2.692224e-10 3.652782e-15 
3.442211e+00 9.950650e-01 4.929055e-03 5.910483e-06 4.559480e-10 7.375839e-15 
3.618090e+00 9.941203e-01 5.871305e-03 8.394162e-06 7.720638e-10 1.489130e-14 
3.793970e+00 9.929957e-01 6.992404e-03 1.191935e-05 1.307109e-09 3.005903e-14 
3.969849e+00 9.916573e-01 8.325766e-03 1.692130e-05 2.212466e-09 6.066288e-14 
4.145729e+00 9.900652e-01 9.910825e-03 2.401612e-05 3.743942e-09 1.223937e-13 
4.321608e+00 9.881719e-01 1.179402e-02 3.407521e-05 6.333564e-09 2.468661e-13 
4.497487e+00 9.859217e-01 1.402993e-02 4.832984e-05 1.071047e-08 4.977431e-13 
4.673367e+00 9.832490e-01 1.668245e-02 6.851779e-05 1.810422e-08 1.003137e-12 
4.849246e+00 9.800767e-01 1.982622e-02 9.708827e-05 3.058629e-08 2.020647e-12 
5.025126e+00 9.763145e-01 2.354795e-02 1.374876e-04 5.164245e-08 4.067747e-12 
5.201005e+00 9.718574e-01 2.794791e-02 1.945553e-04 8.713046e-08 8.182775e-12 
5.376884e+00 9.665835e-01 3.314130e-02 2.750723e-04 1.468781e-07 1.644641e-11 
5.552764e+00 9.603518e-01 3.925943e-02 3.885122e-04 2.473424e-07 3.302144e-11 
5.728643e+00 9.530010e-01 4.645051e-02 5.480682e-04 4.160178e-07 6.622056e-11 
5.904523e+00 9.443475e-01 5.487978e-02 7.720403e-04 6.987160e-07 1.326066e-10 
6.080402e+00 9.341845e-01 6.472866e-02 1.085695e-03 1.171526e-06 2.650939e-10 
6.256281e+00 9.222820e-01 7.619232e-02 1.523722e-03 1.960349e-06 5.288891e-10 
6.432161e+00 9.083882e-01 8.947513e-02 2.133439e-03 3.272588e-06 1.052704e-09 
6.608040e+00 8.922323e-01 1.047834e-01 2.978885e-03 5.448140e-06 2.089520e-09 
6.783920e+00 8.735310e-01 1.223140e-01 4.145921e-03 9.040636e-06 4.134097e-09 
6.959799e+00 8.519974e-01 1.422393e-01 5.748411e-03 1.494546e-05 8.148438e-09 
7.135678e+00 8.273542e-01 1.646858e-01 7.935384e-03 2.459874e-05 1.599048e-08 
7.311558e+00 7.993525e-01 1.897084e-01 1.089888e-02 4.028191e-05 3.122066e-08 
7.487437e+00 7.677942e-01 2.172583e-01 1.488179e-02 6.557932e-05 6.060136e-08 
7.663317e+00 7.325604e-01 2.471488e-01 2.018462e-02 1.060513e-04 1.168463e-07 
7.839196e+00 6.936414e-01 2.790188e-01 2.716934e-02 1.701993e-04 2.235837e-07 
8.015075e+00 6.511684e-01 3.123024e-01 3.625804e-02 2.708111e-04 4.241625e-07 
8.190955e+00 6.054408e-01 3.462080e-01 4.792362e-02 4.267713e-04 7.969745e-07 
8.366834e+00 5.569453e-01 3.797182e-01 6.266966e-02 6.654054e-04 1.481559e-06 
8.542714e+00 5.063595e-01 4.116151e-01 8.099732e-02 1.025376e-03 2.722070e-06 
8.718593e+00 4.545367e-01 4.405394e-01 1.033588e-01 1.560068e-03 4.937910e-06 
8.894472e+00 4.024675e-01 4.650826e-01 1.300997e-01 2.341293e-03 8.835657e-06 
9.070352e+00 3.512196e-01 4.839064e-01 1.613954e-01 3.463012e-03 1.558190e-05 
9.246231e+00 3.018612e-01 4.958763e-01 1.971908e-01 5.044671e-03 2.706343e-05 
9.422111e+00 2.553782e-01 5.001881e-01 2.371538e-01 7.233687e-03 4.626933e-05 
9.597990e+00 2.125967e-01 4.964659e-01 2.806529e-01 1.020664e-02 7.783943e-05 
9.773869e+00 1.741235e-01 4.848125e-01 3.267664e-01 1.416883e-02 1.288351e-04 
9.949749e+00 1.403138e-01 4.658008e-01 3.743236e-01 1.935206e-02 2.098027e-04 
1.012563e+01 1.112687e-01 4.404093e-01 4.219752e-01 2.601061e-02 3.362155e-04 
1.030151e+01 8.686103e-02 4.099131e-01 4.682801e-01 3.441539e-02 5.303999e-04 
1.047739e+01 6.678061e-02 3.757515e-01 5.117974e-01 4.484649e-02 8.240672e-04 
1.065327e+01 5.059072e-02 3.393943e-01 5.511697e-01 5.758366e-02 1.261586e-03 
1.082915e+01 3.778466e-02 3.022266e-01 5.851901e-01 7.289443e-02 1.904125e-03 
1.100503e+01 2.783580e-02 2.654632e-01 6.128470e-01 9.101917e-02 2.834767e-03 
1.118090e+01 2.023616e-02 2.300977e-01 6.333494e-01 1.121522e-01 4.164622e-03 
1.135678e+01 1.452252e-02 1.968835e-01 6.461361e-01 1.364180e-01 6.039808e-03 
1.153266e+01 1.029079e-02 1.663412e-01 6.508755e-01 1.638435e-01 8.648962e-03 
1.170854e+01 7.201087e-03 1.387818e-01 6.474616e-01 1.943250e-01 1.223058e-02 
1.188442e+01 4.976009e-03 1.143402e-01 6.360101e-01 2.275947e-01 1.707905e-02 
1.206030e+01 3.394964e-03 9.301146e-02 6.168575e-01 2.631882e-01 2.354787e-02 
1.223618e+01 2.286377e-03 7.468486e-02 5.905606e-01 3.004204e-01 3.204779e-02 
1.241206e+01 1.519382e-03 5.917459e-02 5.578926e-01 3.383756e-01 4.303790e-02 
1.258794e+01 9.958930e-04 4.624496e-02 5.198322e-01 3.759197e-01 5.700732e-02 
1.276382e+01 6.435631e-04 3.563086e-02 4.775386e-01 4.117407e-01 7.444625e-02 
1.293970e+01 4.098364e-04 2.705386e-02 4.323096e-01 4.444200e-01 9.580674e-02 
1.311558e+01 2.570972e-04 2.023482e-02 3.855214e-01 4.725314e-01 1.214553e-01 
1.329146e+01 1.588221e-04 1.490378e-02 3.385548e-01 4.947600e-01 1.516226e-01 
1.346734e+01 9.659572e-05 1.080754e-02 2.927136e-01 5.100256e-01 1.863566e-01 
1.364322e+01 5.783664e-05 7.715348e-03 2.491466e-01 5.175920e-01 2.254882e-01 
1.381910e+01 3.409392e-05 5.422665e-03 2.087833e-01 5.171443e-01 2.686157e-01 
1.399497e+01 1.979154e-05 3.753176e-03 1.722921e-01 5.088207e-01 3.151142e-01 
1.417085e+01 1.131831e-05 2.559083e-03 1.400665e-01 4.931934e-01 3.641697e-01 
1.434673e+01 6.379987e-06 1.719911e-03 1.122378e-01 4.712005e-01 4.148354e-01 
1.452261e+01 3.547237e-06 1.140145e-03 8.871083e-02 4.440445e-01 4.661010e-01 
1.469849e+01 1.946879e-06 7.460913e-04 6.921371e-02 4.130717e-01 5.169665e-01 
1.487437e+01 1.055722e-06 4.823766e-04 5.335436e-02 3.796528e-01 5.665094e-01 
1.505025e+01 5.661512e-07 3.084271e-04 4.067425e-02 3.450800e-01 6.139368e-01 
1.522613e+01 3.005452e-07 1.952150e-04 3.069473e-02 3.104899e-01 6.586199e-01 
1.540201e+01 1.580905e-07 1.224314e-04 2.295233e-02 2.768177e-01 7.001074e-01 
1.557789e+01 8.247754e-08 7.615634e-05 1.702251e-02 2.447790e-01 7.381223e-01 
1.575377e+01 4.271666e-08 4.702742e-05 1.253291e-02 2.148751e-01 7.725449e-01 
1.592965e+01 2.198189e-08 2.885376e-05 9.168255e-03 1.874149e-01 8.033880e-01 
1.610553e+01 1.124827e-08 1.760379e-05 6.669205e-03 1.625455e-01 8.307677e-01 
1.628141e+01 5.727631e-09 1.068758e-05 4.827591e-03 1.402862e-01 8.548756e-01 
1.645729e+01 2.904148e-09 6.461099e-06 3.479695e-03 1.205616e-01 8.759523e-01 
1.663317e+01 1.467139e-09 3.891726e-06 2.498966e-03 1.032314e-01 8.942658e-01 
1.680905e+01 7.388512e-10 2.336746e-06 1.789012e-03 8.811460e-02 9.100941e-01 
1.698492e+01 3.710851e-10 1.399302e-06 1.277311e-03 7.500924e-02 9.237121e-01 
1.716080e+01 1.859484e-10 8.360147e-07 9.098764e-04 6.370654e-02 9.353827e-01 
1.733668e+01 9.299563e-11 4.985026e-07 6.468735e-04 5.400133e-02 9.453513e-01 
1.751256e+01 4.643141e-11 2.967565e-07 4.591300e-04 4.569873e-02 9.538418e-01 
1.768844e+01 2.314997e-11 1.764096e-07 3.254177e-04 3.861829e-02 9.610561e-01 
1.786432e+01 1.152849e-11 1.047436e-07 2.303721e-04 3.259607e-02 9.671735e-01 
1.804020e+01 5.735318e-12 6.212926e-08 1.629228e-04 2.748532e-02 9.723517e-01 
1.821608e+01 2.850849e-12 3.682107e-08 1.151239e-04 2.315623e-02 9.767286e-01 
1.839196e+01 1.416055e-12 2.180649e-08 8.129026e-05 1.949505e-02 9.804236e-01 
1.856784e+01 7.029503e-13 1.290665e-08 5.736537e-05 1.640284e-02 9.835398e-01 
1.874372e+01 3.487776e-13 7.635213e-09 4.046138e-05 1.379410e-02 9.861654e-01 
1.891960e+01 1.729766e-13 4.514850e-09 2.852636e-05 1.159531e-02 9.883762e-01 
1.909548e+01 8.575711e-14 2.668760e-09 2.010463e-05 9.743514e-03 9.902364e-01 
1.927136e+01 4.250323e-14 1.577048e-09 1.416494e-05 8.184982e-03 9.918009e-01 
1.944724e+01 2.106025e-14 9.316868e-10 9.977536e-06 6.874004e-03 9.931160e-01 
1.962312e+01 1.043309e-14 5.503039e-10 7.026506e-06 5.771775e-03 9.942212e-01 
1.979899e+01 5.167547e-15 3.249807e-10 4.947410e-06 4.845419e-03 9.951496e-01 
1.997487e+01 2.559121e-15 1.918878e-10 3.482981e-06 4.067130e-03 9.959294e-01 
2.015075e+01 1.267192e-15 1.132876e-10 2.451713e-06 3.413422e-03 9.965841e-01 
2.032663e+01 6.274051e-16 6.687620e-11 1.725608e-06 2.864481e-03 9.971338e-01 
2.050251e+01 3.106098e-16 3.947500e-11 1.214441e-06 2.403607e-03 9.975952e-01 
2.067839e+01 1.537623e-16 2.329917e-11 8.546295e-07 2.016734e-03 9.979824e-01 
2.085427e+01 7.611276e-17 1.375091e-11 6.013847e-07 1.692024e-03 9.983074e-01 
2.103015e+01 3.767405e-17 8.115208e-12 4.231595e-07 1.419520e-03 9.985801e-01 
2.120603e+01 1.864696e-17 4.789044e-12 2.977397e-07 1.190852e-03 9.988089e-01 
2.138191e+01 9.229063e-18 2.826063e-12 2.094851e-07 9.989821e-04 9.990008e-01 
2.155779e+01 4.567660e-18 1.667637e-12 1.473860e-07 8.380004e-04 9.991619e-01 
2.173367e+01 2.260574e-18 9.840336e-13 1.036927e-07 7.029420e-04 9.992970e-01 
2.190955e+01 1.118753e-18 5.806425e-13 7.295087e-08 5.896378e-04 9.994103e-01 
2.208543e+01 5.536581e-19 3.426098e-13 5.132216e-08 4.945875e-04 9.995054e-01 
2.226131e+01 2.739949e-19 2.021548e-13 3.610544e-08 4.148531e-04 9.995851e-01 
2.243719e+01 1.355932e-19 1.192787e-13 2.540006e-08 3.479685e-04 9.996520e-01 
2.261307e+01 6.710090e-20 7.037798e-14 1.786867e-08 2.918643e-04 9.997081e-01 
2.278894e+01 3.320588e-20 4.152474e-14 1.257031e-08 2.448037e-04 9.997552e-01 
2.296482e+01 1.643230e-20 2.450043e-14 8.842928e-09 2.053296e-04 9.997947e-01 
2.314070e+01 8.131654e-21 1.445565e-14 6.220762e-09 1.722196e-04 9.998278e-01 
2.331658e+01 4.023992e-21 8.529025e-15 4.376115e-09 1.444479e-04 9.998555e-01 
2.349246e+01 1.991285e-21 5.032215e-15 3.078449e-09 1.211540e-04 9.998788e-01 
2.366834e+01 9.853900e-22 2.969049e-15 2.165576e-09 1.016162e-04 9.998984e-01 
2.384422e+01 4.876199e-22 1.751758e-15 1.523399e-09 8.522883e-05 9.999148e-01 
2.402010e+01 2.412979e-22 1.033546e-15 1.071650e-09 7.148403e-05 9.999285e-01 
2.419598e+01 1.194056e-22 6.097957e-16 7.538604e-10 5.995571e-05 9.999400e-01 
2.437186e+01 5.908745e-23 3.597810e-16 5.303080e-10 5.028649e-05 9.999497e-01 
2.454774e+01 2.923916e-23 2.122713e-16 3.730481e-10 4.217658e-05 9.999578e-01 
2.472362e+01 1.446885e-23 1.252403e-16 2.624224e-10 3.537455e-05 9.999646e-01 
2.489950e+01 7.159831e-24 7.389177e-17 1.846020e-10 2.966948e-05 9.999703e-01 
2.507538e+01 3.542999e-24 4.359612e-17 1.298589e-10 2.488448e-05 9.999751e-01 
2.525126e+01 1.753230e-24 2.572167e-17 9.134956e-11 2.087117e-05 9.999791e-01 
2.542714e+01 8.675742e-25 1.517575e-17 6.426004e-11 1.750511e-05 9.999825e-01 
2.560302e+01 4.293130e-25 8.953672e-18 4.520384e-11 1.468191e-05 9.999853e-01 
2.577889e+01 2.124424e-25 5.282650e-18 3.179871e-11 1.231403e-05 9.999877e-01 
2.595477e+01 1.051256e-25 3.116753e-18 2.236884e-11 1.032803e-05 9.999897e-01 
2.613065e+01 5.202059e-26 1.838877e-18 1.573538e-11 8.662333e-06 9.999913e-01 
2.630653e+01 2.574199e-26 1.084933e-18 1.106907e-11 7.265275e-06 9.999927e-01 
2.648241e+01 1.273822e-26 6.401078e-19 7.786541e-12 6.093532e-06 9.999939e-01 
2.665829e+01 6.303407e-27 3.776619e-19 5.477446e-12 5.110767e-06 9.999949e-01 
2.683417e+01 3.119191e-27 2.228195e-19 3.853111e-12 4.286502e-06 9.999957e-01 
2.701005e+01 1.543506e-27 1.314629e-19 2.710472e-12 3.595173e-06 9.999964e-01 
2.718593e+01 7.637915e-28 7.756272e-20 1.906682e-12 3.015342e-06 9.999970e-01 
2.736181e+01 3.779560e-28 4.576178e-20 1.341256e-12 2.529027e-06 9.999975e-01 
2.753769e+01 1.870284e-28 2.699931e-20 9.435064e-13 2.121144e-06 9.999979e-01 
2.771357e+01 9.254948e-29 1.592951e-20 6.637096e-13 1.779045e-06 9.999982e-01 
2.788945e+01 4.579734e-29 9.398364e-21 4.668865e-13 1.492119e-06 9.999985e-01 
2.806533e+01 2.266244e-29 5.545006e-21 3.284313e-13 1.251469e-06 9.999987e-01 
2.824121e+01 1.121432e-29 3.271536e-21 2.310350e-13 1.049631e-06 9.999990e-01 
2.841709e+01 5.549312e-30 1.930196e-21 1.625215e-13 8.803460e-07 9.999991e-01 
2.859296e+01 2.746031e-30 1.138810e-21 1.143257e-13 7.383631e-07 9.999993e-01 
2.876884e+01 1.358850e-30 6.718942e-22 8.042243e-14 6.192794e-07 9.999994e-01 
2.894472e+01 6.724157e-31 3.964154e-22 5.657315e-14 5.194015e-07 9.999995e-01 
2.912060e+01 3.327393e-31 2.338839e-22 3.979637e-14 4.356320e-07 9.999996e-01 
2.929648e+01 1.646533e-31 1.379907e-22 2.799475e-14 3.653729e-07 9.999996e-01 
2.947236e+01 8.147728e-32 8.141410e-23 1.969290e-14 3.064453e-07 9.999997e-01 
2.964824e+01 4.031835e-32 4.803406e-23 1.385297e-14 2.570215e-07 9.999997e-01 
2.982412e+01 1.995120e-32 2.833994e-23 9.744868e-15 2.155689e-07 9.999998e-01 
3.000000e+01 9.872683e-33 1.672047e-23 6.855025e-15 1.808018e-07 9.999998e-01 
