#E                   4            5            6            7            8 
-5.000000e+00 1.000000e+00 4.749978e-09 6.654493e-18 3.081198e-27 3.855600e-39 
-4.824121e+00 1.000000e+00 5.663372e-09 9.459798e-18 5.222397e-27 7.791585e-39 
-4.648241e+00 1.000000e+00 6.752405e-09 1.344772e-17 8.851569e-27 1.574562e-38 
-4.472362e+00 1.000000e+00 8.050854e-09 1.911682e-17 1.500274e-26 3.181951e-38 
-4.296482e+00 1.000000e+00 9.598987e-09 2.717581e-17 2.542851e-26 6.430241e-38 
-4.120603e+00 1.000000e+00 1.144482e-08 3.863220e-17 4.309941e-26 1.299454e-37 
-3.944724e+00 1.000000e+00 1.364559e-08 5.491821e-17 7.305024e-26 2.626001e-37 
-3.768844e+00 1.000000e+00 1.626956e-08 7.806984e-17 1.238146e-25 5.306750e-37 
-3.592965e+00 1.000000e+00 1.939810e-08 1.109814e-16 2.098565e-25 1.072414e-36 
-3.417085e+00 1.000000e+00 2.312824e-08 1.577673e-16 3.556909e-25 2.167186e-36 
-3.241206e+00 1.000000e+00 2.757567e-08 2.242766e-16 6.028692e-25 4.379556e-36 
-3.065327e+00 1.000000e+00 3.287832e-08 3.188239e-16 1.021818e-24 8.850420e-36 
-2.889447e+00 1.000000e+00 3.920063e-08 4.532291e-16 1.731904e-24 1.788536e-35 
-2.713568e+00 1.000000e+00 4.673868e-08 6.442949e-16 2.935446e-24 3.614361e-35 
-2.537688e+00 9.999999e-01 5.572626e-08 9.159074e-16 4.975360e-24 7.304076e-35 
-2.361809e+00 9.999999e-01 6.644210e-08 1.302022e-15 8.432859e-24 1.476043e-34 
-2.185930e+00 9.999999e-01 7.921853e-08 1.850910e-15 1.429306e-23 2.982860e-34 
-2.010050e+00 9.999999e-01 9.445180e-08 2.631190e-15 2.422566e-23 6.027909e-34 
-1.834171e+00 9.999999e-01 1.126143e-07 3.740410e-15 4.106066e-23 1.218149e-33 
-1.658291e+00 9.999999e-01 1.342694e-07 5.317237e-15 6.959471e-23 2.461695e-33 
-1.482412e+00 9.999998e-01 1.600887e-07 7.558802e-15 1.179578e-22 4.974714e-33 
-1.306533e+00 9.999998e-01 1.908728e-07 1.074533e-14 1.999295e-22 1.005314e-32 
-1.130653e+00 9.999998e-01 2.275765e-07 1.527519e-14 3.388654e-22 2.031588e-32 
-9.547739e-01 9.999997e-01 2.713382e-07 2.171469e-14 5.743513e-22 4.105532e-32 
-7.788945e-01 9.999997e-01 3.235149e-07 3.086885e-14 9.734820e-22 8.296659e-32 
-6.030151e-01 9.999996e-01 3.857250e-07 4.388210e-14 1.649978e-21 1.676629e-31 
-4.271357e-01 9.999995e-01 4.598976e-07 6.238127e-14 2.796589e-21 3.388214e-31 
-2.512563e-01 9.999995e-01 5.483332e-07 8.867906e-14 4.740006e-21 6.847067e-31 
-7.537688e-02 9.999993e-01 6.537745e-07 1.260631e-13 8.033951e-21 1.383688e-30 
1.005025e-01 9.999992e-01 7.794915e-07 1.792069e-13 1.361694e-20 2.796225e-30 
2.763819e-01 9.999991e-01 9.293831e-07 2.547544e-13 2.307968e-20 5.650746e-30 
4.522613e-01 9.999989e-01 1.108098e-06 3.621500e-13 3.911831e-20 1.141930e-29 
6.281407e-01 9.999987e-01 1.321178e-06 5.148198e-13 6.630257e-20 2.307668e-29 
8.040201e-01 9.999984e-01 1.575233e-06 7.318500e-13 1.123778e-19 4.663446e-29 
9.798995e-01 9.999981e-01 1.878141e-06 1.040372e-12 1.904718e-19 9.424116e-29 
1.155779e+00 9.999978e-01 2.239296e-06 1.478957e-12 3.228353e-19 1.904471e-28 
1.331658e+00 9.999973e-01 2.669898e-06 2.102434e-12 5.471812e-19 3.848645e-28 
1.507538e+00 9.999968e-01 3.183303e-06 2.988746e-12 9.274303e-19 7.777526e-28 
1.683417e+00 9.999962e-01 3.795431e-06 4.248696e-12 1.571923e-18 1.571719e-27 
1.859296e+00 9.999955e-01 4.525267e-06 6.039795e-12 2.664290e-18 3.176205e-27 
2.035176e+00 9.999946e-01 5.395446e-06 8.585958e-12 4.515766e-18 6.418624e-27 
2.211055e+00 9.999936e-01 6.432952e-06 1.220549e-11 7.653874e-18 1.297105e-26 
2.386935e+00 9.999923e-01 7.669963e-06 1.735088e-11 1.297272e-17 2.621251e-26 
2.562814e+00 9.999909e-01 9.144839e-06 2.466538e-11 2.198775e-17 5.297143e-26 
2.738693e+00 9.999891e-01 1.090332e-05 3.506339e-11 3.726751e-17 1.070471e-25 
2.914573e+00 9.999870e-01 1.299994e-05 4.984481e-11 6.316549e-17 2.163255e-25 
3.090452e+00 9.999845e-01 1.549971e-05 7.085749e-11 1.070605e-16 4.371600e-25 
3.266332e+00 9.999815e-01 1.848016e-05 1.007283e-10 1.814589e-16 8.834315e-25 
3.442211e+00 9.999780e-01 2.203371e-05 1.431913e-10 3.075580e-16 1.785275e-24 
3.618090e+00 9.999737e-01 2.627056e-05 2.035550e-10 5.212854e-16 3.607756e-24 
3.793970e+00 9.999687e-01 3.132208e-05 2.893653e-10 8.835349e-16 7.290692e-24 
3.969849e+00 9.999627e-01 3.734491e-05 4.113493e-10 1.497516e-15 1.473330e-23 
4.145729e+00 9.999555e-01 4.452580e-05 5.847559e-10 2.538158e-15 2.977355e-23 
4.321608e+00 9.999469e-01 5.308740e-05 8.312617e-10 4.301949e-15 6.016733e-23 
4.497487e+00 9.999367e-01 6.329516e-05 1.181681e-09 7.291405e-15 1.215878e-22 
4.673367e+00 9.999245e-01 7.546554e-05 1.679817e-09 1.235823e-14 2.457076e-22 
4.849246e+00 9.999100e-01 8.997582e-05 2.387935e-09 2.094596e-14 4.965307e-22 
5.025126e+00 9.998927e-01 1.072758e-04 3.394547e-09 3.550121e-14 1.003396e-21 
5.201005e+00 9.998721e-01 1.279017e-04 4.825472e-09 6.017063e-14 2.027670e-21 
5.376884e+00 9.998475e-01 1.524927e-04 6.859556e-09 1.019822e-13 4.097513e-21 
5.552764e+00 9.998182e-01 1.818108e-04 9.751023e-09 1.728470e-13 8.280212e-21 
5.728643e+00 9.997832e-01 2.167644e-04 1.386123e-08 2.929524e-13 1.673247e-20 
5.904523e+00 9.997415e-01 2.584362e-04 1.970383e-08 4.965115e-13 3.381238e-20 
6.080402e+00 9.996919e-01 3.081167e-04 2.800890e-08 8.415076e-13 6.832631e-20 
6.256281e+00 9.996326e-01 3.673440e-04 3.981412e-08 1.426207e-12 1.380690e-19 
6.432161e+00 9.995620e-01 4.379512e-04 5.659439e-08 2.417143e-12 2.789968e-19 
6.608040e+00 9.994778e-01 5.221227e-04 8.044586e-08 4.096530e-12 5.637628e-19 
6.783920e+00 9.993774e-01 6.224614e-04 1.143476e-07 6.942611e-12 1.139165e-18 
6.959799e+00 9.992578e-01 7.420683e-04 1.625331e-07 1.176579e-11 2.301804e-18 
7.135678e+00 9.991151e-01 8.846374e-04 2.310185e-07 1.993928e-11 4.650934e-18 
7.311558e+00 9.989451e-01 1.054569e-03 3.283521e-07 3.378983e-11 9.397235e-18 
7.487437e+00 9.987424e-01 1.257101e-03 4.666793e-07 5.725959e-11 1.898654e-17 
7.663317e+00 9.985009e-01 1.498472e-03 6.632548e-07 9.702721e-11 3.835964e-17 
7.839196e+00 9.982130e-01 1.786104e-03 9.425884e-07 1.644064e-10 7.749668e-17 
8.015075e+00 9.978698e-01 2.128830e-03 1.339491e-06 2.785606e-10 1.565552e-16 
8.190955e+00 9.974609e-01 2.537151e-03 1.903394e-06 4.719457e-10 3.162448e-16 
8.366834e+00 9.969737e-01 3.023553e-03 2.704477e-06 7.995217e-10 6.387708e-16 
8.542714e+00 9.963933e-01 3.602867e-03 3.842353e-06 1.354340e-09 1.290108e-15 
8.718593e+00 9.957018e-01 4.292696e-03 5.458367e-06 2.293911e-09 2.605303e-15 
8.894472e+00 9.948783e-01 5.113924e-03 7.753009e-06 3.884790e-09 5.260569e-15 
9.070352e+00 9.938977e-01 6.091292e-03 1.101055e-05 6.577936e-09 1.062034e-14 
9.246231e+00 9.927303e-01 7.254082e-03 1.563383e-05 1.113601e-08 2.143688e-14 
9.422111e+00 9.913409e-01 8.636895e-03 2.219341e-05 1.884828e-08 4.326007e-14 
9.597990e+00 9.896879e-01 1.028055e-02 3.149678e-05 3.189314e-08 8.727628e-14 
9.773869e+00 9.877222e-01 1.223309e-02 4.468581e-05 5.394909e-08 1.760218e-13 
9.949749e+00 9.853856e-01 1.455095e-02 6.337353e-05 9.122333e-08 3.548720e-13 
1.012563e+01 9.826099e-01 1.730014e-02 8.983586e-05 1.541811e-07 7.151226e-13 
1.030151e+01 9.793148e-01 2.055768e-02 1.272793e-04 2.604490e-07 1.440308e-12 
1.047739e+01 9.754064e-01 2.441299e-02 1.802138e-04 4.396796e-07 2.899029e-12 
1.065327e+01 9.707750e-01 2.896926e-02 2.549693e-04 7.416854e-07 5.830682e-12 
1.082915e+01 9.652935e-01 3.434485e-02 3.604090e-04 1.250002e-06 1.171639e-11 
1.100503e+01 9.588147e-01 4.067433e-02 5.089063e-04 2.104440e-06 2.351815e-11 
1.118090e+01 9.511697e-01 4.810909e-02 7.176754e-04 3.538427e-06 4.714767e-11 
1.135678e+01 9.421663e-01 5.681724e-02 1.010566e-03 5.940597e-06 9.437643e-11 
1.153266e+01 9.315874e-01 6.698224e-02 1.420455e-03 9.955807e-06 1.885790e-10 
1.170854e+01 9.191911e-01 7.879984e-02 1.992400e-03 1.664980e-05 3.760187e-10 
1.188442e+01 9.047119e-01 9.247264e-02 2.787712e-03 2.777563e-05 7.479072e-10 
1.206030e+01 8.878634e-01 1.082013e-01 3.889114e-03 4.620086e-05 1.483260e-09 
1.223618e+01 8.683446e-01 1.261717e-01 5.407090e-03 7.658548e-05 2.931549e-09 
1.241206e+01 8.458494e-01 1.465367e-01 7.487407e-03 1.264439e-04 5.770746e-09 
1.258794e+01 8.200805e-01 1.693921e-01 1.031957e-02 2.077837e-04 1.130652e-08 
1.276382e+01 7.907684e-01 1.947464e-01 1.414560e-02 3.395898e-04 2.203209e-08 
1.293970e+01 7.576965e-01 2.224841e-01 1.926790e-02 5.515070e-04 4.266144e-08 
1.311558e+01 7.207313e-01 2.523251e-01 2.605430e-02 8.891591e-04 8.200635e-08 
1.329146e+01 6.798568e-01 2.837841e-01 3.493738e-02 1.421588e-03 1.563239e-07 
1.346734e+01 6.352101e-01 3.161342e-01 4.640419e-02 2.251252e-03 2.951611e-07 
1.364322e+01 5.871149e-01 3.483859e-01 6.097191e-02 3.526795e-03 5.513134e-07 
1.381910e+01 5.361057e-01 3.792899e-01 7.914509e-02 5.458306e-03 1.017325e-06 
1.399497e+01 4.829370e-01 4.073755e-01 1.013517e-01 8.333902e-03 1.851969e-06 
1.417085e+01 4.285705e-01 4.310325e-01 1.278585e-01 1.253518e-02 3.321232e-06 
1.434673e+01 3.741339e-01 4.486404e-01 1.586724e-01 1.854751e-02 5.859193e-06 
1.452261e+01 3.208539e-01 4.587352e-01 1.934410e-01 2.695977e-02 1.015434e-05 
1.469849e+01 2.699641e-01 4.601975e-01 2.313738e-01 3.844726e-02 1.726571e-05 
1.487437e+01 2.226016e-01 4.524285e-01 2.712085e-01 5.373261e-02 2.877004e-05 
1.505025e+01 1.797057e-01 4.354787e-01 3.112460e-01 7.352276e-02 4.693618e-05 
1.522613e+01 1.419374e-01 4.100958e-01 3.494665e-01 9.842539e-02 7.491634e-05 
1.540201e+01 1.096332e-01 3.776714e-01 3.837230e-01 1.288555e-01 1.169380e-04 
1.557789e+01 8.280124e-02 3.400888e-01 4.119832e-01 1.649483e-01 1.784778e-04 
1.575377e+01 6.115830e-02 2.994983e-01 4.325785e-01 2.064985e-01 2.664015e-04 
1.592965e+01 4.419831e-02 2.580644e-01 4.444083e-01 2.529400e-01 3.890637e-04 
1.610553e+01 3.127661e-02 2.177336e-01 4.470571e-01 3.033764e-01 5.563760e-04 
1.628141e+01 2.169389e-02 1.800639e-01 4.408061e-01 3.566563e-01 7.798660e-04 
1.645729e+01 1.476679e-02 1.461366e-01 4.265435e-01 4.114803e-01 1.072760e-03 
1.663317e+01 9.877718e-03 1.165501e-01 4.056025e-01 4.665195e-01 1.450130e-03 
1.680905e+01 6.502451e-03 9.147800e-02 3.795666e-01 5.205238e-01 1.929128e-03 
1.698492e+01 4.218817e-03 7.076423e-02 3.500810e-01 5.724066e-01 2.529348e-03 
1.716080e+01 2.701684e-03 5.403075e-02 3.186980e-01 6.212963e-01 3.273303e-03 
1.733668e+01 1.710102e-03 4.077670e-02 2.867700e-01 6.665561e-01 4.187044e-03 
1.751256e+01 1.071349e-03 3.045821e-02 2.553933e-01 7.077762e-01 5.300908e-03 
1.768844e+01 6.651101e-04 2.254501e-02 2.253923e-01 7.447472e-01 6.650382e-03 
1.786432e+01 4.096300e-04 1.655511e-02 1.973350e-01 7.774231e-01 8.277108e-03 
1.804020e+01 2.505270e-04 1.207198e-02 1.715670e-01 8.058805e-01 1.022999e-02 
1.821608e+01 1.522852e-04 8.749131e-03 1.482531e-01 8.302790e-01 1.256644e-02 
1.839196e+01 9.207139e-05 6.306891e-03 1.274200e-01 8.508273e-01 1.535370e-02 
1.856784e+01 5.540251e-05 4.524843e-03 1.089957e-01 8.677537e-01 1.867031e-02 
1.874372e+01 3.319698e-05 3.232631e-03 9.284222e-02 8.812844e-01 2.260760e-02 
1.891960e+01 1.981595e-05 2.300679e-03 7.878231e-02 8.916260e-01 2.727122e-02 
1.909548e+01 1.178744e-05 1.631714e-03 6.661933e-02 8.989546e-01 3.278258e-02 
1.927136e+01 6.989004e-06 1.153515e-03 5.615169e-02 9.034077e-01 3.928010e-02 
1.944724e+01 4.131123e-06 8.129419e-04 4.718268e-02 9.050801e-01 4.692014e-02 
1.962312e+01 2.434501e-06 5.711955e-04 3.952677e-02 9.040224e-01 5.587723e-02 
1.979899e+01 1.430341e-06 4.001270e-04 3.301322e-02 9.002417e-01 6.634349e-02 
1.997487e+01 8.377693e-07 2.794256e-04 2.748778e-02 8.937053e-01 7.852663e-02 
2.015075e+01 4.891046e-07 1.945033e-04 2.281308e-02 8.843456e-01 9.264630e-02 
2.032663e+01 2.845640e-07 1.349238e-04 1.886814e-02 8.720685e-01 1.089281e-01 
2.050251e+01 1.649454e-07 9.324646e-05 1.554734e-02 8.567641e-01 1.275952e-01 
2.067839e+01 9.522232e-08 6.418215e-05 1.275914e-02 8.383205e-01 1.488561e-01 
2.085427e+01 5.472798e-08 4.398134e-05 1.042459e-02 8.166409e-01 1.728904e-01 
2.103015e+01 3.130172e-08 2.999236e-05 8.475880e-03 7.916628e-01 1.998313e-01 
2.120603e+01 1.780811e-08 2.034435e-05 6.854905e-03 7.633792e-01 2.297455e-01 
2.138191e+01 1.007292e-08 1.372033e-05 5.511956e-03 7.318601e-01 2.626142e-01 
2.155779e+01 5.662113e-09 9.195416e-06 4.404493e-03 6.972711e-01 2.983152e-01 
2.173367e+01 3.161525e-09 6.121711e-06 3.496075e-03 6.598877e-01 3.366101e-01 
2.190955e+01 1.752824e-09 4.046671e-06 2.755430e-03 6.201005e-01 3.771400e-01 
2.208543e+01 9.646332e-10 2.655250e-06 2.155660e-03 5.784108e-01 4.194309e-01 
2.226131e+01 5.268236e-10 1.728987e-06 1.673594e-03 5.354140e-01 4.629107e-01 
2.243719e+01 2.854886e-10 1.117118e-06 1.289260e-03 4.917719e-01 5.069377e-01 
2.261307e+01 1.535054e-10 7.161719e-07 9.854680e-04 4.481764e-01 5.508374e-01 
2.278894e+01 8.190513e-11 4.556045e-07 7.474751e-04 4.053094e-01 5.939427e-01 
2.296482e+01 4.337505e-11 2.876739e-07 5.627203e-04 3.638028e-01 6.356342e-01 
2.314070e+01 2.280570e-11 1.803380e-07 4.205938e-04 3.242050e-01 6.753742e-01 
2.331658e+01 1.190942e-11 1.122840e-07 3.122316e-04 2.869572e-01 7.127305e-01 
2.349246e+01 6.179855e-12 6.946868e-08 2.303199e-04 2.523802e-01 7.473894e-01 
2.366834e+01 3.188033e-12 4.272844e-08 1.689052e-04 2.206735e-01 7.791575e-01 
2.384422e+01 1.635875e-12 2.614133e-08 1.232075e-04 1.919233e-01 8.079534e-01 
2.402010e+01 8.353876e-13 1.591656e-08 8.944211e-05 1.661178e-01 8.337928e-01 
2.419598e+01 4.247763e-13 9.649500e-09 6.465187e-05 1.431656e-01 8.567697e-01 
2.437186e+01 2.151693e-13 5.827850e-09 4.655519e-05 1.229162e-01 8.770372e-01 
2.454774e+01 1.086297e-13 3.508004e-09 3.341206e-05 1.051787e-01 8.947879e-01 
2.472362e+01 5.468264e-14 2.105447e-09 2.390953e-05 8.973853e-02 9.102376e-01 
2.489950e+01 2.745682e-14 1.260459e-09 1.706628e-05 7.637129e-02 9.236116e-01 
2.507538e+01 1.375629e-14 7.529447e-10 1.215505e-05 6.485321e-02 9.351346e-01 
2.525126e+01 6.879161e-15 4.489322e-10 8.640876e-06 5.496877e-02 9.450226e-01 
2.542714e+01 3.434552e-15 2.672384e-10 6.132808e-06 4.651586e-02 9.534780e-01 
2.560302e+01 1.712409e-15 1.588619e-10 4.346740e-06 3.930871e-02 9.606869e-01 
2.577889e+01 8.527788e-16 9.432613e-11 3.077226e-06 3.317936e-02 9.668176e-01 
2.595477e+01 4.242611e-16 5.595157e-11 2.176322e-06 2.797791e-02 9.720199e-01 
2.613065e+01 2.108938e-16 3.316090e-11 1.537873e-06 2.357198e-02 9.764265e-01 
2.630653e+01 1.047573e-16 1.963950e-11 1.085946e-06 1.984573e-02 9.801532e-01 
2.648241e+01 5.200475e-17 1.162445e-11 7.663614e-07 1.669845e-02 9.833008e-01 
2.665829e+01 2.580361e-17 6.876911e-12 5.405527e-07 1.404313e-02 9.859563e-01 
2.683417e+01 1.279769e-17 4.066566e-12 3.811149e-07 1.180498e-02 9.881946e-01 
2.701005e+01 6.344909e-18 2.403838e-12 2.686066e-07 9.919951e-03 9.900798e-01 
2.718593e+01 3.144756e-18 1.420530e-12 1.892541e-07 8.333386e-03 9.916664e-01 
2.736181e+01 1.558251e-18 8.392358e-13 1.333099e-07 6.998777e-03 9.930011e-01 
2.753769e+01 7.719586e-19 4.957060e-13 9.388281e-08 5.876642e-03 9.941233e-01 
2.771357e+01 3.823596e-19 2.927424e-13 6.610450e-08 4.933528e-03 9.950664e-01 
2.788945e+01 1.893581e-19 1.728546e-13 4.653822e-08 4.141139e-03 9.958588e-01 
2.806533e+01 9.376490e-20 1.020518e-13 3.275918e-08 3.475574e-03 9.965244e-01 
2.824121e+01 4.642480e-20 6.024402e-14 2.305736e-08 2.916665e-03 9.970833e-01 
2.841709e+01 2.298373e-20 3.556051e-14 1.622733e-08 2.447414e-03 9.975526e-01 
2.859296e+01 1.137780e-20 2.098887e-14 1.141962e-08 2.053504e-03 9.979465e-01 
2.876884e+01 5.632073e-21 1.238747e-14 8.035791e-09 1.722884e-03 9.982771e-01 
2.894472e+01 2.787759e-21 7.310598e-15 5.654346e-09 1.445417e-03 9.985546e-01 
2.912060e+01 1.379821e-21 4.314235e-15 3.978476e-09 1.212582e-03 9.987874e-01 
2.929648e+01 6.829261e-22 2.545883e-15 2.799206e-09 1.017214e-03 9.989828e-01 
2.947236e+01 3.379957e-22 1.502309e-15 1.969424e-09 8.532971e-04 9.991467e-01 
2.964824e+01 1.672774e-22 8.864795e-16 1.385581e-09 7.157751e-04 9.992842e-01 
2.982412e+01 8.278535e-23 5.230805e-16 9.747994e-10 6.004036e-04 9.993996e-01 
3.000000e+01 4.096960e-23 3.086457e-16 6.857888e-10 5.036187e-04 9.994964e-01 
