#E                   3            4            5            6            7            8 
-5.000000e+00 9.999944e-01 5.628639e-06 1.088555e-11 7.003625e-18 1.169863e-24 4.956022e-32 
-4.824121e+00 9.999933e-01 6.710987e-06 1.547451e-11 1.187060e-17 2.364113e-24 1.194126e-31 
-4.648241e+00 9.999920e-01 8.001461e-06 2.199800e-11 2.011975e-17 4.777509e-24 2.877178e-31 
-4.472362e+00 9.999905e-01 9.540081e-06 3.127155e-11 3.410140e-17 9.654607e-24 6.932395e-31 
-4.296482e+00 9.999886e-01 1.137456e-05 4.445448e-11 5.779920e-17 1.951047e-23 1.670320e-30 
-4.120603e+00 9.999864e-01 1.356180e-05 6.319482e-11 9.796506e-17 3.942761e-23 4.024538e-30 
-3.944724e+00 9.999838e-01 1.616961e-05 8.983535e-11 1.660429e-16 7.967703e-23 9.696883e-30 
-3.768844e+00 9.999807e-01 1.927887e-05 1.277064e-10 2.814294e-16 1.610147e-22 2.336405e-29 
-3.592965e+00 9.999770e-01 2.298601e-05 1.815424e-10 4.769998e-16 3.253852e-22 5.629421e-29 
-3.417085e+00 9.999726e-01 2.740596e-05 2.580733e-10 8.084750e-16 6.575514e-22 1.356373e-28 
-3.241206e+00 9.999673e-01 3.267580e-05 3.668662e-10 1.370297e-15 1.328805e-21 3.268090e-28 
-3.065327e+00 9.999610e-01 3.895892e-05 5.215211e-10 2.322535e-15 2.685297e-21 7.874239e-28 
-2.889447e+00 9.999535e-01 4.645015e-05 7.413709e-10 3.936492e-15 5.426538e-21 1.897241e-27 
-2.713568e+00 9.999446e-01 5.538175e-05 1.053898e-09 6.671998e-15 1.096611e-20 4.571260e-27 
-2.537688e+00 9.999340e-01 6.603064e-05 1.498169e-09 1.130841e-14 2.216062e-20 1.101409e-26 
-2.361809e+00 9.999213e-01 7.872695e-05 2.129719e-09 1.916666e-14 4.478270e-20 2.653752e-26 
-2.185930e+00 9.999061e-01 9.386427e-05 3.027489e-09 3.248555e-14 9.049769e-20 6.393976e-26 
-2.010050e+00 9.998881e-01 1.119118e-04 4.303696e-09 5.505956e-14 1.828788e-19 1.540566e-25 
-1.834171e+00 9.998666e-01 1.334289e-04 6.117855e-09 9.331979e-14 3.695625e-19 3.711832e-25 
-1.658291e+00 9.998409e-01 1.590825e-04 8.696709e-09 1.581659e-13 7.468107e-19 8.943231e-25 
-1.482412e+00 9.998103e-01 1.896673e-04 1.236256e-08 2.680711e-13 1.509145e-18 2.154758e-24 
-1.306533e+00 9.997739e-01 2.261310e-04 1.757355e-08 4.543437e-13 3.049643e-18 5.191583e-24 
-1.130653e+00 9.997304e-01 2.696030e-04 2.498087e-08 7.700448e-13 6.162600e-18 1.250830e-23 
-9.547739e-01 9.996785e-01 3.214294e-04 3.551011e-08 1.305100e-12 1.245304e-17 3.013651e-23 
-7.788945e-01 9.996167e-01 3.832148e-04 5.047683e-08 2.211909e-12 2.516415e-17 7.260781e-23 
-6.030151e-01 9.995431e-01 4.568711e-04 7.175083e-08 3.748743e-12 5.084919e-17 1.749317e-22 
-4.271357e-01 9.994552e-01 5.446769e-04 1.019896e-07 6.353278e-12 1.027495e-16 4.214516e-22 
-2.512563e-01 9.993505e-01 6.493471e-04 1.449697e-07 1.076720e-11 2.076194e-16 1.015359e-21 
-7.537688e-02 9.992257e-01 7.741161e-04 2.060581e-07 1.824731e-11 4.195150e-16 2.446146e-21 
1.005025e-01 9.990769e-01 9.228367e-04 2.928815e-07 3.092321e-11 8.476501e-16 5.892981e-21 
2.763819e-01 9.988995e-01 1.100098e-03 4.162764e-07 5.240319e-11 1.712669e-15 1.419630e-20 
4.522613e-01 9.986880e-01 1.311362e-03 5.916389e-07 8.880065e-11 3.460311e-15 3.419798e-20 
6.281407e-01 9.984360e-01 1.563135e-03 8.408413e-07 1.504724e-10 6.991001e-15 8.237741e-20 
8.040201e-01 9.981356e-01 1.863157e-03 1.194951e-06 2.549627e-10 1.412351e-14 1.984242e-19 
9.798995e-01 9.977777e-01 2.220634e-03 1.698093e-06 4.319875e-10 2.853123e-14 4.779211e-19 
1.155779e+00 9.973511e-01 2.646517e-03 2.412918e-06 7.318731e-10 5.763265e-14 1.151033e-18 
1.331658e+00 9.968428e-01 3.153819e-03 3.428373e-06 1.239837e-09 1.164075e-13 2.771939e-18 
1.507538e+00 9.962371e-01 3.757996e-03 4.870696e-06 2.100154e-09 2.350991e-13 6.674779e-18 
1.683417e+00 9.955157e-01 4.477392e-03 6.918999e-06 3.557025e-09 4.747556e-13 1.607088e-17 
1.859296e+00 9.946564e-01 5.333761e-03 9.827322e-06 6.023685e-09 9.585811e-13 3.868849e-17 
2.035176e+00 9.936332e-01 6.352871e-03 1.395581e-05 1.019919e-08 1.935155e-12 9.312195e-17 
2.211055e+00 9.924150e-01 7.565205e-03 1.981478e-05 1.726566e-08 3.905860e-12 2.240973e-16 
2.386935e+00 9.909651e-01 9.006772e-03 2.812685e-05 2.922123e-08 7.881621e-12 5.391614e-16 
2.562814e+00 9.892400e-01 1.072003e-02 3.991456e-05 4.944157e-08 1.589984e-11 1.296819e-15 
2.738693e+00 9.871884e-01 1.275492e-02 5.662349e-05 8.362593e-08 3.206453e-11 3.118136e-15 
2.914573e+00 9.847495e-01 1.517005e-02 8.029515e-05 1.413895e-07 6.463748e-11 7.494420e-15 
3.090452e+00 9.818520e-01 1.803394e-02 1.138090e-04 2.389393e-07 1.302382e-10 1.800427e-14 
3.266332e+00 9.784119e-01 2.142643e-02 1.612201e-04 4.035652e-07 2.622696e-10 4.322834e-14 
3.442211e+00 9.743310e-01 2.544006e-02 2.282290e-04 6.811596e-07 5.277966e-10 1.037219e-13 
3.618090e+00 9.694945e-01 3.018147e-02 3.228319e-04 1.148783e-06 1.061303e-09 2.486719e-13 
3.793970e+00 9.637692e-01 3.577268e-02 4.562166e-04 1.935602e-06 2.132066e-09 5.956232e-13 
3.969849e+00 9.570007e-01 4.235202e-02 6.439871e-04 3.257659e-06 4.278325e-09 1.425043e-12 
4.145729e+00 9.490121e-01 5.007456e-02 9.078281e-04 5.475396e-06 8.573675e-09 3.404904e-12 
4.321608e+00 9.396015e-01 5.911157e-02 1.277740e-03 9.188356e-06 1.715429e-08 8.122580e-12 
4.497487e+00 9.285408e-01 6.964874e-02 1.795009e-03 1.539024e-05 3.425815e-08 1.934054e-11 
4.673367e+00 9.155758e-01 8.188230e-02 2.516094e-03 2.572108e-05 6.826388e-08 4.594933e-11 
4.849246e+00 9.004269e-01 9.601247e-02 3.517612e-03 4.287397e-05 1.356685e-07 1.088806e-10 
5.025126e+00 8.827927e-01 1.122332e-01 4.902584e-03 7.124498e-05 2.687961e-07 2.572042e-10 
5.201005e+00 8.623563e-01 1.307172e-01 6.808007e-03 1.179594e-04 5.306215e-07 6.053734e-10 
5.376884e+00 8.387956e-01 1.515953e-01 9.413612e-03 1.944699e-04 1.043009e-06 1.418764e-09 
5.552764e+00 8.117988e-01 1.749288e-01 1.295136e-02 3.190032e-04 2.039925e-06 3.308411e-09 
5.728643e+00 7.810854e-01 2.006758e-01 1.771465e-02 5.202301e-04 3.966414e-06 7.669850e-09 
5.904523e+00 7.464342e-01 2.286501e-01 2.406536e-02 8.426338e-04 7.659931e-06 1.766026e-08 
6.080402e+00 7.077174e-01 2.584778e-01 3.243603e-02 1.354121e-03 1.467665e-05 4.034435e-08 
6.256281e+00 6.649393e-01 2.895535e-01 4.332282e-02 2.156404e-03 2.786653e-05 9.133184e-08 
6.432161e+00 6.182779e-01 3.210066e-01 5.726448e-02 3.398460e-03 5.236227e-05 2.046167e-07 
6.608040e+00 5.681219e-01 3.516861e-01 7.480145e-02 5.292858e-03 9.723219e-05 4.530188e-07 
6.783920e+00 5.150982e-01 3.801782e-01 9.641074e-02 8.133718e-03 1.781527e-04 9.896508e-07 
6.959799e+00 4.600796e-01 4.048681e-01 1.224152e-01 1.231352e-02 3.215652e-04 2.129816e-06 
7.135678e+00 4.041642e-01 4.240547e-01 1.528717e-01 1.833402e-02 5.708577e-04 4.508004e-06 
7.311558e+00 3.486222e-01 4.361165e-01 1.874525e-01 2.680435e-02 9.950819e-04 9.369119e-06 
7.487437e+00 2.948074e-01 4.397130e-01 2.253416e-01 3.841837e-02 1.700497e-03 1.908971e-05 
7.663317e+00 2.440436e-01 4.339921e-01 2.651779e-01 5.390366e-02 2.844715e-03 3.807550e-05 
7.839196e+00 1.975005e-01 4.187608e-01 3.050738e-01 7.393829e-02 4.652361e-03 7.424439e-05 
8.015075e+00 1.560813e-01 3.945773e-01 3.427319e-01 9.903812e-02 7.430017e-03 1.413721e-04 
8.190955e+00 1.203433e-01 3.627326e-01 3.756578e-01 1.294267e-01 1.157696e-02 2.626345e-04 
8.366834e+00 9.046693e-02 3.251158e-01 4.014462e-01 1.649082e-01 1.758719e-02 4.757043e-04 
8.542714e+00 6.627726e-02 2.839855e-01 4.180892e-01 2.047704e-01 2.603784e-02 8.397095e-04 
8.718593e+00 4.730964e-02 2.416934e-01 4.242492e-01 2.477437e-01 3.755986e-02 1.444214e-03 
8.894472e+00 3.290266e-02 2.004147e-01 4.194394e-01 2.920346e-01 5.278847e-02 2.420082e-03 
9.070352e+00 2.229779e-02 1.619362e-01 4.040796e-01 3.354405e-01 7.229424e-02 3.951647e-03 
9.246231e+00 1.472810e-02 1.275300e-01 3.794187e-01 3.755353e-01 9.649891e-02 6.288981e-03 
9.422111e+00 9.484765e-03 9.792092e-02 3.473486e-01 4.099029e-01 1.255845e-01 9.758372e-03 
9.597990e+00 5.957512e-03 7.333264e-02 3.101493e-01 4.363849e-01 1.594073e-01 1.476838e-02 
9.773869e+00 3.651219e-03 5.358629e-02 2.702157e-01 4.533076e-01 1.974308e-01 2.180837e-02 
9.949749e+00 2.184374e-03 3.822313e-02 2.298088e-01 4.596555e-01 2.386920e-01 3.143617e-02 
1.012563e+01 1.276194e-03 2.662560e-02 1.908637e-01 4.551689e-01 2.818133e-01 4.425237e-02 
1.030151e+01 7.284423e-04 1.812013e-02 1.548705e-01 4.403534e-01 3.250676e-01 6.086004e-02 
1.047739e+01 4.064041e-04 1.205335e-02 1.228283e-01 4.164038e-01 3.664970e-01 8.181115e-02 
1.065327e+01 2.217258e-04 7.840598e-03 9.526281e-02 3.850552e-01 4.040752e-01 1.075444e-01 
1.082915e+01 1.183592e-04 4.990207e-03 7.228966e-02 3.483849e-01 4.358950e-01 1.383219e-01 
1.100503e+01 6.185560e-05 3.109417e-03 5.370567e-02 3.085934e-01 4.603549e-01 1.741747e-01 
1.118090e+01 3.166999e-05 1.898153e-03 3.908911e-02 2.677971e-01 4.763162e-01 2.148678e-01 
1.135678e+01 1.589832e-05 1.136104e-03 2.789498e-02 2.278555e-01 4.832062e-01 2.598913e-01 
1.153266e+01 7.832055e-06 6.673076e-04 1.953518e-02 1.902543e-01 4.810507e-01 3.084847e-01 
1.170854e+01 3.790104e-06 3.850214e-04 1.343878e-02 1.560487e-01 4.704355e-01 3.596883e-01 
1.188442e+01 1.803621e-06 2.184552e-04 9.091192e-03 1.258649e-01 4.524056e-01 4.124180e-01 
1.206030e+01 8.450010e-07 1.220276e-04 6.054799e-03 9.994636e-02 4.283254e-01 4.655506e-01 
1.223618e+01 3.902187e-07 6.718807e-05 3.974820e-03 7.822906e-02 3.997223e-01 5.180062e-01 
1.241206e+01 1.778402e-07 3.650879e-05 2.575172e-03 6.042829e-02 3.681409e-01 5.688190e-01 
1.258794e+01 8.008576e-08 1.960227e-05 1.648536e-03 4.612285e-02 3.350220e-01 6.171870e-01 
1.276382e+01 3.567852e-08 1.041217e-05 1.044039e-03 3.482715e-02 3.016189e-01 6.624994e-01 
1.293970e+01 1.574301e-08 5.477793e-06 6.548844e-04 2.604649e-02 2.689511e-01 7.043421e-01 
1.311558e+01 6.887704e-09 2.857432e-06 4.073037e-04 1.931463e-02 2.377902e-01 7.424850e-01 
1.329146e+01 2.990967e-09 1.479437e-06 2.514331e-04 1.421588e-02 2.086723e-01 7.768589e-01 
1.346734e+01 1.290351e-09 7.609849e-07 1.542004e-04 1.039490e-02 1.819260e-01 8.075241e-01 
1.364322e+01 5.535207e-10 3.892115e-07 9.403261e-05 7.557825e-03 1.577084e-01 8.346394e-01 
1.381910e+01 2.362780e-10 1.980881e-07 5.706039e-05 5.468100e-03 1.360435e-01 8.584311e-01 
1.399497e+01 1.004320e-10 1.003901e-07 3.447867e-05 3.939451e-03 1.168586e-01 8.791674e-01 
1.417085e+01 4.253455e-11 5.069252e-08 2.075808e-05 2.827846e-03 1.000147e-01 8.971366e-01 
1.434673e+01 1.795813e-11 2.551800e-08 1.245872e-05 2.023604e-03 8.533303e-02 9.126309e-01 
1.452261e+01 7.561866e-12 1.281144e-08 7.457755e-06 1.444254e-03 7.261375e-02 9.259345e-01 
1.469849e+01 3.177002e-12 6.417560e-09 4.454136e-06 1.028448e-03 6.165114e-02 9.373160e-01 
1.487437e+01 1.332216e-12 3.208563e-09 2.655141e-06 7.309541e-04 5.224348e-02 9.470229e-01 
1.505025e+01 5.577347e-13 1.601574e-09 1.580183e-06 5.186727e-04 4.419966e-02 9.552801e-01 
1.522613e+01 2.331766e-13 7.983398e-10 9.391429e-07 3.675370e-04 3.734307e-02 9.622885e-01 
1.540201e+01 9.737311e-14 3.974892e-10 5.575100e-07 2.601390e-04 3.151359e-02 9.682257e-01 
1.557789e+01 4.062267e-14 1.977144e-10 3.306352e-07 1.839439e-04 2.656814e-02 9.732476e-01 
1.575377e+01 1.693324e-14 9.826371e-11 1.959239e-07 1.299593e-04 2.238033e-02 9.774895e-01 
1.592965e+01 7.053587e-15 4.880301e-11 1.160177e-07 9.175454e-05 1.883954e-02 9.810686e-01 
1.610553e+01 2.936475e-15 2.422402e-11 6.866058e-08 6.474319e-05 1.584967e-02 9.840855e-01 
1.628141e+01 1.221881e-15 1.201801e-11 4.061412e-08 4.566119e-05 1.332775e-02 9.866265e-01 
1.645729e+01 5.082204e-16 5.959901e-12 2.401415e-08 3.218998e-05 1.120247e-02 9.887653e-01 
1.663317e+01 2.113121e-16 2.954573e-12 1.419405e-08 2.268524e-05 9.412823e-03 9.905645e-01 
1.680905e+01 8.783545e-17 1.464279e-12 8.387233e-09 1.598230e-05 7.906771e-03 9.920772e-01 
1.698492e+01 3.650134e-17 7.255146e-13 4.954782e-09 1.125715e-05 6.640059e-03 9.933487e-01 
1.716080e+01 1.516556e-17 3.594009e-13 2.926449e-09 7.927356e-06 5.575134e-03 9.944169e-01 
1.733668e+01 6.299888e-18 1.780070e-13 1.728154e-09 5.581529e-06 4.680191e-03 9.953142e-01 
1.751256e+01 2.616641e-18 8.815194e-14 1.020377e-09 3.929298e-06 3.928337e-03 9.960677e-01 
1.768844e+01 1.086683e-18 4.364895e-14 6.024015e-10 2.765819e-06 3.296864e-03 9.967004e-01 
1.786432e+01 4.512495e-19 2.161083e-14 3.556043e-10 1.946652e-06 2.766616e-03 9.972314e-01 
1.804020e+01 1.873672e-19 1.069872e-14 2.098992e-10 1.369984e-06 2.321451e-03 9.976772e-01 
1.821608e+01 7.779275e-20 5.296154e-15 1.238863e-10 9.640760e-07 1.947776e-03 9.980513e-01 
1.839196e+01 3.229672e-20 2.621582e-15 7.311550e-11 6.783924e-07 1.634150e-03 9.983652e-01 
1.856784e+01 1.340775e-20 1.297610e-15 4.314929e-11 4.773409e-07 1.370955e-03 9.986286e-01 
1.874372e+01 5.565890e-21 6.422535e-16 2.546358e-11 3.358596e-07 1.150101e-03 9.988496e-01 
1.891960e+01 2.310457e-21 3.178727e-16 1.502622e-11 2.363042e-07 9.647904e-04 9.990350e-01 
1.909548e+01 9.590656e-22 1.573211e-16 8.866800e-12 1.662541e-07 8.093141e-04 9.991905e-01 
1.927136e+01 3.980960e-22 7.785920e-17 5.232067e-12 1.169666e-07 6.788759e-04 9.993210e-01 
1.944724e+01 1.652411e-22 3.853219e-17 3.087241e-12 8.228918e-08 5.694486e-04 9.994305e-01 
1.962312e+01 6.858683e-23 1.906908e-17 1.821629e-12 5.789162e-08 4.776513e-04 9.995223e-01 
1.979899e+01 2.846800e-23 9.436903e-18 1.074838e-12 4.072699e-08 4.006461e-04 9.995993e-01 
1.997487e+01 1.181593e-23 4.670074e-18 6.341921e-13 2.865124e-08 3.360513e-04 9.996639e-01 
2.015075e+01 4.904266e-24 2.311072e-18 3.741916e-13 2.015580e-08 2.818679e-04 9.997181e-01 
2.032663e+01 2.035525e-24 1.143667e-18 2.207819e-13 1.417924e-08 2.364188e-04 9.997636e-01 
2.050251e+01 8.448426e-25 5.659553e-19 1.302656e-13 9.974763e-09 1.982965e-04 9.998017e-01 
2.067839e+01 3.506489e-25 2.800672e-19 7.685873e-14 7.016969e-09 1.663204e-04 9.998337e-01 
2.085427e+01 1.455348e-25 1.385926e-19 4.534762e-14 4.936218e-09 1.394998e-04 9.998605e-01 
2.103015e+01 6.040312e-26 6.858293e-20 2.675555e-14 3.472459e-09 1.170038e-04 9.998830e-01 
2.120603e+01 2.506977e-26 3.393833e-20 1.578599e-14 2.442747e-09 9.813519e-05 9.999019e-01 
2.138191e+01 1.040495e-26 1.679436e-20 9.313829e-15 1.718377e-09 8.230917e-05 9.999177e-01 
2.155779e+01 4.318455e-27 8.310659e-21 5.495202e-15 1.208808e-09 6.903519e-05 9.999310e-01 
2.173367e+01 1.792322e-27 4.112506e-21 3.242188e-15 8.503451e-10 5.790178e-05 9.999421e-01 
2.190955e+01 7.438798e-28 2.035058e-21 1.912898e-15 5.981807e-10 4.856378e-05 9.999514e-01 
2.208543e+01 3.087372e-28 1.007039e-21 1.128613e-15 4.207934e-10 4.073169e-05 9.999593e-01 
2.226131e+01 1.281370e-28 4.983281e-22 6.658822e-16 2.960089e-10 3.416267e-05 9.999658e-01 
2.243719e+01 5.318139e-29 2.465948e-22 3.928705e-16 2.082286e-10 2.865305e-05 9.999713e-01 
2.261307e+01 2.207214e-29 1.220259e-22 2.317934e-16 1.464790e-10 2.403197e-05 9.999760e-01 
2.278894e+01 9.160704e-30 6.038375e-23 1.367579e-16 1.030410e-10 2.015615e-05 9.999798e-01 
2.296482e+01 3.802008e-30 2.988049e-23 8.068698e-17 7.248443e-11 1.690540e-05 9.999831e-01 
2.314070e+01 1.577963e-30 1.478615e-23 4.760519e-17 5.098929e-11 1.417892e-05 9.999858e-01 
2.331658e+01 6.549085e-31 7.316818e-24 2.808697e-17 3.586849e-11 1.189216e-05 9.999881e-01 
2.349246e+01 2.718092e-31 3.620673e-24 1.657126e-17 2.523173e-11 9.974203e-06 9.999900e-01 
2.366834e+01 1.128100e-31 1.791662e-24 9.777003e-18 1.774928e-11 8.365568e-06 9.999916e-01 
2.384422e+01 4.681996e-32 8.865902e-25 5.768408e-18 1.248575e-11 7.016372e-06 9.999930e-01 
2.402010e+01 1.943185e-32 4.387222e-25 3.403346e-18 8.783105e-12 5.884772e-06 9.999941e-01 
2.419598e+01 8.064870e-33 2.170982e-25 2.007965e-18 6.178479e-12 4.935675e-06 9.999951e-01 
2.437186e+01 3.347191e-33 1.074293e-25 1.184694e-18 4.346253e-12 4.139649e-06 9.999959e-01 
2.454774e+01 1.389196e-33 5.316052e-26 6.989661e-19 3.057373e-12 3.472005e-06 9.999965e-01 
2.472362e+01 5.765626e-34 2.630605e-26 4.123880e-19 2.150710e-12 2.912038e-06 9.999971e-01 
2.489950e+01 2.392927e-34 1.301733e-26 2.433077e-19 1.512917e-12 2.442383e-06 9.999976e-01 
2.507538e+01 9.931443e-35 6.441521e-27 1.435508e-19 1.064261e-12 2.048475e-06 9.999980e-01 
2.525126e+01 4.121879e-35 3.187534e-27 8.469455e-20 7.486547e-13 1.718095e-06 9.999983e-01 
2.542714e+01 1.710717e-35 1.577325e-27 4.996952e-20 5.266411e-13 1.441000e-06 9.999986e-01 
2.560302e+01 7.100042e-36 7.805260e-28 2.948187e-20 3.704657e-13 1.208594e-06 9.999988e-01 
2.577889e+01 2.946753e-36 3.862368e-28 1.739421e-20 2.606041e-13 1.013671e-06 9.999990e-01 
2.595477e+01 1.223000e-36 1.911261e-28 1.026253e-20 1.833219e-13 8.501858e-07 9.999991e-01 
2.613065e+01 5.075857e-37 9.457714e-29 6.054860e-21 1.289578e-13 7.130672e-07 9.999993e-01 
2.630653e+01 2.106649e-37 4.680071e-29 3.572348e-21 9.071532e-14 5.980631e-07 9.999994e-01 
2.648241e+01 8.743292e-38 2.315894e-29 2.107674e-21 6.381368e-14 5.016071e-07 9.999995e-01 
2.665829e+01 3.628756e-38 1.146001e-29 1.243521e-21 4.488972e-14 4.207075e-07 9.999996e-01 
2.683417e+01 1.506054e-38 5.670889e-30 7.336735e-22 3.157767e-14 3.528554e-07 9.999996e-01 
2.701005e+01 6.250623e-39 2.806192e-30 4.328651e-22 2.221330e-14 2.959466e-07 9.999997e-01 
2.718593e+01 2.594215e-39 1.388620e-30 2.553890e-22 1.562594e-14 2.482161e-07 9.999998e-01 
2.736181e+01 1.076685e-39 6.871472e-31 1.506787e-22 1.099207e-14 2.081836e-07 9.999998e-01 
2.753769e+01 4.468601e-40 3.400290e-31 8.889995e-23 7.732368e-15 1.746076e-07 9.999998e-01 
2.771357e+01 1.854617e-40 1.682605e-31 5.245069e-23 5.439333e-15 1.464467e-07 9.999999e-01 
2.788945e+01 7.697276e-41 8.326230e-32 3.094574e-23 3.826297e-15 1.228277e-07 9.999999e-01 
2.806533e+01 3.194624e-41 4.120165e-32 1.825789e-23 2.691608e-15 1.030179e-07 9.999999e-01 
2.824121e+01 1.325875e-41 2.038829e-32 1.077209e-23 1.893411e-15 8.640309e-08 9.999999e-01 
2.841709e+01 5.502820e-42 1.008897e-32 6.355501e-24 1.331920e-15 7.246793e-08 9.999999e-01 
2.859296e+01 2.283853e-42 4.992444e-33 3.749725e-24 9.369386e-16 6.078024e-08 9.999999e-01 
2.876884e+01 9.478744e-43 2.470469e-33 2.212326e-24 6.590893e-16 5.097755e-08 9.999999e-01 
2.894472e+01 3.933993e-43 1.222491e-33 1.305265e-24 4.636362e-16 4.275585e-08 1.000000e+00 
2.912060e+01 1.632737e-43 6.049393e-34 7.701022e-25 3.261448e-16 3.586015e-08 1.000000e+00 
2.929648e+01 6.776400e-44 2.993491e-34 4.543578e-25 2.294265e-16 3.007659e-08 1.000000e+00 
2.947236e+01 2.812430e-44 1.481304e-34 2.680697e-25 1.613900e-16 2.522581e-08 1.000000e+00 
2.964824e+01 1.167252e-44 7.330108e-35 1.581602e-25 1.135298e-16 2.115737e-08 1.000000e+00 
2.982412e+01 4.844481e-45 3.627242e-35 9.331403e-26 7.986249e-17 1.774509e-08 1.000000e+00 
3.000000e+01 2.010620e-45 1.794910e-35 5.505498e-26 5.617925e-17 1.488315e-08 1.000000e+00 
