#E                   4            5            6            7            8 
-5.000000e+00 9.999940e-01 5.976941e-06 1.210583e-11 9.889501e-18 1.446712e-24 
-4.824121e+00 9.999929e-01 7.126264e-06 1.720921e-11 1.676194e-17 2.923583e-24 
-4.648241e+00 9.999915e-01 8.496592e-06 2.446399e-11 2.841018e-17 5.908110e-24 
-4.472362e+00 9.999899e-01 1.013042e-05 3.477711e-11 4.815303e-17 1.193938e-23 
-4.296482e+00 9.999879e-01 1.207842e-05 4.943785e-11 8.161559e-17 2.412763e-23 
-4.120603e+00 9.999856e-01 1.440100e-05 7.027899e-11 1.383319e-16 4.875818e-23 
-3.944724e+00 9.999828e-01 1.717018e-05 9.990591e-11 2.344616e-16 9.853263e-23 
-3.768844e+00 9.999795e-01 2.047184e-05 1.420223e-10 3.973933e-16 1.991189e-22 
-3.592965e+00 9.999756e-01 2.440836e-05 2.018933e-10 6.735490e-16 4.023876e-22 
-3.417085e+00 9.999709e-01 2.910181e-05 2.870032e-10 1.141609e-15 8.131606e-22 
-3.241206e+00 9.999653e-01 3.469772e-05 4.079916e-10 1.934931e-15 1.643265e-21 
-3.065327e+00 9.999586e-01 4.136962e-05 5.799829e-10 3.279540e-15 3.320768e-21 
-2.889447e+00 9.999507e-01 4.932437e-05 8.244772e-10 5.558528e-15 6.710717e-21 
-2.713568e+00 9.999412e-01 5.880860e-05 1.172037e-09 9.421196e-15 1.356122e-20 
-2.537688e+00 9.999299e-01 7.011637e-05 1.666109e-09 1.596803e-14 2.740486e-20 
-2.361809e+00 9.999164e-01 8.359821e-05 2.368451e-09 2.706425e-14 5.538032e-20 
-2.185930e+00 9.999003e-01 9.967207e-05 3.366855e-09 4.587112e-14 1.119135e-19 
-2.010050e+00 9.998812e-01 1.188362e-04 4.786113e-09 7.774660e-14 2.261558e-19 
-1.834171e+00 9.998583e-01 1.416844e-04 6.803618e-09 1.317716e-13 4.570163e-19 
-1.658291e+00 9.998311e-01 1.689249e-04 9.671526e-09 2.233368e-13 9.235356e-19 
-1.482412e+00 9.997986e-01 2.014017e-04 1.374826e-08 3.785267e-13 1.866265e-18 
-1.306533e+00 9.997599e-01 2.401208e-04 1.954330e-08 6.415494e-13 3.771293e-18 
-1.130653e+00 9.997137e-01 2.862814e-04 2.778080e-08 1.087328e-12 7.620861e-18 
-9.547739e-01 9.996586e-01 3.413129e-04 3.949005e-08 1.842837e-12 1.539976e-17 
-7.788945e-01 9.995930e-01 4.069186e-04 5.613402e-08 3.123264e-12 3.111854e-17 
-6.030151e-01 9.995148e-01 4.851288e-04 7.979194e-08 5.293282e-12 6.288095e-17 
-4.271357e-01 9.994215e-01 5.783623e-04 1.134189e-07 8.970877e-12 1.270610e-16 
-2.512563e-01 9.993103e-01 6.895013e-04 1.612145e-07 1.520327e-11 2.567425e-16 
-7.537688e-02 9.991778e-01 8.219794e-04 2.291465e-07 2.576497e-11 5.187690e-16 
1.005025e-01 9.990198e-01 9.798864e-04 3.256953e-07 4.366278e-11 1.048188e-15 
2.763819e-01 9.988314e-01 1.168093e-03 4.629100e-07 7.399116e-11 2.117830e-15 
4.522613e-01 9.986069e-01 1.392397e-03 6.579090e-07 1.253812e-10 4.278852e-15 
6.281407e-01 9.983394e-01 1.659702e-03 9.350102e-07 2.124548e-10 8.644596e-15 
8.040201e-01 9.980204e-01 1.978221e-03 1.328754e-06 3.599798e-10 1.746384e-14 
9.798995e-01 9.976404e-01 2.357724e-03 1.888191e-06 6.099062e-10 3.527834e-14 
1.155779e+00 9.971875e-01 2.809824e-03 2.682969e-06 1.033276e-09 7.125982e-14 
1.331658e+00 9.966479e-01 3.348324e-03 3.811953e-06 1.750376e-09 1.439274e-13 
1.507538e+00 9.960050e-01 3.989613e-03 5.415445e-06 2.964842e-09 2.906679e-13 
1.683417e+00 9.952392e-01 4.753135e-03 7.692491e-06 5.021320e-09 5.869442e-13 
1.859296e+00 9.943271e-01 5.661942e-03 1.092536e-05 8.502959e-09 1.185038e-12 
2.035176e+00 9.932411e-01 6.743328e-03 1.551415e-05 1.439613e-08 2.392168e-12 
2.211055e+00 9.919484e-01 8.029567e-03 2.202568e-05 2.436860e-08 4.827917e-12 
2.386935e+00 9.904099e-01 9.558759e-03 3.126239e-05 4.123888e-08 9.741359e-12 
2.562814e+00 9.885798e-01 1.137579e-02 4.435941e-05 6.976763e-08 1.964944e-11 
2.738693e+00 9.864035e-01 1.353343e-02 6.292100e-05 1.179905e-07 3.962112e-11 
2.914573e+00 9.838171e-01 1.609353e-02 8.921178e-05 1.994607e-07 7.985835e-11 
3.090452e+00 9.807449e-01 1.912830e-02 1.264244e-04 3.370151e-07 1.608777e-10 
3.266332e+00 9.770986e-01 2.272177e-02 1.790524e-04 5.690914e-07 3.239008e-10 
3.442211e+00 9.727745e-01 2.697115e-02 2.534083e-04 9.602983e-07 6.516577e-10 
3.618090e+00 9.676518e-01 3.198820e-02 3.583394e-04 1.619062e-06 1.309967e-09 
3.793970e+00 9.615906e-01 3.790045e-02 5.062122e-04 2.726999e-06 2.630663e-09 
3.969849e+00 9.544292e-01 4.485195e-02 7.142546e-04 4.587634e-06 5.276580e-09 
4.145729e+00 9.459825e-01 5.300345e-02 1.006374e-03 7.706878e-06 1.056880e-08 
4.321608e+00 9.360400e-01 6.253150e-02 1.415590e-03 1.292529e-05 2.113347e-08 
4.497487e+00 9.243650e-01 7.362604e-02 1.987255e-03 2.163414e-05 4.217487e-08 
4.673367e+00 9.106949e-01 8.648569e-02 2.783234e-03 3.612596e-05 8.396860e-08 
4.849246e+00 8.947423e-01 1.013101e-01 3.887244e-03 6.015820e-05 1.667154e-07 
5.025126e+00 8.762001e-01 1.182882e-01 5.411455e-03 9.985056e-05 3.299248e-07 
5.201005e+00 8.547484e-01 1.375815e-01 7.504399e-03 1.650957e-04 6.504048e-07 
5.376884e+00 8.300662e-01 1.593008e-01 1.035994e-02 2.717444e-04 1.276415e-06 
5.552764e+00 8.018490e-01 1.834768e-01 1.422670e-02 4.449292e-04 2.491757e-06 
5.728643e+00 7.698312e-01 2.100233e-01 1.941663e-02 7.240092e-04 4.834398e-06 
5.904523e+00 7.338157e-01 2.386946e-01 2.631069e-02 1.169731e-03 9.312530e-06 
6.080402e+00 6.937098e-01 2.690400e-01 3.535819e-02 1.874248e-03 1.779067e-05 
6.256281e+00 6.495646e-01 3.003618e-01 4.706536e-02 2.974555e-03 3.366438e-05 
6.432161e+00 6.016155e-01 3.316843e-01 6.196764e-02 4.669486e-03 6.300879e-05 
6.608040e+00 5.503183e-01 3.617457e-01 8.057992e-02 7.239597e-03 1.164742e-04 
6.783920e+00 4.963720e-01 3.890273e-01 1.033206e-01 1.106772e-02 2.123034e-04 
6.959799e+00 4.407212e-01 4.118321e-01 1.304099e-01 1.665578e-02 3.809320e-04 
7.135678e+00 3.845290e-01 4.284191e-01 1.617494e-01 2.463091e-02 6.716552e-04 
7.311558e+00 3.291150e-01 4.371906e-01 1.968014e-01 3.573135e-02 1.161713e-03 
7.487437e+00 2.758601e-01 4.369135e-01 2.344964e-01 5.076227e-02 1.967767e-03 
7.663317e+00 2.260858e-01 4.269366e-01 2.732044e-01 7.051409e-02 3.259058e-03 
7.839196e+00 1.809266e-01 4.073576e-01 3.108018e-01 9.564345e-02 5.270538e-03 
8.015075e+00 1.412164e-01 3.790897e-01 3.448523e-01 1.265285e-01 8.313260e-03 
8.190955e+00 1.074143e-01 3.437973e-01 3.728868e-01 1.631231e-01 1.277857e-02 
8.366834e+00 7.958324e-02 3.037005e-01 3.927385e-01 2.048451e-01 1.913267e-02 
8.542714e+00 5.742565e-02 2.612842e-01 4.028605e-01 2.505303e-01 2.789932e-02 
8.718593e+00 4.036509e-02 2.189761e-01 4.025517e-01 2.984768e-01 3.963032e-02 
8.894472e+00 2.765329e-02 1.788632e-01 3.920391e-01 3.465786e-01 5.486585e-02 
9.070352e+00 1.847839e-02 1.425023e-01 3.724034e-01 3.925270e-01 7.408894e-02 
9.246231e+00 1.205528e-02 1.108456e-01 3.453772e-01 4.340432e-01 9.767878e-02 
9.422111e+00 7.687057e-03 8.427227e-02 3.130714e-01 4.691008e-01 1.258685e-01 
9.597990e+00 4.796414e-03 6.269382e-02 2.776942e-01 4.961044e-01 1.587111e-01 
9.773869e+00 2.931978e-03 4.569326e-02 2.413114e-01 5.140051e-01 1.960582e-01 
9.949749e+00 1.757933e-03 3.266459e-02 2.056772e-01 5.223473e-01 2.375530e-01 
1.012563e+01 1.035000e-03 2.292972e-02 1.721438e-01 5.212522e-01 2.826393e-01 
1.030151e+01 5.990479e-04 1.582353e-02 1.416379e-01 5.113513e-01 3.305882e-01 
1.047739e+01 3.412244e-04 1.074646e-02 1.146898e-01 4.936831e-01 3.805395e-01 
1.065327e+01 1.914881e-04 7.190357e-03 9.149416e-02 4.695699e-01 4.315541e-01 
1.082915e+01 1.059807e-04 4.744811e-03 7.198554e-02 4.404896e-01 4.826741e-01 
1.100503e+01 5.790968e-05 3.091198e-03 5.591606e-02 4.079532e-01 5.329816e-01 
1.118090e+01 3.127283e-05 1.990335e-03 4.292591e-02 3.734021e-01 5.816504e-01 
1.135678e+01 1.670787e-05 1.267838e-03 3.260171e-02 3.381280e-01 6.279858e-01 
1.153266e+01 8.839959e-06 7.997905e-04 2.452090e-02 3.032219e-01 6.714486e-01 
1.170854e+01 4.636371e-06 5.001355e-04 1.828232e-02 2.695497e-01 7.116632e-01 
1.188442e+01 2.412740e-06 3.103155e-04 1.352479e-02 2.377506e-01 7.484119e-01 
1.206030e+01 1.246897e-06 1.912084e-04 9.936136e-03 2.082534e-01 7.816180e-01 
1.223618e+01 6.404659e-07 1.170997e-04 7.255206e-03 1.813042e-01 8.113229e-01 
1.241206e+01 3.272171e-07 7.133116e-05 5.269346e-03 1.569994e-01 8.376596e-01 
1.258794e+01 1.663989e-07 4.324912e-05 3.809238e-03 1.353203e-01 8.608270e-01 
1.276382e+01 8.427714e-08 2.611680e-05 2.742611e-03 1.161643e-01 8.810669e-01 
1.293970e+01 4.253580e-08 1.571622e-05 1.967777e-03 9.937284e-02 8.986436e-01 
1.311558e+01 2.140415e-08 9.429205e-06 1.407623e-03 8.475426e-02 9.138287e-01 
1.329146e+01 1.074304e-08 5.642710e-06 1.004344e-03 7.210096e-02 9.268890e-01 
1.346734e+01 5.380283e-09 3.369373e-06 7.150348e-04 6.120252e-02 9.380791e-01 
1.364322e+01 2.689509e-09 2.008170e-06 5.081150e-04 5.185464e-02 9.476352e-01 
1.381910e+01 1.342310e-09 1.194989e-06 3.605029e-04 4.386497e-02 9.557733e-01 
1.399497e+01 6.690360e-10 7.101397e-07 2.554302e-04 3.705653e-02 9.626873e-01 
1.417085e+01 3.330828e-10 4.215315e-07 1.807765e-04 3.126928e-02 9.685495e-01 
1.434673e+01 1.656676e-10 2.499763e-07 1.278187e-04 2.636050e-02 9.735114e-01 
1.452261e+01 8.233240e-11 1.481206e-07 9.030135e-05 2.220430e-02 9.777052e-01 
1.469849e+01 4.088902e-11 8.770711e-08 6.375248e-05 1.869061e-02 9.812456e-01 
1.487437e+01 2.029515e-11 5.190436e-08 4.498312e-05 1.572387e-02 9.842311e-01 
1.505025e+01 1.006855e-11 3.070167e-08 3.172424e-05 1.322161e-02 9.867466e-01 
1.522613e+01 4.993033e-12 1.815277e-08 2.236431e-05 1.111302e-02 9.888646e-01 
1.540201e+01 2.475213e-12 1.072938e-08 1.576052e-05 9.337502e-03 9.906467e-01 
1.557789e+01 1.226691e-12 6.339875e-09 1.110351e-05 7.843390e-03 9.921455e-01 
1.575377e+01 6.077888e-13 3.745256e-09 7.820680e-06 6.586755e-03 9.934054e-01 
1.592965e+01 3.010797e-13 2.212044e-09 5.507319e-06 5.530325e-03 9.944642e-01 
1.610553e+01 1.491200e-13 1.306266e-09 3.877587e-06 4.642538e-03 9.953536e-01 
1.628141e+01 7.384616e-14 7.712712e-10 2.729735e-06 3.896708e-03 9.961006e-01 
1.645729e+01 3.656516e-14 4.553341e-10 1.921440e-06 3.270301e-03 9.967278e-01 
1.663317e+01 1.810352e-14 2.687875e-10 1.352351e-06 2.744313e-03 9.972543e-01 
1.680905e+01 8.962346e-15 1.586541e-10 9.517326e-07 2.302728e-03 9.976963e-01 
1.698492e+01 4.436590e-15 9.364020e-11 6.697450e-07 1.932060e-03 9.980673e-01 
1.716080e+01 2.196094e-15 5.526465e-11 4.712789e-07 1.620961e-03 9.983786e-01 
1.733668e+01 1.087003e-15 3.261450e-11 3.316078e-07 1.359887e-03 9.986398e-01 
1.751256e+01 5.380124e-16 1.924667e-11 2.333206e-07 1.140813e-03 9.988590e-01 
1.768844e+01 2.662799e-16 1.135756e-11 1.641595e-07 9.569982e-04 9.990428e-01 
1.786432e+01 1.317867e-16 6.701961e-12 1.154958e-07 8.027767e-04 9.991971e-01 
1.804020e+01 6.522200e-17 3.954648e-12 8.125604e-08 6.733914e-04 9.993265e-01 
1.821608e+01 3.227806e-17 2.333483e-12 5.716575e-08 5.648476e-04 9.994351e-01 
1.839196e+01 1.597398e-17 1.376873e-12 4.021690e-08 4.737916e-04 9.995262e-01 
1.856784e+01 7.905196e-18 8.124126e-13 2.829273e-08 3.974085e-04 9.996026e-01 
1.874372e+01 3.912070e-18 4.793516e-13 1.990379e-08 3.333355e-04 9.996666e-01 
1.891960e+01 1.935959e-18 2.828311e-13 1.400207e-08 2.795899e-04 9.997204e-01 
1.909548e+01 9.580363e-19 1.668770e-13 9.850198e-09 2.345079e-04 9.997655e-01 
1.927136e+01 4.740942e-19 9.846060e-14 6.929382e-09 1.966937e-04 9.998033e-01 
1.944724e+01 2.346089e-19 5.809328e-14 4.874627e-09 1.649760e-04 9.998350e-01 
1.962312e+01 1.160974e-19 3.427576e-14 3.429146e-09 1.383722e-04 9.998616e-01 
1.979899e+01 5.745108e-20 2.022304e-14 2.412286e-09 1.160580e-04 9.998839e-01 
1.997487e+01 2.842972e-20 1.193175e-14 1.696954e-09 9.734191e-05 9.999027e-01 
2.015075e+01 1.406843e-20 7.039806e-15 1.193741e-09 8.164381e-05 9.999184e-01 
2.032663e+01 6.961735e-21 4.153517e-15 8.397476e-10 6.847712e-05 9.999315e-01 
2.050251e+01 3.444994e-21 2.450589e-15 5.907268e-10 5.743371e-05 9.999426e-01 
2.067839e+01 1.704742e-21 1.445853e-15 4.155505e-10 4.817120e-05 9.999518e-01 
2.085427e+01 8.435838e-22 8.530552e-16 2.923211e-10 4.040242e-05 9.999596e-01 
2.103015e+01 4.174431e-22 5.033031e-16 2.056346e-10 3.388650e-05 9.999661e-01 
2.120603e+01 2.065693e-22 2.969489e-16 1.446544e-10 2.842141e-05 9.999716e-01 
2.138191e+01 1.022196e-22 1.751997e-16 1.017576e-10 2.383769e-05 9.999762e-01 
2.155779e+01 5.058268e-23 1.033676e-16 7.158161e-11 1.999320e-05 9.999800e-01 
2.173367e+01 2.503050e-23 6.098677e-17 5.035423e-11 1.676874e-05 9.999832e-01 
2.190955e+01 1.238616e-23 3.598210e-17 3.542177e-11 1.406430e-05 9.999859e-01 
2.208543e+01 6.129203e-24 2.122937e-17 2.491749e-11 1.179602e-05 9.999882e-01 
2.226131e+01 3.032990e-24 1.252528e-17 1.752824e-11 9.893569e-06 9.999901e-01 
2.243719e+01 1.500852e-24 7.389889e-18 1.233025e-11 8.297939e-06 9.999917e-01 
2.261307e+01 7.426851e-25 4.360016e-18 8.673727e-12 6.959649e-06 9.999930e-01 
2.278894e+01 3.675119e-25 2.572399e-18 6.101538e-12 5.837198e-06 9.999942e-01 
2.296482e+01 1.818603e-25 1.517708e-18 4.292130e-12 4.895774e-06 9.999951e-01 
2.314070e+01 8.999213e-26 8.954437e-19 3.019300e-12 4.106182e-06 9.999959e-01 
2.331658e+01 4.453188e-26 5.283093e-19 2.123927e-12 3.443936e-06 9.999966e-01 
2.349246e+01 2.203624e-26 3.117009e-19 1.494077e-12 2.888497e-06 9.999971e-01 
2.366834e+01 1.090445e-26 1.839026e-19 1.051009e-12 2.422639e-06 9.999976e-01 
2.384422e+01 5.395978e-27 1.085020e-19 7.393321e-13 2.031914e-06 9.999980e-01 
2.402010e+01 2.670155e-27 6.401586e-20 5.200832e-13 1.704206e-06 9.999983e-01 
2.419598e+01 1.321304e-27 3.776916e-20 3.658525e-13 1.429350e-06 9.999986e-01 
2.437186e+01 6.538365e-28 2.228369e-20 2.573589e-13 1.198824e-06 9.999988e-01 
2.454774e+01 3.235455e-28 1.314731e-20 1.810391e-13 1.005477e-06 9.999990e-01 
2.472362e+01 1.601038e-28 7.756870e-21 1.273519e-13 8.433126e-07 9.999992e-01 
2.489950e+01 7.922604e-29 4.576529e-21 8.958570e-14 7.073025e-07 9.999993e-01 
2.507538e+01 3.920434e-29 2.700138e-21 6.301905e-14 5.932282e-07 9.999994e-01 
2.525126e+01 1.939994e-29 1.593073e-21 4.433074e-14 4.975519e-07 9.999995e-01 
2.542714e+01 9.599898e-30 9.399079e-22 3.118445e-14 4.173063e-07 9.999996e-01 
2.560302e+01 4.750429e-30 5.545427e-22 2.193670e-14 3.500028e-07 9.999996e-01 
2.577889e+01 2.350710e-30 3.271784e-22 1.543137e-14 2.935541e-07 9.999997e-01 
2.595477e+01 1.163229e-30 1.930342e-22 1.085519e-14 2.462094e-07 9.999998e-01 
2.613065e+01 5.756142e-31 1.138896e-22 7.636082e-15 2.065006e-07 9.999998e-01 
2.630653e+01 2.848379e-31 6.719448e-23 5.371601e-15 1.731960e-07 9.999998e-01 
2.648241e+01 1.409496e-31 3.964453e-23 3.778651e-15 1.452628e-07 9.999999e-01 
2.665829e+01 6.974774e-32 2.339015e-23 2.658091e-15 1.218347e-07 9.999999e-01 
2.683417e+01 3.451408e-32 1.380011e-23 1.869834e-15 1.021851e-07 9.999999e-01 
2.701005e+01 1.707900e-32 8.142022e-24 1.315334e-15 8.570458e-08 9.999999e-01 
2.718593e+01 8.451401e-33 4.803767e-24 9.252716e-16 7.188207e-08 9.999999e-01 
2.736181e+01 4.182105e-33 2.834207e-24 6.508821e-16 6.028887e-08 9.999999e-01 
2.753769e+01 2.069479e-33 1.672173e-24 4.578629e-16 5.056543e-08 9.999999e-01 
2.771357e+01 1.024065e-33 9.865767e-25 3.220835e-16 4.241019e-08 1.000000e+00 
2.788945e+01 5.067497e-34 5.820771e-25 2.265696e-16 3.557024e-08 1.000000e+00 
2.806533e+01 2.507608e-34 3.434236e-25 1.593803e-16 2.983344e-08 1.000000e+00 
2.824121e+01 1.240869e-34 2.026188e-25 1.121161e-16 2.502188e-08 1.000000e+00 
2.841709e+01 6.140335e-35 1.195445e-25 7.886802e-17 2.098633e-08 1.000000e+00 
2.859296e+01 3.038493e-35 7.053084e-26 5.547969e-17 1.760164e-08 1.000000e+00 
2.876884e+01 1.503573e-35 4.161297e-26 3.902718e-17 1.476283e-08 1.000000e+00 
2.894472e+01 7.440304e-36 2.455152e-26 2.745366e-17 1.238187e-08 1.000000e+00 
2.912060e+01 3.681772e-36 1.448532e-26 1.931227e-17 1.038491e-08 1.000000e+00 
2.929648e+01 1.821894e-36 8.546291e-27 1.358521e-17 8.710021e-09 1.000000e+00 
2.947236e+01 9.015489e-37 5.042284e-27 9.556514e-18 7.305261e-09 1.000000e+00 
2.964824e+01 4.461239e-37 2.974931e-27 6.722528e-18 6.127063e-09 1.000000e+00 
2.982412e+01 2.207606e-37 1.755200e-27 4.728961e-18 5.138885e-09 1.000000e+00 
3.000000e+01 1.092415e-37 1.035562e-27 3.326586e-18 4.310081e-09 1.000000e+00 
